  run  | subrun |         time          | step1_voltage | step2_voltage | total_current | pos_2step_current | pos_1step_current | neg_2step_current | neg_1step_current 
-------+--------+-----------------------+---------------+---------------+---------------+-------------------+-------------------+-------------------+-------------------
 16382 |      0 | 2018-05-05 11:26:15   |       14.5058 |       20.4033 |        2.1724 |            0.4207 |            0.6357 |            0.5785 |            0.5376
 16382 |      1 | 2018-05-05 11:26:40   |       14.5046 |       20.4039 |         6.156 |            0.9875 |            2.0042 |            1.5758 |            1.5885
 16382 |      2 | 2018-05-05 11:26:47.5 |        14.513 |       20.4056 |        7.7892 |            1.2125 |            2.5732 |            1.9851 |            2.0184
 16382 |      3 | 2018-05-05 11:27:02.5 |       14.5091 |       20.4039 |        7.2686 |            1.1412 |             2.399 |             1.866 |            1.8623
 16382 |      4 | 2018-05-05 11:27:15   |       14.5096 |       20.4037 |        8.9739 |            1.3843 |            2.9889 |            2.2946 |            2.3061
 16382 |      5 | 2018-05-05 11:27:22.5 |       14.5062 |       20.4037 |         9.816 |            1.5027 |            3.2824 |            2.5091 |            2.5219
 16382 |      6 | 2018-05-05 11:27:30   |       14.5027 |       20.4034 |       10.3066 |            1.5713 |            3.4546 |            2.6343 |            2.6464
 16382 |      7 | 2018-05-05 11:27:37.5 |       14.5039 |       20.3984 |       11.2238 |            1.6955 |             3.777 |            2.8622 |            2.8891
 16382 |      8 | 2018-05-05 11:27:47.5 |       14.5072 |       20.4031 |       11.6385 |            1.7585 |              3.92 |            2.9754 |            2.9846
 16382 |      9 | 2018-05-05 11:28:00   |        14.505 |       20.4038 |        9.3132 |            1.4269 |            3.1234 |            2.3948 |            2.3681
 16382 |     10 | 2018-05-05 11:28:12.5 |       14.5054 |       20.4035 |        9.7704 |            1.4933 |            3.2786 |            2.5073 |             2.491
 16382 |     11 | 2018-05-05 11:28:22.5 |       14.4888 |       20.4059 |       10.6883 |            1.6189 |            3.5989 |            2.7319 |            2.7385
 16382 |     12 | 2018-05-05 11:28:30   |       14.5048 |       20.4038 |        8.7097 |            1.3412 |             2.916 |            2.2434 |            2.2091
(13 rows)

  run  | subrun |         time          | step1_voltage | step2_voltage | total_current | pos_2step_current | pos_1step_current | neg_2step_current | neg_1step_current 
-------+--------+-----------------------+---------------+---------------+---------------+-------------------+-------------------+-------------------+-------------------
 16382 |      0 | 2018-05-05 11:26:15   |       14.5058 |       20.4033 |        2.1724 |            0.4207 |            0.6357 |            0.5785 |            0.5376
 16382 |      1 | 2018-05-05 11:26:40   |       14.5046 |       20.4039 |         6.156 |            0.9875 |            2.0042 |            1.5758 |            1.5885
 16382 |      2 | 2018-05-05 11:26:47.5 |        14.513 |       20.4056 |        7.7892 |            1.2125 |            2.5732 |            1.9851 |            2.0184
 16382 |      3 | 2018-05-05 11:27:02.5 |       14.5091 |       20.4039 |        7.2686 |            1.1412 |             2.399 |             1.866 |            1.8623
 16382 |      4 | 2018-05-05 11:27:15   |       14.5096 |       20.4037 |        8.9739 |            1.3843 |            2.9889 |            2.2946 |            2.3061
 16382 |      5 | 2018-05-05 11:27:22.5 |       14.5062 |       20.4037 |         9.816 |            1.5027 |            3.2824 |            2.5091 |            2.5219
 16382 |      6 | 2018-05-05 11:27:30   |       14.5027 |       20.4034 |       10.3066 |            1.5713 |            3.4546 |            2.6343 |            2.6464
 16382 |      7 | 2018-05-05 11:27:37.5 |       14.5039 |       20.3984 |       11.2238 |            1.6955 |             3.777 |            2.8622 |            2.8891
 16382 |      8 | 2018-05-05 11:27:47.5 |       14.5072 |       20.4031 |       11.6385 |            1.7585 |              3.92 |            2.9754 |            2.9846
 16382 |      9 | 2018-05-05 11:28:00   |        14.505 |       20.4038 |        9.3132 |            1.4269 |            3.1234 |            2.3948 |            2.3681
 16382 |     10 | 2018-05-05 11:28:12.5 |       14.5054 |       20.4035 |        9.7704 |            1.4933 |            3.2786 |            2.5073 |             2.491
 16382 |     11 | 2018-05-05 11:28:22.5 |       14.4888 |       20.4059 |       10.6883 |            1.6189 |            3.5989 |            2.7319 |            2.7385
 16382 |     12 | 2018-05-05 11:28:30   |       14.5048 |       20.4038 |        8.7097 |            1.3412 |             2.916 |            2.2434 |            2.2091
(13 rows)

