  run  | subrun |            time            | step1_voltage | step2_voltage | total_current | pos_2step_current | pos_1step_current | neg_2step_current | neg_1step_current 
-------+--------+----------------------------+---------------+---------------+---------------+-------------------+-------------------+-------------------+-------------------
 17216 |      0 | 2018-06-15 04:50:36.5      |       13.1053 |       18.3068 |        3.6719 |             0.623 |            1.1777 |            0.9708 |            0.9004
 17216 |      1 | 2018-06-15 04:51:01.5      |       13.1073 |       18.3064 |         5.681 |            0.9121 |            1.8569 |            1.4654 |            1.4466
 17216 |      2 | 2018-06-15 04:51:16.5      |       13.1072 |       18.3073 |        6.1577 |            0.9791 |            2.0245 |            1.5876 |            1.5664
 17216 |      3 | 2018-06-15 04:51:31.5      |        13.108 |       18.3065 |        7.6896 |            1.1971 |            2.5529 |            1.9728 |            1.9668
 17216 |      4 | 2018-06-15 04:51:41.5      |       13.1065 |       18.3057 |        8.8067 |            1.3554 |            2.9406 |            2.2549 |            2.2558
 17216 |      5 | 2018-06-15 04:51:51.5      |        13.104 |       18.3043 |        9.5975 |            1.4625 |            3.2198 |            2.4516 |            2.4636
 17216 |      6 | 2018-06-15 04:52:01.5      |       13.1097 |       18.3069 |       10.1547 |            1.5449 |             3.411 |            2.5997 |            2.5991
 17216 |      7 | 2018-06-15 04:52:14        |       13.1073 |       18.3059 |        8.8002 |            1.3514 |            2.9502 |            2.2626 |            2.2359
 17216 |      8 | 2018-06-15 04:52:26.5      |       13.1055 |       18.3066 |        8.4584 |             1.303 |            2.8315 |            2.1761 |            2.1479
 17216 |      9 | 2018-06-15 04:52:36.5      |       13.1082 |       18.3075 |        9.4667 |            1.4466 |            3.1773 |            2.4291 |            2.4138
 17216 |     10 | 2018-06-15 04:52:46.5      |       13.1122 |       18.3101 |       10.0155 |              1.52 |            3.3711 |            2.5623 |            2.5621
 17216 |     11 | 2018-06-15 04:52:56.5      |       13.1061 |        18.307 |       10.3236 |            1.5675 |            3.4754 |            2.6458 |            2.6349
 17216 |     12 | 2018-06-15 04:53:11.5      |       13.1094 |         18.31 |        9.5503 |            1.4545 |            3.2128 |            2.4526 |            2.4304
 17216 |     13 | 2018-06-15 04:53:26.5      |       13.1138 |       18.3107 |        8.6894 |              1.33 |            2.9166 |            2.2328 |              2.21
 17216 |     14 | 2018-06-15 04:53:36.5      |       13.1094 |       18.3078 |        9.5881 |            1.4626 |            3.2208 |            2.4627 |            2.4421
 17216 |     15 | 2018-06-15 04:53:44        |       13.1059 |       18.3062 |        9.8962 |            1.5067 |            3.3279 |            2.5385 |            2.5231
 17216 |     16 | 2018-06-15 04:53:51.5      |       13.1094 |       18.3082 |       10.3536 |            1.5705 |            3.4857 |            2.6555 |            2.6418
 17216 |     17 | 2018-06-15 04:54:01.5      |       13.1063 |       18.3071 |       10.6723 |            1.6168 |            3.5972 |            2.7344 |             2.724
 17216 |     18 | 2018-06-15 04:54:16.5      |       13.1082 |        18.306 |        9.0159 |            1.3807 |            3.0289 |            2.3211 |            2.2854
 17216 |     19 | 2018-06-15 04:54:31.5      |       13.1055 |       18.3068 |        9.0938 |            1.3927 |            3.0525 |             2.338 |            2.3107
 17216 |     20 | 2018-06-15 04:54:41.5      |       13.1044 |        18.301 |        9.8807 |            1.5007 |            3.3262 |            2.5303 |            2.5235
 17216 |     21 | 2018-06-15 04:54:51.5      |       13.0854 |       18.2989 |       10.3144 |            1.5627 |            3.4756 |            2.6401 |             2.636
 17216 |     22 | 2018-06-15 04:55:01.5      |        13.112 |       18.3087 |       10.6863 |             1.614 |             3.605 |            2.7351 |            2.7321
 17216 |     23 | 2018-06-15 04:55:14        |       13.1095 |       18.3087 |        9.1105 |            1.3907 |            3.0644 |            2.3426 |            2.3127
 17216 |     24 | 2018-06-15 04:55:26.5      |       13.1108 |       18.3081 |        8.6743 |            1.3321 |            2.9085 |            2.2354 |            2.1982
 17216 |     25 | 2018-06-15 04:55:36.5      |       13.1082 |        18.307 |        9.5219 |            1.4532 |             3.199 |            2.4457 |             2.424
 17216 |     26 | 2018-06-15 04:55:46.5      |       13.0873 |       18.3015 |       10.0007 |            1.5179 |            3.3674 |            2.5604 |            2.5549
 17216 |     27 | 2018-06-15 04:55:56.5      |        13.109 |       18.3072 |       10.3902 |            1.5765 |            3.4994 |            2.6646 |            2.6496
 17216 |     28 | 2018-06-15 04:56:04        |       13.1119 |       18.2888 |       10.5619 |            1.6006 |            3.5587 |            2.7093 |            2.6933
 17216 |     29 | 2018-06-15 04:56:16.5      |        13.107 |       18.3071 |        9.0289 |            1.3826 |             3.033 |             2.324 |            2.2893
 17216 |     30 | 2018-06-15 04:56:31.5      |       13.1081 |       18.3063 |        9.2216 |            1.4109 |            3.0961 |            2.3697 |            2.3449
 17216 |     31 | 2018-06-15 04:56:41.5      |        13.105 |       18.3066 |        9.7929 |            1.4921 |            3.2929 |            2.5127 |            2.4954
 17216 |     32 | 2018-06-15 04:56:51.5      |         13.11 |       18.3076 |       10.3611 |            1.5722 |            3.4886 |            2.6574 |             2.643
 17216 |     33 | 2018-06-15 04:57:01.5      |       13.1092 |       18.3074 |       10.7162 |            1.6225 |            3.6119 |             2.747 |            2.7348
 17216 |     34 | 2018-06-15 04:57:16.5      |       13.1053 |       18.3068 |        8.9778 |            1.3751 |            3.0161 |            2.3113 |            2.2753
 17216 |     35 | 2018-06-15 04:57:31.5      |       13.1116 |       18.3099 |         9.275 |            1.4139 |            3.1177 |            2.3821 |            2.3613
 17216 |     36 | 2018-06-15 04:57:39        |       13.1118 |         18.31 |        9.8061 |            1.4883 |            3.2994 |            2.5177 |            2.5007
 17216 |     37 | 2018-06-15 04:57:46.5      |       13.1102 |        18.299 |       10.1722 |            1.5455 |            3.4236 |            2.6091 |            2.5939
 17216 |     38 | 2018-06-15 04:57:56.5      |         13.11 |         18.31 |       10.5774 |            1.5983 |            3.5675 |            2.7069 |            2.7047
 17216 |     39 | 2018-06-15 04:58:11.5      |       13.1078 |       18.3064 |        9.5419 |            1.4554 |              3.21 |            2.4527 |            2.4238
 17216 |     40 | 2018-06-15 04:58:26.5      |        13.109 |       18.3073 |        8.8297 |            1.3548 |            2.9619 |            2.2731 |            2.2399
 17216 |     41 | 2018-06-15 04:58:36.5      |       13.1094 |       18.3076 |        9.6585 |            1.4724 |            3.2461 |            2.4804 |            2.4596
 17216 |     42 | 2018-06-15 04:58:46.5      |       13.0602 |        18.301 |       10.1064 |            1.5332 |            3.4039 |            2.5865 |            2.5829
 17216 |     43 | 2018-06-15 04:58:54        |       13.0827 |       18.3113 |       10.6532 |            1.6103 |            3.5926 |            2.7281 |            2.7222
 17216 |     44 | 2018-06-15 04:59:10        |       13.1057 |       18.3068 |        7.0998 |            1.1094 |            2.3678 |            1.8388 |            1.7838
 17216 |     45 | 2018-06-15 04:59:30        |       13.1055 |       18.3065 |        3.5731 |            0.6085 |            1.1461 |            0.9477 |            0.8708
 17216 |     46 | 2018-06-15 04:59:45        |       13.1055 |       18.3067 |        2.2343 |            0.4197 |            0.6763 |            0.6054 |            0.5329
 17216 |     47 | 2018-06-15 04:59:59.666667 |       13.1055 |       18.3067 |        1.6094 |            0.3321 |            0.4554 |            0.4439 |            0.3781
 17216 |     48 | 2018-06-15 05:00:20        |       13.1053 |       18.3065 |        1.1309 |             0.266 |            0.2847 |            0.3184 |            0.2618
 17216 |     49 | 2018-06-15 05:00:40        |       13.1055 |       18.3065 |        0.8987 |            0.2337 |             0.201 |            0.2573 |            0.2067
 17216 |     50 | 2018-06-15 05:00:55        |        12.963 |       17.9897 |        0.6542 |            0.1748 |            0.1367 |            0.1911 |            0.1516
 17216 |     51 | 2018-06-15 05:01:15        |        12.516 |        16.636 |        0.1341 |            0.0549 |           -0.0029 |            0.0662 |            0.0159
 17216 |     52 | 2018-06-15 05:01:32.5      |       12.0986 |       15.4964 |       -0.1144 |           -0.0016 |           -0.0714 |            0.0076 |            -0.049
 17216 |     53 | 2018-06-15 05:01:47.5      |       11.6982 |       14.7153 |       -0.1434 |            -0.026 |           -0.0639 |           -0.0181 |           -0.0355
 17216 |     54 | 2018-06-15 05:01:59.666667 |       11.4183 |       14.4552 |        -0.063 |           -0.0354 |            -0.015 |           -0.0285 |            0.0159
 17216 |     55 | 2018-06-15 05:02:20        |       10.9813 |       14.3701 |         0.166 |            0.0293 |             0.037 |            0.0307 |             0.069
 17216 |     56 | 2018-06-15 05:02:40        |       11.0063 |       14.5106 |        0.4057 |            0.1253 |            0.0711 |            0.1059 |            0.1034
 17216 |     57 | 2018-06-15 05:02:54.666667 |       11.0063 |       14.5105 |        0.4483 |            0.1423 |            0.0725 |            0.1293 |            0.1043
 17216 |     58 | 2018-06-15 05:03:16.6      |        11.206 |       14.6685 |        0.5893 |            0.1886 |             0.095 |             0.182 |            0.1238
 17216 |     59 | 2018-06-15 05:03:35.5      |       11.2033 |       14.7079 |        0.5911 |            0.1824 |            0.1012 |             0.179 |            0.1285
 17216 |     60 | 2018-06-15 05:03:48        |       11.2032 |       14.7078 |        0.7146 |            0.1981 |            0.1447 |            0.2112 |            0.1606
 17216 |     61 | 2018-06-15 05:04:10        |       12.0052 |       15.3099 |         1.113 |            0.3442 |            0.1991 |            0.3611 |            0.2085
 17216 |     62 | 2018-06-15 05:04:31.5      |       12.2059 |       15.7106 |        0.9601 |            0.2838 |            0.1837 |            0.2908 |            0.2019
 17216 |     63 | 2018-06-15 05:04:40        |       12.2057 |       15.7111 |        1.0365 |            0.2772 |            0.2254 |            0.3044 |            0.2295
 17216 |     64 | 2018-06-15 05:04:56.666667 |       12.2058 |       15.7108 |        1.1364 |            0.2786 |            0.2716 |            0.3253 |            0.2609
 17216 |     65 | 2018-06-15 05:05:16.6      |       12.2085 |       15.7109 |        3.0122 |            0.5388 |            0.9243 |            0.7922 |            0.7568
 17216 |     66 | 2018-06-15 05:05:35        |       12.4105 |       15.8751 |        6.9211 |            1.1173 |            2.2548 |             1.789 |              1.76
 17216 |     67 | 2018-06-15 05:05:50        |       12.4085 |       15.9086 |        8.2146 |            1.2851 |            2.7212 |            2.1114 |            2.0968
 17216 |     68 | 2018-06-15 05:06:10        |       12.4881 |       16.0092 |        9.2565 |            1.4356 |            3.0838 |            2.3824 |            2.3546
 17216 |     69 | 2018-06-15 05:06:30        |       12.6069 |       16.1099 |        9.7876 |            1.5066 |            3.2756 |            2.5194 |             2.486
 17216 |     70 | 2018-06-15 05:06:45        |        12.673 |       16.2093 |       10.0323 |            1.5471 |             3.356 |            2.5879 |            2.5413
 17216 |     71 | 2018-06-15 05:07:00        |       12.8056 |       16.3061 |       10.2498 |             1.575 |            3.4356 |             2.638 |            2.6012
 17216 |     72 | 2018-06-15 05:07:17.5      |       12.8591 |       16.3862 |        10.293 |            1.5815 |            3.4514 |            2.6526 |            2.6075
 17216 |     73 | 2018-06-15 05:07:35        |       13.0109 |       16.5101 |       10.4798 |            1.6109 |            3.5133 |             2.703 |            2.6527
 17216 |     74 | 2018-06-15 05:07:50        |       13.0105 |       16.5425 |       10.4993 |            1.6097 |            3.5236 |            2.7091 |             2.657
 17216 |     75 | 2018-06-15 05:08:10        |       13.0074 |       16.7102 |       10.5269 |             1.608 |            3.5398 |             2.708 |             2.671
 17216 |     76 | 2018-06-15 05:08:30        |       13.0091 |       16.8427 |       10.6752 |            1.6276 |            3.5922 |            2.7443 |            2.7111
 17216 |     77 | 2018-06-15 05:08:42.5      |        13.002 |       16.9071 |       10.7348 |            1.6246 |            3.6213 |            2.7505 |            2.7384
 17216 |     78 | 2018-06-15 05:08:56        |        13.003 |       16.9106 |       10.7406 |            1.6292 |            3.6216 |            2.7594 |            2.7305
 17216 |     79 | 2018-06-15 05:09:16        |       13.0111 |       17.1087 |        10.843 |            1.6476 |            3.6542 |            2.7826 |            2.7586
 17216 |     80 | 2018-06-15 05:09:36.333333 |       13.0142 |       17.2105 |       10.9969 |            1.6713 |            3.7042 |            2.8252 |            2.7962
 17216 |     81 | 2018-06-15 05:09:51        |       13.0091 |       17.3079 |       10.9731 |             1.666 |            3.6988 |            2.8178 |            2.7905
 17216 |     82 | 2018-06-15 05:10:11        |       13.0105 |        17.388 |       11.0705 |            1.6785 |            3.7333 |            2.8426 |            2.8161
 17216 |     83 | 2018-06-15 05:10:31        |       13.0105 |        17.507 |       11.0943 |            1.6814 |            3.7424 |            2.8481 |            2.8225
 17216 |     84 | 2018-06-15 05:10:46        |       12.9961 |       17.6343 |       11.1495 |            1.6913 |            3.7596 |            2.8606 |             2.838
 17216 |     85 | 2018-06-15 05:11:01        |       12.9982 |       17.7051 |       11.1534 |            1.6883 |            3.7643 |             2.859 |            2.8418
 17216 |     86 | 2018-06-15 05:11:21        |       13.0096 |       17.8262 |       11.2758 |             1.709 |            3.8038 |             2.893 |            2.8699
 17216 |     87 | 2018-06-15 05:11:41        |       13.0107 |       17.9054 |       11.3775 |            1.7176 |            3.8443 |            2.9153 |            2.9004
 17216 |     88 | 2018-06-15 05:11:56        |       13.0085 |       18.0736 |       11.4074 |            1.7328 |            3.8442 |            2.9302 |            2.9001
 17216 |     89 | 2018-06-15 05:12:14.5      |       13.0082 |       18.1071 |       10.3108 |            1.5686 |            3.4752 |            2.6514 |            2.6156
 17216 |     90 | 2018-06-15 05:12:31        |       13.0137 |       18.3072 |        9.6445 |            1.4791 |            3.2368 |            2.4832 |            2.4454
 17216 |     91 | 2018-06-15 05:12:43.5      |       13.0102 |       18.3075 |       10.2209 |            1.5576 |            3.4379 |            2.6242 |            2.6012
 17216 |     92 | 2018-06-15 05:12:56        |       13.0438 |       18.3076 |       10.7108 |            1.6277 |            3.6063 |            2.7489 |            2.7278
 17216 |     93 | 2018-06-15 05:13:13.5      |       13.1075 |       18.3064 |        9.5557 |            1.4641 |              3.21 |            2.4614 |            2.4203
 17216 |     94 | 2018-06-15 05:13:31        |       13.1003 |       18.3054 |        8.9269 |            1.3687 |            2.9953 |            2.2959 |             2.267
 17216 |     95 | 2018-06-15 05:13:43.5      |        13.106 |       18.2983 |        9.8407 |            1.5001 |            3.3072 |            2.5252 |            2.5083
 17216 |     96 | 2018-06-15 05:13:59        |       13.1059 |       18.3063 |        7.9699 |            1.2341 |            2.6664 |            2.0577 |            2.0118
 17216 |     97 | 2018-06-15 05:14:18.75     |       12.9885 |       18.0501 |        3.8408 |            0.6272 |            1.2571 |            1.0126 |            0.9439
 17216 |     98 | 2018-06-15 05:14:36.333333 |       12.5935 |       16.8626 |        1.7386 |            0.2829 |            0.5646 |            0.4833 |            0.4078
 17216 |     99 | 2018-06-15 05:14:51        |       12.2409 |        15.874 |        0.8147 |            0.1325 |            0.2571 |            0.2504 |            0.1748
 17216 |    100 | 2018-06-15 05:15:11        |       11.7734 |       14.8691 |        0.2875 |            0.0385 |            0.0887 |            0.1006 |            0.0597
 17216 |    101 | 2018-06-15 05:15:31        |       11.2421 |       14.3426 |        0.1741 |           -0.0056 |            0.0733 |            0.0272 |            0.0792
 17216 |    102 | 2018-06-15 05:15:46        |       10.8952 |       14.3093 |        0.2474 |            0.0297 |            0.0743 |            0.0521 |            0.0912
 17216 |    103 | 2018-06-15 05:16:01        |          10.6 |       14.3097 |        0.2986 |            0.0559 |            0.0747 |            0.0707 |            0.0973
 17216 |    104 | 2018-06-15 05:16:21        |       10.2386 |       14.3097 |        0.3393 |             0.078 |            0.0747 |            0.0857 |            0.1009
 17216 |    105 | 2018-06-15 05:16:41        |        9.9169 |       14.3096 |        0.3634 |            0.0913 |            0.0743 |            0.0948 |             0.103
 17216 |    106 | 2018-06-15 05:16:56        |        9.7044 |       14.3096 |        0.3735 |            0.0972 |            0.0743 |            0.0983 |            0.1036
 17216 |    107 | 2018-06-15 05:17:16        |        9.4296 |       14.3096 |         0.381 |            0.1026 |            0.0736 |            0.1013 |            0.1035
 17216 |    108 | 2018-06-15 05:17:33.5      |        9.2222 |       14.3099 |        0.3883 |            0.1085 |            0.0733 |             0.103 |            0.1036
 17216 |    109 | 2018-06-15 05:17:46.666667 |        9.1484 |       14.3094 |        0.4029 |            0.1219 |            0.0734 |            0.1042 |            0.1035
 17216 |    110 | 2018-06-15 05:18:01        |        9.1049 |        14.304 |        2.8148 |            0.4709 |            0.8963 |            0.7127 |             0.735
 17216 |    111 | 2018-06-15 05:18:18.5      |        9.2521 |       14.4607 |        4.2427 |            0.6934 |            1.3724 |            1.0912 |            1.0857
 17216 |    112 | 2018-06-15 05:18:39.5      |        9.3034 |       14.5111 |        6.3685 |            0.9923 |            2.1093 |            1.6326 |            1.6343
 17216 |    113 | 2018-06-15 05:18:49.5      |        9.4033 |       14.6587 |        7.2291 |            1.1321 |             2.391 |            1.8634 |            1.8426
 17216 |    114 | 2018-06-15 05:19:02        |        9.5026 |        14.712 |        7.9234 |            1.2218 |            2.6405 |            2.0356 |            2.0256
 17216 |    115 | 2018-06-15 05:19:19.5      |        9.5538 |       14.7584 |        6.8212 |            1.0657 |            2.2666 |            1.7641 |            1.7248
 17216 |    116 | 2018-06-15 05:19:37        |        9.7062 |       14.9047 |        7.5347 |            1.1707 |            2.5075 |             1.943 |            1.9135
 17216 |    117 | 2018-06-15 05:19:49.5      |        9.7062 |       14.9124 |        8.1053 |            1.2418 |            2.7148 |            2.0814 |            2.0674
 17216 |    118 | 2018-06-15 05:20:02        |        9.8396 |       15.0755 |        8.6629 |            1.3414 |            2.8889 |            2.2381 |            2.1944
 17216 |    119 | 2018-06-15 05:20:19.5      |        9.9061 |       15.1084 |        7.3462 |            1.1419 |            2.4496 |            1.9009 |             1.854
 17216 |    120 | 2018-06-15 05:20:37        |       10.0387 |       15.2439 |        7.7744 |            1.2103 |            2.5879 |            2.0098 |            1.9664
 17216 |    121 | 2018-06-15 05:20:52        |       10.1018 |       15.3135 |        8.5673 |            1.3149 |            2.8677 |            2.2052 |            2.1794
 17216 |    122 | 2018-06-15 05:21:04.5      |       10.1046 |       15.3103 |        8.9172 |            1.3605 |            2.9944 |            2.2927 |            2.2695
 17216 |    123 | 2018-06-15 05:21:22        |       10.2938 |       15.4882 |        7.5102 |            1.1721 |            2.5002 |            1.9464 |            1.8916
 17216 |    124 | 2018-06-15 05:21:39.5      |       10.3058 |       15.5085 |        8.0565 |            1.2401 |            2.6953 |             2.076 |             2.045
 17216 |    125 | 2018-06-15 05:21:52        |       10.5055 |       15.6768 |        8.7258 |            1.3565 |            2.9063 |             2.256 |             2.207
 17216 |    126 | 2018-06-15 05:22:04.5      |       10.5064 |       15.7018 |        9.1149 |            1.3969 |            3.0543 |            2.3453 |            2.3184
 17216 |    127 | 2018-06-15 05:22:22        |       10.6293 |       15.8093 |        7.7492 |            1.2099 |            2.5792 |            2.0085 |            1.9516
 17216 |    128 | 2018-06-15 05:22:39.5      |        10.711 |       15.9086 |        8.3716 |            1.2931 |            2.7958 |            2.1598 |             2.123
 17216 |    129 | 2018-06-15 05:22:52        |       10.7766 |        15.942 |         8.984 |            1.3845 |            3.0032 |            2.3185 |            2.2777
 17216 |    130 | 2018-06-15 05:23:04.5      |       10.9059 |       16.1102 |        9.3169 |             1.437 |            3.1143 |            2.4021 |            2.3635
 17216 |    131 | 2018-06-15 05:23:22        |       10.9462 |       16.1288 |        7.9525 |            1.2376 |            2.6509 |            2.0592 |            2.0048
 17216 |    132 | 2018-06-15 05:23:39.5      |       11.1103 |       16.2595 |        8.5994 |             1.339 |            2.8605 |            2.2283 |            2.1717
 17216 |    133 | 2018-06-15 05:23:52        |       11.1053 |       16.2582 |        9.0671 |            1.3972 |            3.0307 |            2.3414 |            2.2978
 17216 |    134 | 2018-06-15 05:24:04.5      |        11.107 |       16.2576 |        9.4853 |            1.4506 |            3.1808 |            2.4453 |            2.4085
 17216 |    135 | 2018-06-15 05:24:22        |       11.3076 |       16.4392 |        8.0179 |            1.2567 |            2.6624 |            2.0854 |            2.0134
 17216 |    136 | 2018-06-15 05:24:39.5      |       11.3085 |       16.4604 |         8.554 |            1.3208 |            2.8556 |            2.2115 |             2.166
 17216 |    137 | 2018-06-15 05:24:52        |       11.4359 |       16.6219 |        9.3522 |            1.4455 |            3.1188 |             2.418 |            2.3699
 17216 |    138 | 2018-06-15 05:25:07.666667 |       11.5023 |        16.659 |        9.4717 |            1.4568 |            3.1688 |            2.4459 |            2.4003
 17216 |    139 | 2018-06-15 05:25:24.5      |       11.6555 |        16.784 |        7.8321 |            1.2336 |            2.5954 |            2.0404 |            1.9627
 17216 |    140 | 2018-06-15 05:25:39.5      |       11.7074 |       16.8596 |        8.9594 |            1.3869 |            2.9874 |            2.3169 |            2.2682
 17216 |    141 | 2018-06-15 05:25:52        |       11.7747 |       16.8907 |        9.5274 |             1.473 |            3.1786 |            2.4652 |            2.4107
 17216 |    142 | 2018-06-15 05:26:10        |       11.9059 |       17.0575 |        9.3114 |            1.4434 |             3.106 |            2.4093 |            2.3527
 17216 |    143 | 2018-06-15 05:26:27        |       11.9073 |       17.0915 |        7.8585 |            1.2303 |            2.6113 |            2.0426 |            1.9743
 17216 |    144 | 2018-06-15 05:26:39.5      |       12.1117 |       17.2584 |        9.1974 |            1.4329 |            3.0575 |            2.3823 |            2.3247
 17216 |    145 | 2018-06-15 05:26:52        |       12.1061 |       17.2568 |        9.5997 |            1.4802 |            3.2074 |            2.4784 |            2.4338
 17216 |    146 | 2018-06-15 05:27:12        |       12.2275 |       17.3562 |        9.0884 |            1.4117 |            3.0295 |            2.3557 |            2.2915
 17216 |    147 | 2018-06-15 05:27:29.5      |       12.3075 |       17.4573 |        8.5126 |            1.3248 |            2.8342 |            2.2052 |            2.1483
 17216 |    148 | 2018-06-15 05:27:39.5      |       12.3106 |       17.4594 |        9.2752 |            1.4247 |            3.1035 |            2.3894 |            2.3575
 17216 |    149 | 2018-06-15 05:27:54.5      |       12.5071 |       17.6542 |       10.0093 |            1.5499 |            3.3383 |            2.5863 |            2.5348
 17216 |    150 | 2018-06-15 05:28:10        |       12.5064 |       17.6558 |         9.821 |            1.5116 |            3.2863 |            2.5362 |             2.487
 17216 |    151 | 2018-06-15 05:28:27        |       12.6409 |       17.8185 |        8.3397 |            1.3097 |             2.767 |            2.1656 |            2.0975
 17216 |    152 | 2018-06-15 05:28:42        |       12.7108 |       17.8558 |        9.5728 |            1.4793 |            3.1955 |            2.4727 |            2.4253
 17216 |    153 | 2018-06-15 05:28:54.5      |       12.8048 |       17.8994 |       10.1072 |            1.5649 |            3.3708 |            2.6134 |            2.5581
 17216 |    154 | 2018-06-15 05:29:09.5      |       12.9043 |       18.0561 |        9.6789 |            1.5024 |            3.2283 |            2.5041 |            2.4442
 17216 |    155 | 2018-06-15 05:29:29.5      |       12.9061 |       18.1058 |        8.7043 |             1.359 |            2.8952 |            2.2576 |            2.1924
 17216 |    156 | 2018-06-15 05:29:42        |       13.1013 |       18.2536 |        9.7515 |            1.5129 |            3.2494 |            2.5184 |            2.4708
 17216 |    157 | 2018-06-15 05:29:54.5      |       13.1062 |       18.2561 |       10.3076 |            1.5854 |            3.4491 |            2.6571 |            2.6159
 17216 |    158 | 2018-06-15 05:30:12.4      |        13.106 |       18.2764 |        9.5966 |             1.475 |            3.2154 |            2.4752 |             2.431
 17216 |    159 | 2018-06-15 05:30:30        |       13.1135 |        18.308 |        8.8986 |             1.365 |            2.9835 |            2.2907 |            2.2595
 17216 |    160 | 2018-06-15 05:30:40.5      |       13.1068 |        18.306 |        9.6777 |             1.479 |            3.2493 |            2.4859 |            2.4635
 17216 |    161 | 2018-06-15 05:30:53        |       13.1129 |       18.3074 |       10.3444 |            1.5715 |             3.481 |            2.6541 |            2.6379
 17216 |    162 | 2018-06-15 05:31:10.5      |       13.1062 |       18.3078 |        9.8513 |             1.501 |            3.3154 |            2.5303 |            2.5046
 17216 |    163 | 2018-06-15 05:31:30.5      |       13.1061 |       18.3068 |        8.7791 |            1.3486 |            2.9445 |            2.2594 |            2.2267
 17216 |    164 | 2018-06-15 05:31:40.5      |       13.1087 |       18.3071 |        9.5185 |            1.4489 |             3.202 |            2.4395 |             2.428
 17216 |    165 | 2018-06-15 05:31:55.5      |        13.093 |       18.3098 |       10.3483 |            1.5678 |            3.4866 |            2.6528 |            2.6411
 17216 |    166 | 2018-06-15 05:32:15.75     |       13.1056 |       18.3064 |        9.3358 |             1.427 |            3.1393 |            2.4007 |            2.3688
 17216 |    167 | 2018-06-15 05:32:30.5      |       13.1003 |       18.3097 |        8.8125 |            1.3482 |            2.9602 |            2.2649 |            2.2391
 17216 |    168 | 2018-06-15 05:32:43        |        13.109 |       18.3069 |        9.8745 |            1.5039 |            3.3204 |            2.5339 |            2.5163
 17216 |    169 | 2018-06-15 05:32:55.5      |       13.1065 |       18.3058 |       10.3584 |            1.5724 |            3.4886 |            2.6555 |             2.642
 17216 |    170 | 2018-06-15 05:33:13        |       13.1063 |       18.3064 |        9.5374 |            1.4549 |            3.2087 |            2.4515 |            2.4223
 17216 |    171 | 2018-06-15 05:33:30.5      |       13.1076 |       18.3064 |        8.8546 |            1.3582 |             2.971 |            2.2789 |            2.2466
 17216 |    172 | 2018-06-15 05:33:43        |       13.1069 |       18.3075 |         9.766 |            1.4878 |            3.2837 |            2.5071 |            2.4875
 17216 |    173 | 2018-06-15 05:33:55.5      |       13.1087 |       18.3073 |       10.3981 |            1.5776 |            3.5019 |            2.6665 |            2.6521
 17216 |    174 | 2018-06-15 05:34:15.5      |       13.1024 |       18.3046 |        9.3233 |            1.4219 |            3.1369 |            2.3963 |            2.3683
 17216 |    175 | 2018-06-15 05:34:30.5      |       13.1105 |       18.3077 |        8.8084 |            1.3515 |            2.9546 |            2.2683 |             2.234
 17216 |    176 | 2018-06-15 05:34:43        |       13.1084 |       18.3072 |        9.7703 |            1.4884 |            3.2848 |            2.5082 |            2.4889
 17216 |    177 | 2018-06-15 05:34:55.5      |       13.1123 |       18.3098 |       10.3377 |            1.5653 |            3.4849 |            2.6448 |            2.6426
 17216 |    178 | 2018-06-15 05:35:15.5      |       13.0839 |       18.3081 |        9.2049 |             1.407 |            3.0956 |            2.3674 |             2.335
 17216 |    179 | 2018-06-15 05:35:30.5      |       13.1058 |       18.3062 |         8.788 |            1.3493 |            2.9481 |            2.2617 |             2.229
 17216 |    180 | 2018-06-15 05:35:43        |       13.1062 |        18.306 |        9.7112 |            1.4809 |            3.2649 |            2.4924 |            2.4731
 17216 |    181 | 2018-06-15 05:35:55.5      |       13.1104 |       18.3089 |       10.4124 |              1.58 |            3.5067 |            2.6698 |            2.6559
 17216 |    182 | 2018-06-15 05:36:15.5      |       13.1017 |       18.3027 |        9.2771 |            1.4156 |            3.1211 |            2.3846 |             2.356
 17216 |    183 | 2018-06-15 05:36:33        |       13.1016 |       18.3071 |        9.0751 |            1.3865 |            3.0492 |            2.3311 |            2.3082
 17216 |    184 | 2018-06-15 05:36:45.5      |       13.0946 |       18.3003 |        9.8985 |            1.5019 |            3.3326 |            2.5357 |            2.5283
 17216 |    185 | 2018-06-15 05:36:58        |       13.1099 |        18.308 |       10.5267 |            1.5955 |            3.5463 |            2.6994 |            2.6854
 17216 |    186 | 2018-06-15 05:37:15.5      |       13.1071 |       18.3068 |         9.475 |            1.4464 |            3.1871 |            2.4363 |            2.4052
 17216 |    187 | 2018-06-15 05:37:30.5      |       13.1085 |       18.3067 |        8.8165 |            1.3535 |            2.9575 |            2.2694 |            2.2361
 17216 |    188 | 2018-06-15 05:37:45.5      |       13.1074 |       18.3073 |        9.9452 |            1.5142 |            3.3451 |            2.5516 |            2.5342
 17216 |    189 | 2018-06-15 05:37:58        |       13.1073 |       18.2978 |       10.4615 |            1.5859 |            3.5246 |            2.6799 |            2.6711
 17216 |    190 | 2018-06-15 05:38:10.5      |       13.1093 |       18.3059 |       10.7583 |            1.6297 |             3.628 |            2.7571 |            2.7435
 17216 |    191 | 2018-06-15 05:38:23        |       13.1084 |       18.3073 |       10.8076 |            1.6359 |            3.6459 |            2.7712 |            2.7546
 17216 |    192 | 2018-06-15 05:38:35.5      |         13.11 |       18.3077 |       11.1174 |            1.6792 |            3.7532 |            2.8505 |            2.8344
 17216 |    193 | 2018-06-15 05:38:48        |       13.1092 |       18.3076 |       11.0904 |            1.6722 |            3.7481 |            2.8414 |            2.8287
 17216 |    194 | 2018-06-15 05:39:00.5      |       13.1089 |       18.3073 |       11.2187 |             1.693 |              3.79 |            2.8768 |            2.8588
 17216 |    195 | 2018-06-15 05:39:13        |       13.0773 |       18.3046 |       11.1461 |            1.6811 |            3.7678 |            2.8544 |            2.8428
 17216 |    196 | 2018-06-15 05:39:25.5      |        13.109 |       18.3072 |        11.159 |            1.6845 |            3.7705 |            2.8624 |            2.8416
 17216 |    197 | 2018-06-15 05:39:38        |       13.1089 |       18.3069 |       11.1845 |            1.6883 |            3.7793 |            2.8689 |            2.8479
 17216 |    198 | 2018-06-15 05:39:53        |       13.1074 |       18.3065 |       11.2069 |            1.6914 |            3.7875 |            2.8741 |             2.854
 17216 |    199 | 2018-06-15 05:40:08        |       13.1101 |       18.3027 |       11.3476 |            1.7083 |             3.838 |            2.9069 |            2.8944
 17216 |    200 | 2018-06-15 05:40:21        |       13.1068 |       18.3065 |       11.1843 |            1.6884 |              3.78 |            2.8685 |            2.8475
 17216 |    201 | 2018-06-15 05:40:34        |       13.1059 |       18.3055 |       11.1528 |            1.6839 |            3.7695 |            2.8602 |            2.8392
 17216 |    202 | 2018-06-15 05:40:46.5      |       13.1113 |       18.3072 |       11.2002 |              1.69 |            3.7866 |            2.8709 |            2.8526
 17216 |    203 | 2018-06-15 05:40:59        |       13.1107 |       18.3077 |       11.3132 |            1.7059 |            3.8241 |            2.9018 |            2.8814
 17216 |    204 | 2018-06-15 05:41:11.5      |       13.1071 |       18.3069 |       11.2975 |            1.7039 |            3.8192 |            2.8969 |            2.8775
 17216 |    205 | 2018-06-15 05:41:24        |       13.1097 |       18.3078 |       11.3067 |            1.7054 |            3.8221 |            2.9004 |            2.8789
 17216 |    206 | 2018-06-15 05:41:36.5      |       13.1091 |       18.3076 |       11.4008 |            1.7187 |            3.8542 |            2.9238 |            2.9041
 17216 |    207 | 2018-06-15 05:41:49        |       13.0785 |       18.3063 |       11.2945 |            1.7012 |            3.8204 |            2.8927 |            2.8802
 17216 |    208 | 2018-06-15 05:42:01.5      |       13.1101 |       18.3075 |       11.4316 |            1.7224 |            3.8651 |            2.9321 |             2.912
 17216 |    209 | 2018-06-15 05:42:14        |       13.1111 |       18.3068 |       11.4113 |            1.7178 |            3.8608 |            2.9239 |            2.9087
 17216 |    210 | 2018-06-15 05:42:26.5      |       13.1086 |       18.3071 |       11.3484 |            1.7115 |            3.8367 |            2.9105 |            2.8898
 17216 |    211 | 2018-06-15 05:42:39        |       13.1049 |       18.3076 |       11.3172 |            1.7039 |            3.8288 |            2.9005 |            2.8839
 17216 |    212 | 2018-06-15 05:42:54        |       13.1078 |       18.3073 |       11.3427 |            1.7103 |            3.8348 |            2.9092 |            2.8883
 17216 |    213 | 2018-06-15 05:43:06.5      |       13.1109 |       18.3062 |       11.3819 |            1.7161 |            3.8481 |            2.9193 |            2.8983
 17216 |    214 | 2018-06-15 05:43:19        |       13.1126 |       18.3092 |       11.4198 |            1.7186 |            3.8637 |            2.9249 |            2.9127
 17216 |    215 | 2018-06-15 05:43:34        |       13.1087 |       18.3068 |       11.3425 |            1.7075 |            3.8374 |            2.9058 |            2.8917
 17216 |    216 | 2018-06-15 05:43:49        |        13.109 |       18.3067 |       11.3832 |            1.7161 |             3.849 |            2.9191 |            2.8991
 17216 |    217 | 2018-06-15 05:44:01.5      |       13.1107 |        18.306 |       11.3738 |            1.7095 |            3.8491 |            2.9129 |            2.9022
 17216 |    218 | 2018-06-15 05:44:11.5      |       13.1094 |       18.3068 |       11.3739 |            1.7155 |            3.8453 |            2.9168 |            2.8963
 17216 |    219 | 2018-06-15 05:44:24        |       13.1102 |       18.3074 |       11.3195 |            1.7071 |            3.8267 |            2.9034 |            2.8824
 17216 |    220 | 2018-06-15 05:44:39        |       13.1073 |       18.3073 |       11.2414 |            1.6954 |            3.7999 |            2.8837 |            2.8625
 17216 |    221 | 2018-06-15 05:44:51.5      |       13.1067 |       18.3064 |       11.2098 |            1.6913 |            3.7893 |            2.8751 |             2.854
 17216 |    222 | 2018-06-15 05:45:04        |       13.1086 |       18.3056 |       11.2932 |            1.7035 |            3.8175 |            2.8959 |            2.8763
 17216 |    223 | 2018-06-15 05:45:16.5      |       13.1133 |       18.3104 |       11.2511 |            1.6938 |            3.8064 |            2.8805 |            2.8704
 17216 |    224 | 2018-06-15 05:45:29        |       13.1094 |       18.3069 |       11.3368 |            1.7097 |            3.8323 |            2.9074 |            2.8874
 17216 |    225 | 2018-06-15 05:45:41.5      |       13.1075 |       18.2973 |       11.2338 |            1.6945 |            3.7964 |            2.8801 |            2.8627
 17216 |    226 | 2018-06-15 05:45:54        |       13.1081 |       18.3065 |       11.2562 |            1.6947 |            3.8071 |            2.8842 |            2.8702
 17216 |    227 | 2018-06-15 05:46:06.5      |       13.1085 |       18.3067 |       11.4001 |            1.7188 |            3.8542 |             2.923 |             2.904
 17216 |    228 | 2018-06-15 05:46:19        |       13.1077 |       18.3004 |        11.293 |             1.704 |             3.818 |            2.8956 |            2.8754
 17216 |    229 | 2018-06-15 05:46:31.5      |       13.1039 |       18.3068 |       11.1607 |            1.6846 |            3.7731 |            2.8624 |            2.8405
 17216 |    230 | 2018-06-15 05:46:44        |       13.1082 |        18.299 |       11.2894 |            1.7028 |             3.816 |            2.8953 |            2.8752
 17216 |    231 | 2018-06-15 05:46:59        |       13.1109 |       18.3076 |       11.3958 |            1.7181 |            3.8529 |             2.923 |            2.9018
 17216 |    232 | 2018-06-15 05:47:11.5      |       13.1087 |       18.3072 |       11.3537 |            1.7123 |            3.8389 |            2.9116 |            2.8909
 17216 |    233 | 2018-06-15 05:47:24        |       13.1091 |       18.3067 |         11.35 |            1.7117 |            3.8377 |            2.9105 |              2.89
 17216 |    234 | 2018-06-15 05:47:36.5      |       13.1075 |       18.3081 |       11.2711 |            1.6993 |            3.8101 |            2.8894 |            2.8723
 17216 |    235 | 2018-06-15 05:47:49        |       13.0883 |       18.2965 |       11.3462 |             1.704 |            3.8409 |            2.9039 |            2.8973
 17216 |    236 | 2018-06-15 05:48:01.5      |       13.1073 |       18.3058 |        11.316 |            1.7065 |            3.8262 |            2.9019 |            2.8813
 17216 |    237 | 2018-06-15 05:48:14        |       13.1098 |       18.3075 |        11.348 |            1.7113 |            3.8369 |            2.9105 |            2.8893
 17216 |    238 | 2018-06-15 05:48:26.5      |       13.1075 |       18.3073 |       11.2729 |            1.7005 |            3.8114 |            2.8913 |            2.8698
 17216 |    239 | 2018-06-15 05:48:39        |       13.1101 |       18.3068 |       11.3025 |            1.7044 |            3.8212 |            2.8991 |            2.8778
 17216 |    240 | 2018-06-15 05:48:51.5      |       13.1077 |       18.3056 |       11.2553 |            1.6932 |            3.8081 |            2.8818 |            2.8721
 17216 |    241 | 2018-06-15 05:49:04        |       13.1092 |       18.3067 |       11.2065 |             1.691 |            3.7878 |            2.8749 |            2.8528
 17216 |    242 | 2018-06-15 05:49:19        |       13.1068 |       18.3069 |       11.1813 |            1.6881 |            3.7793 |            2.8675 |            2.8464
 17216 |    243 | 2018-06-15 05:49:34        |       13.0998 |       18.3018 |       11.2121 |            1.6883 |            3.7917 |            2.8736 |            2.8584
 17216 |    244 | 2018-06-15 05:49:49        |       13.1087 |       18.3094 |       11.1822 |            1.6846 |            3.7815 |            2.8657 |            2.8504
 17216 |    245 | 2018-06-15 05:50:04        |       13.1052 |       18.3067 |        11.124 |            1.6794 |            3.7599 |            2.8531 |            2.8316
 17216 |    246 | 2018-06-15 05:50:19        |       13.1018 |       18.3037 |       11.2583 |            1.6958 |            3.8078 |            2.8842 |            2.8705
 17216 |    247 | 2018-06-15 05:50:34        |       13.1113 |       18.3079 |       11.3004 |            1.7038 |            3.8198 |            2.8994 |            2.8774
 17216 |    248 | 2018-06-15 05:50:49        |       13.1091 |       18.3073 |       11.3028 |            1.7042 |             3.821 |            2.8993 |            2.8783
 17216 |    249 | 2018-06-15 05:51:04        |       13.1074 |       18.3067 |       11.4052 |            1.7189 |            3.8564 |            2.9245 |            2.9054
 17216 |    250 | 2018-06-15 05:51:19        |       13.1146 |       18.3083 |       11.4135 |            1.7182 |            3.8595 |            2.9283 |            2.9076
 17216 |    251 | 2018-06-15 05:51:34        |       13.1093 |       18.3074 |       11.3519 |            1.7106 |            3.8382 |            2.9121 |             2.891
 17216 |    252 | 2018-06-15 05:51:49        |       13.1083 |       18.3067 |       11.3438 |            1.7101 |            3.8353 |            2.9098 |            2.8886
 17216 |    253 | 2018-06-15 05:52:04        |       13.1113 |       18.3077 |       11.5188 |            1.7333 |            3.8957 |            2.9545 |            2.9353
 17216 |    254 | 2018-06-15 05:52:19        |       13.1066 |       18.3062 |       11.2765 |            1.7009 |            3.8125 |            2.8921 |            2.8709
 17216 |    255 | 2018-06-15 05:52:36.5      |         13.11 |       18.3069 |       11.3185 |            1.7064 |            3.8265 |            2.9036 |            2.8819
 17216 |    256 | 2018-06-15 05:52:54        |        13.102 |       18.3005 |       11.1867 |            1.6844 |            3.7836 |            2.8666 |            2.8521
 17216 |    257 | 2018-06-15 05:59:45.27673  |       13.1056 |       18.3064 |        1.3872 |            0.3029 |            0.3698 |            0.3797 |            0.3347
(258 rows)

  run  | subrun |            time            | step1_voltage | step2_voltage | total_current | pos_2step_current | pos_1step_current | neg_2step_current | neg_1step_current 
-------+--------+----------------------------+---------------+---------------+---------------+-------------------+-------------------+-------------------+-------------------
 17216 |      0 | 2018-06-15 04:50:36.5      |       13.1053 |       18.3068 |        3.6719 |             0.623 |            1.1777 |            0.9708 |            0.9004
 17216 |      1 | 2018-06-15 04:51:01.5      |       13.1073 |       18.3064 |         5.681 |            0.9121 |            1.8569 |            1.4654 |            1.4466
 17216 |      2 | 2018-06-15 04:51:16.5      |       13.1072 |       18.3073 |        6.1577 |            0.9791 |            2.0245 |            1.5876 |            1.5664
 17216 |      3 | 2018-06-15 04:51:31.5      |        13.108 |       18.3065 |        7.6896 |            1.1971 |            2.5529 |            1.9728 |            1.9668
 17216 |      4 | 2018-06-15 04:51:41.5      |       13.1065 |       18.3057 |        8.8067 |            1.3554 |            2.9406 |            2.2549 |            2.2558
 17216 |      5 | 2018-06-15 04:51:51.5      |        13.104 |       18.3043 |        9.5975 |            1.4625 |            3.2198 |            2.4516 |            2.4636
 17216 |      6 | 2018-06-15 04:52:01.5      |       13.1097 |       18.3069 |       10.1547 |            1.5449 |             3.411 |            2.5997 |            2.5991
 17216 |      7 | 2018-06-15 04:52:14        |       13.1073 |       18.3059 |        8.8002 |            1.3514 |            2.9502 |            2.2626 |            2.2359
 17216 |      8 | 2018-06-15 04:52:26.5      |       13.1055 |       18.3066 |        8.4584 |             1.303 |            2.8315 |            2.1761 |            2.1479
 17216 |      9 | 2018-06-15 04:52:36.5      |       13.1082 |       18.3075 |        9.4667 |            1.4466 |            3.1773 |            2.4291 |            2.4138
 17216 |     10 | 2018-06-15 04:52:46.5      |       13.1122 |       18.3101 |       10.0155 |              1.52 |            3.3711 |            2.5623 |            2.5621
 17216 |     11 | 2018-06-15 04:52:56.5      |       13.1061 |        18.307 |       10.3236 |            1.5675 |            3.4754 |            2.6458 |            2.6349
 17216 |     12 | 2018-06-15 04:53:11.5      |       13.1094 |         18.31 |        9.5503 |            1.4545 |            3.2128 |            2.4526 |            2.4304
 17216 |     13 | 2018-06-15 04:53:26.5      |       13.1138 |       18.3107 |        8.6894 |              1.33 |            2.9166 |            2.2328 |              2.21
 17216 |     14 | 2018-06-15 04:53:36.5      |       13.1094 |       18.3078 |        9.5881 |            1.4626 |            3.2208 |            2.4627 |            2.4421
 17216 |     15 | 2018-06-15 04:53:44        |       13.1059 |       18.3062 |        9.8962 |            1.5067 |            3.3279 |            2.5385 |            2.5231
 17216 |     16 | 2018-06-15 04:53:51.5      |       13.1094 |       18.3082 |       10.3536 |            1.5705 |            3.4857 |            2.6555 |            2.6418
 17216 |     17 | 2018-06-15 04:54:01.5      |       13.1063 |       18.3071 |       10.6723 |            1.6168 |            3.5972 |            2.7344 |             2.724
 17216 |     18 | 2018-06-15 04:54:16.5      |       13.1082 |        18.306 |        9.0159 |            1.3807 |            3.0289 |            2.3211 |            2.2854
 17216 |     19 | 2018-06-15 04:54:31.5      |       13.1055 |       18.3068 |        9.0938 |            1.3927 |            3.0525 |             2.338 |            2.3107
 17216 |     20 | 2018-06-15 04:54:41.5      |       13.1044 |        18.301 |        9.8807 |            1.5007 |            3.3262 |            2.5303 |            2.5235
 17216 |     21 | 2018-06-15 04:54:51.5      |       13.0854 |       18.2989 |       10.3144 |            1.5627 |            3.4756 |            2.6401 |             2.636
 17216 |     22 | 2018-06-15 04:55:01.5      |        13.112 |       18.3087 |       10.6863 |             1.614 |             3.605 |            2.7351 |            2.7321
 17216 |     23 | 2018-06-15 04:55:14        |       13.1095 |       18.3087 |        9.1105 |            1.3907 |            3.0644 |            2.3426 |            2.3127
 17216 |     24 | 2018-06-15 04:55:26.5      |       13.1108 |       18.3081 |        8.6743 |            1.3321 |            2.9085 |            2.2354 |            2.1982
 17216 |     25 | 2018-06-15 04:55:36.5      |       13.1082 |        18.307 |        9.5219 |            1.4532 |             3.199 |            2.4457 |             2.424
 17216 |     26 | 2018-06-15 04:55:46.5      |       13.0873 |       18.3015 |       10.0007 |            1.5179 |            3.3674 |            2.5604 |            2.5549
 17216 |     27 | 2018-06-15 04:55:56.5      |        13.109 |       18.3072 |       10.3902 |            1.5765 |            3.4994 |            2.6646 |            2.6496
 17216 |     28 | 2018-06-15 04:56:04        |       13.1119 |       18.2888 |       10.5619 |            1.6006 |            3.5587 |            2.7093 |            2.6933
 17216 |     29 | 2018-06-15 04:56:16.5      |        13.107 |       18.3071 |        9.0289 |            1.3826 |             3.033 |             2.324 |            2.2893
 17216 |     30 | 2018-06-15 04:56:31.5      |       13.1081 |       18.3063 |        9.2216 |            1.4109 |            3.0961 |            2.3697 |            2.3449
 17216 |     31 | 2018-06-15 04:56:41.5      |        13.105 |       18.3066 |        9.7929 |            1.4921 |            3.2929 |            2.5127 |            2.4954
 17216 |     32 | 2018-06-15 04:56:51.5      |         13.11 |       18.3076 |       10.3611 |            1.5722 |            3.4886 |            2.6574 |             2.643
 17216 |     33 | 2018-06-15 04:57:01.5      |       13.1092 |       18.3074 |       10.7162 |            1.6225 |            3.6119 |             2.747 |            2.7348
 17216 |     34 | 2018-06-15 04:57:16.5      |       13.1053 |       18.3068 |        8.9778 |            1.3751 |            3.0161 |            2.3113 |            2.2753
 17216 |     35 | 2018-06-15 04:57:31.5      |       13.1116 |       18.3099 |         9.275 |            1.4139 |            3.1177 |            2.3821 |            2.3613
 17216 |     36 | 2018-06-15 04:57:39        |       13.1118 |         18.31 |        9.8061 |            1.4883 |            3.2994 |            2.5177 |            2.5007
 17216 |     37 | 2018-06-15 04:57:46.5      |       13.1102 |        18.299 |       10.1722 |            1.5455 |            3.4236 |            2.6091 |            2.5939
 17216 |     38 | 2018-06-15 04:57:56.5      |         13.11 |         18.31 |       10.5774 |            1.5983 |            3.5675 |            2.7069 |            2.7047
 17216 |     39 | 2018-06-15 04:58:11.5      |       13.1078 |       18.3064 |        9.5419 |            1.4554 |              3.21 |            2.4527 |            2.4238
 17216 |     40 | 2018-06-15 04:58:26.5      |        13.109 |       18.3073 |        8.8297 |            1.3548 |            2.9619 |            2.2731 |            2.2399
 17216 |     41 | 2018-06-15 04:58:36.5      |       13.1094 |       18.3076 |        9.6585 |            1.4724 |            3.2461 |            2.4804 |            2.4596
 17216 |     42 | 2018-06-15 04:58:46.5      |       13.0602 |        18.301 |       10.1064 |            1.5332 |            3.4039 |            2.5865 |            2.5829
 17216 |     43 | 2018-06-15 04:58:54        |       13.0827 |       18.3113 |       10.6532 |            1.6103 |            3.5926 |            2.7281 |            2.7222
 17216 |     44 | 2018-06-15 04:59:10        |       13.1057 |       18.3068 |        7.0998 |            1.1094 |            2.3678 |            1.8388 |            1.7838
 17216 |     45 | 2018-06-15 04:59:30        |       13.1055 |       18.3065 |        3.5731 |            0.6085 |            1.1461 |            0.9477 |            0.8708
 17216 |     46 | 2018-06-15 04:59:45        |       13.1055 |       18.3067 |        2.2343 |            0.4197 |            0.6763 |            0.6054 |            0.5329
 17216 |     47 | 2018-06-15 04:59:59.666667 |       13.1055 |       18.3067 |        1.6094 |            0.3321 |            0.4554 |            0.4439 |            0.3781
 17216 |     48 | 2018-06-15 05:00:20        |       13.1053 |       18.3065 |        1.1309 |             0.266 |            0.2847 |            0.3184 |            0.2618
 17216 |     49 | 2018-06-15 05:00:40        |       13.1055 |       18.3065 |        0.8987 |            0.2337 |             0.201 |            0.2573 |            0.2067
 17216 |     50 | 2018-06-15 05:00:55        |        12.963 |       17.9897 |        0.6542 |            0.1748 |            0.1367 |            0.1911 |            0.1516
 17216 |     51 | 2018-06-15 05:01:15        |        12.516 |        16.636 |        0.1341 |            0.0549 |           -0.0029 |            0.0662 |            0.0159
 17216 |     52 | 2018-06-15 05:01:32.5      |       12.0986 |       15.4964 |       -0.1144 |           -0.0016 |           -0.0714 |            0.0076 |            -0.049
 17216 |     53 | 2018-06-15 05:01:47.5      |       11.6982 |       14.7153 |       -0.1434 |            -0.026 |           -0.0639 |           -0.0181 |           -0.0355
 17216 |     54 | 2018-06-15 05:01:59.666667 |       11.4183 |       14.4552 |        -0.063 |           -0.0354 |            -0.015 |           -0.0285 |            0.0159
 17216 |     55 | 2018-06-15 05:02:20        |       10.9813 |       14.3701 |         0.166 |            0.0293 |             0.037 |            0.0307 |             0.069
 17216 |     56 | 2018-06-15 05:02:40        |       11.0063 |       14.5106 |        0.4057 |            0.1253 |            0.0711 |            0.1059 |            0.1034
 17216 |     57 | 2018-06-15 05:02:54.666667 |       11.0063 |       14.5105 |        0.4483 |            0.1423 |            0.0725 |            0.1293 |            0.1043
 17216 |     58 | 2018-06-15 05:03:16.6      |        11.206 |       14.6685 |        0.5893 |            0.1886 |             0.095 |             0.182 |            0.1238
 17216 |     59 | 2018-06-15 05:03:35.5      |       11.2033 |       14.7079 |        0.5911 |            0.1824 |            0.1012 |             0.179 |            0.1285
 17216 |     60 | 2018-06-15 05:03:48        |       11.2032 |       14.7078 |        0.7146 |            0.1981 |            0.1447 |            0.2112 |            0.1606
 17216 |     61 | 2018-06-15 05:04:10        |       12.0052 |       15.3099 |         1.113 |            0.3442 |            0.1991 |            0.3611 |            0.2085
 17216 |     62 | 2018-06-15 05:04:31.5      |       12.2059 |       15.7106 |        0.9601 |            0.2838 |            0.1837 |            0.2908 |            0.2019
 17216 |     63 | 2018-06-15 05:04:40        |       12.2057 |       15.7111 |        1.0365 |            0.2772 |            0.2254 |            0.3044 |            0.2295
 17216 |     64 | 2018-06-15 05:04:56.666667 |       12.2058 |       15.7108 |        1.1364 |            0.2786 |            0.2716 |            0.3253 |            0.2609
 17216 |     65 | 2018-06-15 05:05:16.6      |       12.2085 |       15.7109 |        3.0122 |            0.5388 |            0.9243 |            0.7922 |            0.7568
 17216 |     66 | 2018-06-15 05:05:35        |       12.4105 |       15.8751 |        6.9211 |            1.1173 |            2.2548 |             1.789 |              1.76
 17216 |     67 | 2018-06-15 05:05:50        |       12.4085 |       15.9086 |        8.2146 |            1.2851 |            2.7212 |            2.1114 |            2.0968
 17216 |     68 | 2018-06-15 05:06:10        |       12.4881 |       16.0092 |        9.2565 |            1.4356 |            3.0838 |            2.3824 |            2.3546
 17216 |     69 | 2018-06-15 05:06:30        |       12.6069 |       16.1099 |        9.7876 |            1.5066 |            3.2756 |            2.5194 |             2.486
 17216 |     70 | 2018-06-15 05:06:45        |        12.673 |       16.2093 |       10.0323 |            1.5471 |             3.356 |            2.5879 |            2.5413
 17216 |     71 | 2018-06-15 05:07:00        |       12.8056 |       16.3061 |       10.2498 |             1.575 |            3.4356 |             2.638 |            2.6012
 17216 |     72 | 2018-06-15 05:07:17.5      |       12.8591 |       16.3862 |        10.293 |            1.5815 |            3.4514 |            2.6526 |            2.6075
 17216 |     73 | 2018-06-15 05:07:35        |       13.0109 |       16.5101 |       10.4798 |            1.6109 |            3.5133 |             2.703 |            2.6527
 17216 |     74 | 2018-06-15 05:07:50        |       13.0105 |       16.5425 |       10.4993 |            1.6097 |            3.5236 |            2.7091 |             2.657
 17216 |     75 | 2018-06-15 05:08:10        |       13.0074 |       16.7102 |       10.5269 |             1.608 |            3.5398 |             2.708 |             2.671
 17216 |     76 | 2018-06-15 05:08:30        |       13.0091 |       16.8427 |       10.6752 |            1.6276 |            3.5922 |            2.7443 |            2.7111
 17216 |     77 | 2018-06-15 05:08:42.5      |        13.002 |       16.9071 |       10.7348 |            1.6246 |            3.6213 |            2.7505 |            2.7384
 17216 |     78 | 2018-06-15 05:08:56        |        13.003 |       16.9106 |       10.7406 |            1.6292 |            3.6216 |            2.7594 |            2.7305
 17216 |     79 | 2018-06-15 05:09:16        |       13.0111 |       17.1087 |        10.843 |            1.6476 |            3.6542 |            2.7826 |            2.7586
 17216 |     80 | 2018-06-15 05:09:36.333333 |       13.0142 |       17.2105 |       10.9969 |            1.6713 |            3.7042 |            2.8252 |            2.7962
 17216 |     81 | 2018-06-15 05:09:51        |       13.0091 |       17.3079 |       10.9731 |             1.666 |            3.6988 |            2.8178 |            2.7905
 17216 |     82 | 2018-06-15 05:10:11        |       13.0105 |        17.388 |       11.0705 |            1.6785 |            3.7333 |            2.8426 |            2.8161
 17216 |     83 | 2018-06-15 05:10:31        |       13.0105 |        17.507 |       11.0943 |            1.6814 |            3.7424 |            2.8481 |            2.8225
 17216 |     84 | 2018-06-15 05:10:46        |       12.9961 |       17.6343 |       11.1495 |            1.6913 |            3.7596 |            2.8606 |             2.838
 17216 |     85 | 2018-06-15 05:11:01        |       12.9982 |       17.7051 |       11.1534 |            1.6883 |            3.7643 |             2.859 |            2.8418
 17216 |     86 | 2018-06-15 05:11:21        |       13.0096 |       17.8262 |       11.2758 |             1.709 |            3.8038 |             2.893 |            2.8699
 17216 |     87 | 2018-06-15 05:11:41        |       13.0107 |       17.9054 |       11.3775 |            1.7176 |            3.8443 |            2.9153 |            2.9004
 17216 |     88 | 2018-06-15 05:11:56        |       13.0085 |       18.0736 |       11.4074 |            1.7328 |            3.8442 |            2.9302 |            2.9001
 17216 |     89 | 2018-06-15 05:12:14.5      |       13.0082 |       18.1071 |       10.3108 |            1.5686 |            3.4752 |            2.6514 |            2.6156
 17216 |     90 | 2018-06-15 05:12:31        |       13.0137 |       18.3072 |        9.6445 |            1.4791 |            3.2368 |            2.4832 |            2.4454
 17216 |     91 | 2018-06-15 05:12:43.5      |       13.0102 |       18.3075 |       10.2209 |            1.5576 |            3.4379 |            2.6242 |            2.6012
 17216 |     92 | 2018-06-15 05:12:56        |       13.0438 |       18.3076 |       10.7108 |            1.6277 |            3.6063 |            2.7489 |            2.7278
 17216 |     93 | 2018-06-15 05:13:13.5      |       13.1075 |       18.3064 |        9.5557 |            1.4641 |              3.21 |            2.4614 |            2.4203
 17216 |     94 | 2018-06-15 05:13:31        |       13.1003 |       18.3054 |        8.9269 |            1.3687 |            2.9953 |            2.2959 |             2.267
 17216 |     95 | 2018-06-15 05:13:43.5      |        13.106 |       18.2983 |        9.8407 |            1.5001 |            3.3072 |            2.5252 |            2.5083
 17216 |     96 | 2018-06-15 05:13:59        |       13.1059 |       18.3063 |        7.9699 |            1.2341 |            2.6664 |            2.0577 |            2.0118
 17216 |     97 | 2018-06-15 05:14:18.75     |       12.9885 |       18.0501 |        3.8408 |            0.6272 |            1.2571 |            1.0126 |            0.9439
 17216 |     98 | 2018-06-15 05:14:36.333333 |       12.5935 |       16.8626 |        1.7386 |            0.2829 |            0.5646 |            0.4833 |            0.4078
 17216 |     99 | 2018-06-15 05:14:51        |       12.2409 |        15.874 |        0.8147 |            0.1325 |            0.2571 |            0.2504 |            0.1748
 17216 |    100 | 2018-06-15 05:15:11        |       11.7734 |       14.8691 |        0.2875 |            0.0385 |            0.0887 |            0.1006 |            0.0597
 17216 |    101 | 2018-06-15 05:15:31        |       11.2421 |       14.3426 |        0.1741 |           -0.0056 |            0.0733 |            0.0272 |            0.0792
 17216 |    102 | 2018-06-15 05:15:46        |       10.8952 |       14.3093 |        0.2474 |            0.0297 |            0.0743 |            0.0521 |            0.0912
 17216 |    103 | 2018-06-15 05:16:01        |          10.6 |       14.3097 |        0.2986 |            0.0559 |            0.0747 |            0.0707 |            0.0973
 17216 |    104 | 2018-06-15 05:16:21        |       10.2386 |       14.3097 |        0.3393 |             0.078 |            0.0747 |            0.0857 |            0.1009
 17216 |    105 | 2018-06-15 05:16:41        |        9.9169 |       14.3096 |        0.3634 |            0.0913 |            0.0743 |            0.0948 |             0.103
 17216 |    106 | 2018-06-15 05:16:56        |        9.7044 |       14.3096 |        0.3735 |            0.0972 |            0.0743 |            0.0983 |            0.1036
 17216 |    107 | 2018-06-15 05:17:16        |        9.4296 |       14.3096 |         0.381 |            0.1026 |            0.0736 |            0.1013 |            0.1035
 17216 |    108 | 2018-06-15 05:17:33.5      |        9.2222 |       14.3099 |        0.3883 |            0.1085 |            0.0733 |             0.103 |            0.1036
 17216 |    109 | 2018-06-15 05:17:46.666667 |        9.1484 |       14.3094 |        0.4029 |            0.1219 |            0.0734 |            0.1042 |            0.1035
 17216 |    110 | 2018-06-15 05:18:01        |        9.1049 |        14.304 |        2.8148 |            0.4709 |            0.8963 |            0.7127 |             0.735
 17216 |    111 | 2018-06-15 05:18:18.5      |        9.2521 |       14.4607 |        4.2427 |            0.6934 |            1.3724 |            1.0912 |            1.0857
 17216 |    112 | 2018-06-15 05:18:39.5      |        9.3034 |       14.5111 |        6.3685 |            0.9923 |            2.1093 |            1.6326 |            1.6343
 17216 |    113 | 2018-06-15 05:18:49.5      |        9.4033 |       14.6587 |        7.2291 |            1.1321 |             2.391 |            1.8634 |            1.8426
 17216 |    114 | 2018-06-15 05:19:02        |        9.5026 |        14.712 |        7.9234 |            1.2218 |            2.6405 |            2.0356 |            2.0256
 17216 |    115 | 2018-06-15 05:19:19.5      |        9.5538 |       14.7584 |        6.8212 |            1.0657 |            2.2666 |            1.7641 |            1.7248
 17216 |    116 | 2018-06-15 05:19:37        |        9.7062 |       14.9047 |        7.5347 |            1.1707 |            2.5075 |             1.943 |            1.9135
 17216 |    117 | 2018-06-15 05:19:49.5      |        9.7062 |       14.9124 |        8.1053 |            1.2418 |            2.7148 |            2.0814 |            2.0674
 17216 |    118 | 2018-06-15 05:20:02        |        9.8396 |       15.0755 |        8.6629 |            1.3414 |            2.8889 |            2.2381 |            2.1944
 17216 |    119 | 2018-06-15 05:20:19.5      |        9.9061 |       15.1084 |        7.3462 |            1.1419 |            2.4496 |            1.9009 |             1.854
 17216 |    120 | 2018-06-15 05:20:37        |       10.0387 |       15.2439 |        7.7744 |            1.2103 |            2.5879 |            2.0098 |            1.9664
 17216 |    121 | 2018-06-15 05:20:52        |       10.1018 |       15.3135 |        8.5673 |            1.3149 |            2.8677 |            2.2052 |            2.1794
 17216 |    122 | 2018-06-15 05:21:04.5      |       10.1046 |       15.3103 |        8.9172 |            1.3605 |            2.9944 |            2.2927 |            2.2695
 17216 |    123 | 2018-06-15 05:21:22        |       10.2938 |       15.4882 |        7.5102 |            1.1721 |            2.5002 |            1.9464 |            1.8916
 17216 |    124 | 2018-06-15 05:21:39.5      |       10.3058 |       15.5085 |        8.0565 |            1.2401 |            2.6953 |             2.076 |             2.045
 17216 |    125 | 2018-06-15 05:21:52        |       10.5055 |       15.6768 |        8.7258 |            1.3565 |            2.9063 |             2.256 |             2.207
 17216 |    126 | 2018-06-15 05:22:04.5      |       10.5064 |       15.7018 |        9.1149 |            1.3969 |            3.0543 |            2.3453 |            2.3184
 17216 |    127 | 2018-06-15 05:22:22        |       10.6293 |       15.8093 |        7.7492 |            1.2099 |            2.5792 |            2.0085 |            1.9516
 17216 |    128 | 2018-06-15 05:22:39.5      |        10.711 |       15.9086 |        8.3716 |            1.2931 |            2.7958 |            2.1598 |             2.123
 17216 |    129 | 2018-06-15 05:22:52        |       10.7766 |        15.942 |         8.984 |            1.3845 |            3.0032 |            2.3185 |            2.2777
 17216 |    130 | 2018-06-15 05:23:04.5      |       10.9059 |       16.1102 |        9.3169 |             1.437 |            3.1143 |            2.4021 |            2.3635
 17216 |    131 | 2018-06-15 05:23:22        |       10.9462 |       16.1288 |        7.9525 |            1.2376 |            2.6509 |            2.0592 |            2.0048
 17216 |    132 | 2018-06-15 05:23:39.5      |       11.1103 |       16.2595 |        8.5994 |             1.339 |            2.8605 |            2.2283 |            2.1717
 17216 |    133 | 2018-06-15 05:23:52        |       11.1053 |       16.2582 |        9.0671 |            1.3972 |            3.0307 |            2.3414 |            2.2978
 17216 |    134 | 2018-06-15 05:24:04.5      |        11.107 |       16.2576 |        9.4853 |            1.4506 |            3.1808 |            2.4453 |            2.4085
 17216 |    135 | 2018-06-15 05:24:22        |       11.3076 |       16.4392 |        8.0179 |            1.2567 |            2.6624 |            2.0854 |            2.0134
 17216 |    136 | 2018-06-15 05:24:39.5      |       11.3085 |       16.4604 |         8.554 |            1.3208 |            2.8556 |            2.2115 |             2.166
 17216 |    137 | 2018-06-15 05:24:52        |       11.4359 |       16.6219 |        9.3522 |            1.4455 |            3.1188 |             2.418 |            2.3699
 17216 |    138 | 2018-06-15 05:25:07.666667 |       11.5023 |        16.659 |        9.4717 |            1.4568 |            3.1688 |            2.4459 |            2.4003
 17216 |    139 | 2018-06-15 05:25:24.5      |       11.6555 |        16.784 |        7.8321 |            1.2336 |            2.5954 |            2.0404 |            1.9627
 17216 |    140 | 2018-06-15 05:25:39.5      |       11.7074 |       16.8596 |        8.9594 |            1.3869 |            2.9874 |            2.3169 |            2.2682
 17216 |    141 | 2018-06-15 05:25:52        |       11.7747 |       16.8907 |        9.5274 |             1.473 |            3.1786 |            2.4652 |            2.4107
 17216 |    142 | 2018-06-15 05:26:10        |       11.9059 |       17.0575 |        9.3114 |            1.4434 |             3.106 |            2.4093 |            2.3527
 17216 |    143 | 2018-06-15 05:26:27        |       11.9073 |       17.0915 |        7.8585 |            1.2303 |            2.6113 |            2.0426 |            1.9743
 17216 |    144 | 2018-06-15 05:26:39.5      |       12.1117 |       17.2584 |        9.1974 |            1.4329 |            3.0575 |            2.3823 |            2.3247
 17216 |    145 | 2018-06-15 05:26:52        |       12.1061 |       17.2568 |        9.5997 |            1.4802 |            3.2074 |            2.4784 |            2.4338
 17216 |    146 | 2018-06-15 05:27:12        |       12.2275 |       17.3562 |        9.0884 |            1.4117 |            3.0295 |            2.3557 |            2.2915
 17216 |    147 | 2018-06-15 05:27:29.5      |       12.3075 |       17.4573 |        8.5126 |            1.3248 |            2.8342 |            2.2052 |            2.1483
 17216 |    148 | 2018-06-15 05:27:39.5      |       12.3106 |       17.4594 |        9.2752 |            1.4247 |            3.1035 |            2.3894 |            2.3575
 17216 |    149 | 2018-06-15 05:27:54.5      |       12.5071 |       17.6542 |       10.0093 |            1.5499 |            3.3383 |            2.5863 |            2.5348
 17216 |    150 | 2018-06-15 05:28:10        |       12.5064 |       17.6558 |         9.821 |            1.5116 |            3.2863 |            2.5362 |             2.487
 17216 |    151 | 2018-06-15 05:28:27        |       12.6409 |       17.8185 |        8.3397 |            1.3097 |             2.767 |            2.1656 |            2.0975
 17216 |    152 | 2018-06-15 05:28:42        |       12.7108 |       17.8558 |        9.5728 |            1.4793 |            3.1955 |            2.4727 |            2.4253
 17216 |    153 | 2018-06-15 05:28:54.5      |       12.8048 |       17.8994 |       10.1072 |            1.5649 |            3.3708 |            2.6134 |            2.5581
 17216 |    154 | 2018-06-15 05:29:09.5      |       12.9043 |       18.0561 |        9.6789 |            1.5024 |            3.2283 |            2.5041 |            2.4442
 17216 |    155 | 2018-06-15 05:29:29.5      |       12.9061 |       18.1058 |        8.7043 |             1.359 |            2.8952 |            2.2576 |            2.1924
 17216 |    156 | 2018-06-15 05:29:42        |       13.1013 |       18.2536 |        9.7515 |            1.5129 |            3.2494 |            2.5184 |            2.4708
 17216 |    157 | 2018-06-15 05:29:54.5      |       13.1062 |       18.2561 |       10.3076 |            1.5854 |            3.4491 |            2.6571 |            2.6159
 17216 |    158 | 2018-06-15 05:30:12.4      |        13.106 |       18.2764 |        9.5966 |             1.475 |            3.2154 |            2.4752 |             2.431
 17216 |    159 | 2018-06-15 05:30:30        |       13.1135 |        18.308 |        8.8986 |             1.365 |            2.9835 |            2.2907 |            2.2595
 17216 |    160 | 2018-06-15 05:30:40.5      |       13.1068 |        18.306 |        9.6777 |             1.479 |            3.2493 |            2.4859 |            2.4635
 17216 |    161 | 2018-06-15 05:30:53        |       13.1129 |       18.3074 |       10.3444 |            1.5715 |             3.481 |            2.6541 |            2.6379
 17216 |    162 | 2018-06-15 05:31:10.5      |       13.1062 |       18.3078 |        9.8513 |             1.501 |            3.3154 |            2.5303 |            2.5046
 17216 |    163 | 2018-06-15 05:31:30.5      |       13.1061 |       18.3068 |        8.7791 |            1.3486 |            2.9445 |            2.2594 |            2.2267
 17216 |    164 | 2018-06-15 05:31:40.5      |       13.1087 |       18.3071 |        9.5185 |            1.4489 |             3.202 |            2.4395 |             2.428
 17216 |    165 | 2018-06-15 05:31:55.5      |        13.093 |       18.3098 |       10.3483 |            1.5678 |            3.4866 |            2.6528 |            2.6411
 17216 |    166 | 2018-06-15 05:32:15.75     |       13.1056 |       18.3064 |        9.3358 |             1.427 |            3.1393 |            2.4007 |            2.3688
 17216 |    167 | 2018-06-15 05:32:30.5      |       13.1003 |       18.3097 |        8.8125 |            1.3482 |            2.9602 |            2.2649 |            2.2391
 17216 |    168 | 2018-06-15 05:32:43        |        13.109 |       18.3069 |        9.8745 |            1.5039 |            3.3204 |            2.5339 |            2.5163
 17216 |    169 | 2018-06-15 05:32:55.5      |       13.1065 |       18.3058 |       10.3584 |            1.5724 |            3.4886 |            2.6555 |             2.642
 17216 |    170 | 2018-06-15 05:33:13        |       13.1063 |       18.3064 |        9.5374 |            1.4549 |            3.2087 |            2.4515 |            2.4223
 17216 |    171 | 2018-06-15 05:33:30.5      |       13.1076 |       18.3064 |        8.8546 |            1.3582 |             2.971 |            2.2789 |            2.2466
 17216 |    172 | 2018-06-15 05:33:43        |       13.1069 |       18.3075 |         9.766 |            1.4878 |            3.2837 |            2.5071 |            2.4875
 17216 |    173 | 2018-06-15 05:33:55.5      |       13.1087 |       18.3073 |       10.3981 |            1.5776 |            3.5019 |            2.6665 |            2.6521
 17216 |    174 | 2018-06-15 05:34:15.5      |       13.1024 |       18.3046 |        9.3233 |            1.4219 |            3.1369 |            2.3963 |            2.3683
 17216 |    175 | 2018-06-15 05:34:30.5      |       13.1105 |       18.3077 |        8.8084 |            1.3515 |            2.9546 |            2.2683 |             2.234
 17216 |    176 | 2018-06-15 05:34:43        |       13.1084 |       18.3072 |        9.7703 |            1.4884 |            3.2848 |            2.5082 |            2.4889
 17216 |    177 | 2018-06-15 05:34:55.5      |       13.1123 |       18.3098 |       10.3377 |            1.5653 |            3.4849 |            2.6448 |            2.6426
 17216 |    178 | 2018-06-15 05:35:15.5      |       13.0839 |       18.3081 |        9.2049 |             1.407 |            3.0956 |            2.3674 |             2.335
 17216 |    179 | 2018-06-15 05:35:30.5      |       13.1058 |       18.3062 |         8.788 |            1.3493 |            2.9481 |            2.2617 |             2.229
 17216 |    180 | 2018-06-15 05:35:43        |       13.1062 |        18.306 |        9.7112 |            1.4809 |            3.2649 |            2.4924 |            2.4731
 17216 |    181 | 2018-06-15 05:35:55.5      |       13.1104 |       18.3089 |       10.4124 |              1.58 |            3.5067 |            2.6698 |            2.6559
 17216 |    182 | 2018-06-15 05:36:15.5      |       13.1017 |       18.3027 |        9.2771 |            1.4156 |            3.1211 |            2.3846 |             2.356
 17216 |    183 | 2018-06-15 05:36:33        |       13.1016 |       18.3071 |        9.0751 |            1.3865 |            3.0492 |            2.3311 |            2.3082
 17216 |    184 | 2018-06-15 05:36:45.5      |       13.0946 |       18.3003 |        9.8985 |            1.5019 |            3.3326 |            2.5357 |            2.5283
 17216 |    185 | 2018-06-15 05:36:58        |       13.1099 |        18.308 |       10.5267 |            1.5955 |            3.5463 |            2.6994 |            2.6854
 17216 |    186 | 2018-06-15 05:37:15.5      |       13.1071 |       18.3068 |         9.475 |            1.4464 |            3.1871 |            2.4363 |            2.4052
 17216 |    187 | 2018-06-15 05:37:30.5      |       13.1085 |       18.3067 |        8.8165 |            1.3535 |            2.9575 |            2.2694 |            2.2361
 17216 |    188 | 2018-06-15 05:37:45.5      |       13.1074 |       18.3073 |        9.9452 |            1.5142 |            3.3451 |            2.5516 |            2.5342
 17216 |    189 | 2018-06-15 05:37:58        |       13.1073 |       18.2978 |       10.4615 |            1.5859 |            3.5246 |            2.6799 |            2.6711
 17216 |    190 | 2018-06-15 05:38:10.5      |       13.1093 |       18.3059 |       10.7583 |            1.6297 |             3.628 |            2.7571 |            2.7435
 17216 |    191 | 2018-06-15 05:38:23        |       13.1084 |       18.3073 |       10.8076 |            1.6359 |            3.6459 |            2.7712 |            2.7546
 17216 |    192 | 2018-06-15 05:38:35.5      |         13.11 |       18.3077 |       11.1174 |            1.6792 |            3.7532 |            2.8505 |            2.8344
 17216 |    193 | 2018-06-15 05:38:48        |       13.1092 |       18.3076 |       11.0904 |            1.6722 |            3.7481 |            2.8414 |            2.8287
 17216 |    194 | 2018-06-15 05:39:00.5      |       13.1089 |       18.3073 |       11.2187 |             1.693 |              3.79 |            2.8768 |            2.8588
 17216 |    195 | 2018-06-15 05:39:13        |       13.0773 |       18.3046 |       11.1461 |            1.6811 |            3.7678 |            2.8544 |            2.8428
 17216 |    196 | 2018-06-15 05:39:25.5      |        13.109 |       18.3072 |        11.159 |            1.6845 |            3.7705 |            2.8624 |            2.8416
 17216 |    197 | 2018-06-15 05:39:38        |       13.1089 |       18.3069 |       11.1845 |            1.6883 |            3.7793 |            2.8689 |            2.8479
 17216 |    198 | 2018-06-15 05:39:53        |       13.1074 |       18.3065 |       11.2069 |            1.6914 |            3.7875 |            2.8741 |             2.854
 17216 |    199 | 2018-06-15 05:40:08        |       13.1101 |       18.3027 |       11.3476 |            1.7083 |             3.838 |            2.9069 |            2.8944
 17216 |    200 | 2018-06-15 05:40:21        |       13.1068 |       18.3065 |       11.1843 |            1.6884 |              3.78 |            2.8685 |            2.8475
 17216 |    201 | 2018-06-15 05:40:34        |       13.1059 |       18.3055 |       11.1528 |            1.6839 |            3.7695 |            2.8602 |            2.8392
 17216 |    202 | 2018-06-15 05:40:46.5      |       13.1113 |       18.3072 |       11.2002 |              1.69 |            3.7866 |            2.8709 |            2.8526
 17216 |    203 | 2018-06-15 05:40:59        |       13.1107 |       18.3077 |       11.3132 |            1.7059 |            3.8241 |            2.9018 |            2.8814
 17216 |    204 | 2018-06-15 05:41:11.5      |       13.1071 |       18.3069 |       11.2975 |            1.7039 |            3.8192 |            2.8969 |            2.8775
 17216 |    205 | 2018-06-15 05:41:24        |       13.1097 |       18.3078 |       11.3067 |            1.7054 |            3.8221 |            2.9004 |            2.8789
 17216 |    206 | 2018-06-15 05:41:36.5      |       13.1091 |       18.3076 |       11.4008 |            1.7187 |            3.8542 |            2.9238 |            2.9041
 17216 |    207 | 2018-06-15 05:41:49        |       13.0785 |       18.3063 |       11.2945 |            1.7012 |            3.8204 |            2.8927 |            2.8802
 17216 |    208 | 2018-06-15 05:42:01.5      |       13.1101 |       18.3075 |       11.4316 |            1.7224 |            3.8651 |            2.9321 |             2.912
 17216 |    209 | 2018-06-15 05:42:14        |       13.1111 |       18.3068 |       11.4113 |            1.7178 |            3.8608 |            2.9239 |            2.9087
 17216 |    210 | 2018-06-15 05:42:26.5      |       13.1086 |       18.3071 |       11.3484 |            1.7115 |            3.8367 |            2.9105 |            2.8898
 17216 |    211 | 2018-06-15 05:42:39        |       13.1049 |       18.3076 |       11.3172 |            1.7039 |            3.8288 |            2.9005 |            2.8839
 17216 |    212 | 2018-06-15 05:42:54        |       13.1078 |       18.3073 |       11.3427 |            1.7103 |            3.8348 |            2.9092 |            2.8883
 17216 |    213 | 2018-06-15 05:43:06.5      |       13.1109 |       18.3062 |       11.3819 |            1.7161 |            3.8481 |            2.9193 |            2.8983
 17216 |    214 | 2018-06-15 05:43:19        |       13.1126 |       18.3092 |       11.4198 |            1.7186 |            3.8637 |            2.9249 |            2.9127
 17216 |    215 | 2018-06-15 05:43:34        |       13.1087 |       18.3068 |       11.3425 |            1.7075 |            3.8374 |            2.9058 |            2.8917
 17216 |    216 | 2018-06-15 05:43:49        |        13.109 |       18.3067 |       11.3832 |            1.7161 |             3.849 |            2.9191 |            2.8991
 17216 |    217 | 2018-06-15 05:44:01.5      |       13.1107 |        18.306 |       11.3738 |            1.7095 |            3.8491 |            2.9129 |            2.9022
 17216 |    218 | 2018-06-15 05:44:11.5      |       13.1094 |       18.3068 |       11.3739 |            1.7155 |            3.8453 |            2.9168 |            2.8963
 17216 |    219 | 2018-06-15 05:44:24        |       13.1102 |       18.3074 |       11.3195 |            1.7071 |            3.8267 |            2.9034 |            2.8824
 17216 |    220 | 2018-06-15 05:44:39        |       13.1073 |       18.3073 |       11.2414 |            1.6954 |            3.7999 |            2.8837 |            2.8625
 17216 |    221 | 2018-06-15 05:44:51.5      |       13.1067 |       18.3064 |       11.2098 |            1.6913 |            3.7893 |            2.8751 |             2.854
 17216 |    222 | 2018-06-15 05:45:04        |       13.1086 |       18.3056 |       11.2932 |            1.7035 |            3.8175 |            2.8959 |            2.8763
 17216 |    223 | 2018-06-15 05:45:16.5      |       13.1133 |       18.3104 |       11.2511 |            1.6938 |            3.8064 |            2.8805 |            2.8704
 17216 |    224 | 2018-06-15 05:45:29        |       13.1094 |       18.3069 |       11.3368 |            1.7097 |            3.8323 |            2.9074 |            2.8874
 17216 |    225 | 2018-06-15 05:45:41.5      |       13.1075 |       18.2973 |       11.2338 |            1.6945 |            3.7964 |            2.8801 |            2.8627
 17216 |    226 | 2018-06-15 05:45:54        |       13.1081 |       18.3065 |       11.2562 |            1.6947 |            3.8071 |            2.8842 |            2.8702
 17216 |    227 | 2018-06-15 05:46:06.5      |       13.1085 |       18.3067 |       11.4001 |            1.7188 |            3.8542 |             2.923 |             2.904
 17216 |    228 | 2018-06-15 05:46:19        |       13.1077 |       18.3004 |        11.293 |             1.704 |             3.818 |            2.8956 |            2.8754
 17216 |    229 | 2018-06-15 05:46:31.5      |       13.1039 |       18.3068 |       11.1607 |            1.6846 |            3.7731 |            2.8624 |            2.8405
 17216 |    230 | 2018-06-15 05:46:44        |       13.1082 |        18.299 |       11.2894 |            1.7028 |             3.816 |            2.8953 |            2.8752
 17216 |    231 | 2018-06-15 05:46:59        |       13.1109 |       18.3076 |       11.3958 |            1.7181 |            3.8529 |             2.923 |            2.9018
 17216 |    232 | 2018-06-15 05:47:11.5      |       13.1087 |       18.3072 |       11.3537 |            1.7123 |            3.8389 |            2.9116 |            2.8909
 17216 |    233 | 2018-06-15 05:47:24        |       13.1091 |       18.3067 |         11.35 |            1.7117 |            3.8377 |            2.9105 |              2.89
 17216 |    234 | 2018-06-15 05:47:36.5      |       13.1075 |       18.3081 |       11.2711 |            1.6993 |            3.8101 |            2.8894 |            2.8723
 17216 |    235 | 2018-06-15 05:47:49        |       13.0883 |       18.2965 |       11.3462 |             1.704 |            3.8409 |            2.9039 |            2.8973
 17216 |    236 | 2018-06-15 05:48:01.5      |       13.1073 |       18.3058 |        11.316 |            1.7065 |            3.8262 |            2.9019 |            2.8813
 17216 |    237 | 2018-06-15 05:48:14        |       13.1098 |       18.3075 |        11.348 |            1.7113 |            3.8369 |            2.9105 |            2.8893
 17216 |    238 | 2018-06-15 05:48:26.5      |       13.1075 |       18.3073 |       11.2729 |            1.7005 |            3.8114 |            2.8913 |            2.8698
 17216 |    239 | 2018-06-15 05:48:39        |       13.1101 |       18.3068 |       11.3025 |            1.7044 |            3.8212 |            2.8991 |            2.8778
 17216 |    240 | 2018-06-15 05:48:51.5      |       13.1077 |       18.3056 |       11.2553 |            1.6932 |            3.8081 |            2.8818 |            2.8721
 17216 |    241 | 2018-06-15 05:49:04        |       13.1092 |       18.3067 |       11.2065 |             1.691 |            3.7878 |            2.8749 |            2.8528
 17216 |    242 | 2018-06-15 05:49:19        |       13.1068 |       18.3069 |       11.1813 |            1.6881 |            3.7793 |            2.8675 |            2.8464
 17216 |    243 | 2018-06-15 05:49:34        |       13.0998 |       18.3018 |       11.2121 |            1.6883 |            3.7917 |            2.8736 |            2.8584
 17216 |    244 | 2018-06-15 05:49:49        |       13.1087 |       18.3094 |       11.1822 |            1.6846 |            3.7815 |            2.8657 |            2.8504
 17216 |    245 | 2018-06-15 05:50:04        |       13.1052 |       18.3067 |        11.124 |            1.6794 |            3.7599 |            2.8531 |            2.8316
 17216 |    246 | 2018-06-15 05:50:19        |       13.1018 |       18.3037 |       11.2583 |            1.6958 |            3.8078 |            2.8842 |            2.8705
 17216 |    247 | 2018-06-15 05:50:34        |       13.1113 |       18.3079 |       11.3004 |            1.7038 |            3.8198 |            2.8994 |            2.8774
 17216 |    248 | 2018-06-15 05:50:49        |       13.1091 |       18.3073 |       11.3028 |            1.7042 |             3.821 |            2.8993 |            2.8783
 17216 |    249 | 2018-06-15 05:51:04        |       13.1074 |       18.3067 |       11.4052 |            1.7189 |            3.8564 |            2.9245 |            2.9054
 17216 |    250 | 2018-06-15 05:51:19        |       13.1146 |       18.3083 |       11.4135 |            1.7182 |            3.8595 |            2.9283 |            2.9076
 17216 |    251 | 2018-06-15 05:51:34        |       13.1093 |       18.3074 |       11.3519 |            1.7106 |            3.8382 |            2.9121 |             2.891
 17216 |    252 | 2018-06-15 05:51:49        |       13.1083 |       18.3067 |       11.3438 |            1.7101 |            3.8353 |            2.9098 |            2.8886
 17216 |    253 | 2018-06-15 05:52:04        |       13.1113 |       18.3077 |       11.5188 |            1.7333 |            3.8957 |            2.9545 |            2.9353
 17216 |    254 | 2018-06-15 05:52:19        |       13.1066 |       18.3062 |       11.2765 |            1.7009 |            3.8125 |            2.8921 |            2.8709
 17216 |    255 | 2018-06-15 05:52:36.5      |         13.11 |       18.3069 |       11.3185 |            1.7064 |            3.8265 |            2.9036 |            2.8819
 17216 |    256 | 2018-06-15 05:52:54        |        13.102 |       18.3005 |       11.1867 |            1.6844 |            3.7836 |            2.8666 |            2.8521
 17216 |    257 | 2018-06-15 05:59:45.27673  |       13.1056 |       18.3064 |        1.3872 |            0.3029 |            0.3698 |            0.3797 |            0.3347
(258 rows)

