  run  | subrun |            time            | step1_voltage | step2_voltage | total_current | pos_2step_current | pos_1step_current | neg_2step_current | neg_1step_current 
-------+--------+----------------------------+---------------+---------------+---------------+-------------------+-------------------+-------------------+-------------------
 17231 |      0 | 2018-06-15 19:51:49.5      |       13.1089 |       18.3055 |       11.5431 |            1.7326 |            3.9066 |            2.9595 |            2.9444
 17231 |      1 | 2018-06-15 19:52:18.333333 |       13.1072 |       18.3073 |       10.6786 |            1.6135 |             3.607 |            2.7449 |            2.7132
 17231 |      2 | 2018-06-15 19:52:29.5      |       13.0987 |       18.2979 |       10.5833 |             1.591 |            3.5791 |              2.71 |            2.7034
 17231 |      3 | 2018-06-15 19:52:39.5      |        13.107 |       18.3034 |       10.7612 |            1.6229 |            3.6339 |            2.7605 |            2.7439
 17231 |      4 | 2018-06-15 19:52:47        |       13.1134 |       18.3087 |       11.1093 |             1.674 |            3.7509 |            2.8532 |            2.8312
 17231 |      5 | 2018-06-15 19:52:54.5      |       13.1075 |       18.3076 |       10.9438 |            1.6511 |            3.6953 |            2.8098 |            2.7877
 17231 |      6 | 2018-06-15 19:53:07        |       13.1185 |       18.3159 |       11.1126 |            1.6667 |            3.7608 |             2.841 |            2.8441
 17231 |      7 | 2018-06-15 19:53:14.5      |       13.1075 |       18.3075 |       11.0679 |            1.6694 |            3.7381 |            2.8411 |            2.8194
 17231 |      8 | 2018-06-15 19:53:24.5      |        13.107 |       18.3066 |        11.132 |            1.6783 |            3.7604 |            2.8571 |            2.8363
 17231 |      9 | 2018-06-15 19:53:34.5      |       13.1079 |       18.3076 |       11.1614 |            1.6824 |            3.7705 |            2.8649 |            2.8437
 17231 |     10 | 2018-06-15 19:53:44.5      |       13.1116 |       18.3085 |       11.2672 |            1.6967 |            3.8066 |            2.8931 |            2.8708
 17231 |     11 | 2018-06-15 19:53:54.5      |       13.1142 |       18.3093 |       11.2345 |            1.6876 |            3.7999 |            2.8816 |            2.8653
 17231 |     12 | 2018-06-15 19:54:02        |       13.1123 |       18.3074 |        11.426 |            1.7194 |            3.8611 |            2.9327 |            2.9128
 17231 |     13 | 2018-06-15 19:54:09.5      |       13.1103 |        18.309 |       11.2438 |            1.6932 |            3.7992 |            2.8871 |            2.8643
 17231 |     14 | 2018-06-15 19:54:19.5      |       13.1081 |       18.3077 |       11.4046 |            1.7165 |            3.8549 |            2.9263 |             2.907
 17231 |     15 | 2018-06-15 19:54:29.5      |       13.1097 |        18.309 |       11.3471 |            1.7075 |             3.835 |             2.913 |            2.8918
 17231 |     16 | 2018-06-15 19:54:39.5      |       13.1086 |       18.3066 |        11.284 |            1.6993 |            3.8135 |            2.8963 |            2.8748
 17231 |     17 | 2018-06-15 19:54:49.5      |       13.1115 |       18.3053 |       11.4181 |            1.7135 |            3.8635 |            2.9249 |            2.9162
 17231 |     18 | 2018-06-15 19:54:59.5      |       13.1057 |       18.3106 |       11.3135 |            1.6996 |            3.8259 |            2.9038 |            2.8842
 17231 |     19 | 2018-06-15 19:55:09.5      |        13.108 |       18.3075 |       11.3855 |            1.7142 |            3.8484 |            2.9216 |            2.9013
 17231 |     20 | 2018-06-15 19:55:17        |       13.1064 |       18.3072 |       11.2032 |            1.6888 |            3.7859 |            2.8755 |             2.853
 17231 |     21 | 2018-06-15 19:55:24.5      |       13.1128 |       18.3079 |       11.3759 |            1.7072 |            3.8479 |            2.9162 |            2.9047
 17231 |     22 | 2018-06-15 19:55:34.5      |       13.0702 |       18.3103 |       11.2271 |            1.6903 |            3.7958 |            2.8806 |            2.8605
 17231 |     23 | 2018-06-15 19:55:44.5      |       13.1127 |       18.3071 |       11.3572 |            1.7095 |            3.8383 |            2.9163 |             2.893
 17231 |     24 | 2018-06-15 19:55:54.5      |       13.1067 |       18.3073 |       11.2127 |            1.6891 |            3.7894 |            2.8785 |            2.8557
 17231 |     25 | 2018-06-15 19:56:04.5      |       13.1118 |       18.3091 |       11.3201 |            1.7034 |            3.8248 |            2.9051 |            2.8867
 17231 |     26 | 2018-06-15 19:56:12        |       13.1096 |       18.3083 |       11.3349 |            1.7067 |            3.8309 |            2.9093 |             2.888
 17231 |     27 | 2018-06-15 19:56:19.5      |       13.1056 |       18.3074 |       11.1549 |            1.6812 |            3.7697 |            2.8636 |            2.8404
 17231 |     28 | 2018-06-15 19:56:29.5      |        13.112 |       18.3076 |       11.3114 |            1.7026 |            3.8227 |            2.9043 |            2.8817
 17231 |     29 | 2018-06-15 19:56:39.5      |       13.1073 |       18.3077 |       11.1593 |            1.6816 |            3.7708 |            2.8651 |            2.8417
 17231 |     30 | 2018-06-15 19:56:49.5      |       13.1118 |       18.3071 |       11.2646 |             1.696 |            3.8064 |            2.8925 |            2.8697
 17231 |     31 | 2018-06-15 19:56:59.5      |       13.1057 |          18.3 |       11.1002 |            1.6711 |            3.7513 |            2.8471 |            2.8307
 17231 |     32 | 2018-06-15 19:57:09.5      |       13.1098 |       18.3094 |       11.1486 |            1.6799 |            3.7664 |            2.8635 |            2.8388
 17231 |     33 | 2018-06-15 19:57:17        |       13.1011 |       18.3159 |       11.2459 |            1.6862 |            3.8056 |             2.885 |            2.8691
 17231 |     34 | 2018-06-15 19:57:27        |       13.1076 |       18.3079 |       11.1745 |            1.6836 |            3.7758 |             2.869 |            2.8461
 17231 |     35 | 2018-06-15 19:57:35        |       13.1099 |       18.3077 |       11.1175 |            1.6753 |            3.7557 |            2.8556 |             2.831
 17231 |     36 | 2018-06-15 19:57:44.5      |       13.1064 |       18.3061 |       11.0974 |            1.6726 |            3.7481 |            2.8479 |            2.8288
 17231 |     37 | 2018-06-15 19:57:54.5      |       13.1158 |       18.3076 |       11.3479 |            1.7067 |             3.835 |            2.9135 |            2.8926
 17231 |     38 | 2018-06-15 19:58:04.5      |         13.11 |        18.304 |       11.1768 |            1.6845 |            3.7759 |            2.8699 |            2.8465
 17231 |     39 | 2018-06-15 19:58:14.5      |       13.1101 |       18.3045 |       11.2736 |            1.6995 |            3.8095 |            2.8927 |             2.872
 17231 |     40 | 2018-06-15 19:58:24.5      |       13.1134 |       18.3092 |       11.1992 |            1.6836 |            3.7879 |            2.8723 |            2.8556
 17231 |     41 | 2018-06-15 19:58:32        |        13.112 |       18.3071 |       11.3892 |             1.715 |            3.8486 |            2.9229 |            2.9027
 17231 |     42 | 2018-06-15 19:58:39.5      |       13.1075 |       18.3076 |       11.2101 |            1.6888 |            3.7881 |            2.8777 |            2.8555
 17231 |     43 | 2018-06-15 19:58:49.5      |        13.102 |       18.3026 |       11.3834 |            1.7086 |            3.8509 |            2.9164 |            2.9076
 17231 |     44 | 2018-06-15 19:58:59.5      |       13.1121 |       18.3067 |       11.2791 |            1.6932 |            3.8152 |            2.8918 |            2.8788
 17231 |     45 | 2018-06-15 19:59:09.5      |       13.1132 |       18.3092 |       11.3813 |            1.7126 |            3.8464 |            2.9224 |               2.9
 17231 |     46 | 2018-06-15 19:59:19.5      |       13.0953 |       18.3019 |       11.3664 |            1.7073 |            3.8458 |            2.9104 |            2.9028
 17231 |     47 | 2018-06-15 19:59:27        |       13.1097 |       18.3079 |       11.3207 |            1.7053 |            3.8259 |            2.9055 |             2.884
 17231 |     48 | 2018-06-15 19:59:37        |       13.1063 |       18.3077 |       11.1478 |            1.6801 |            3.7672 |            2.8621 |            2.8384
 17231 |     49 | 2018-06-15 19:59:44.5      |       13.1128 |       18.3078 |       11.3598 |            1.7097 |            3.8391 |            2.9167 |            2.8943
 17231 |     50 | 2018-06-15 19:59:54.5      |       13.1083 |       18.3078 |       11.2801 |            1.6986 |            3.8122 |            2.8956 |            2.8737
 17231 |     51 | 2018-06-15 20:00:04.5      |       13.1097 |       18.3077 |       11.3194 |            1.7043 |            3.8256 |            2.9055 |             2.884
 17231 |     52 | 2018-06-15 20:00:14.5      |       13.1082 |       18.3075 |       11.2852 |               1.7 |            3.8141 |            2.8963 |            2.8749
 17231 |     53 | 2018-06-15 20:00:24.5      |       13.1107 |         18.31 |       11.3257 |            1.7027 |            3.8296 |            2.9065 |            2.8869
 17231 |     54 | 2018-06-15 20:00:34.5      |       13.1081 |       18.3074 |       11.2367 |            1.6929 |            3.7973 |            2.8845 |             2.862
 17231 |     55 | 2018-06-15 20:00:42        |       13.1211 |       18.3108 |       11.3378 |            1.7035 |            3.8319 |            2.9135 |            2.8889
 17231 |     56 | 2018-06-15 20:00:49.5      |       13.0991 |       18.3029 |        11.443 |            1.7168 |            3.8711 |            2.9322 |            2.9229
 17231 |     57 | 2018-06-15 20:00:59.5      |       13.1071 |       18.3078 |        11.236 |            1.6922 |            3.7972 |            2.8845 |            2.8621
 17231 |     58 | 2018-06-15 20:01:09.5      |       13.0977 |       18.3025 |       11.1499 |             1.674 |            3.7729 |            2.8533 |            2.8497
 17231 |     59 | 2018-06-15 20:01:19.5      |       13.1114 |       18.3089 |       11.4089 |            1.7166 |            3.8563 |            2.9289 |            2.9072
 17231 |     60 | 2018-06-15 20:01:29.5      |       13.1057 |       18.3077 |       11.1603 |             1.682 |            3.7713 |            2.8654 |            2.8417
 17231 |     61 | 2018-06-15 20:01:39.5      |       13.1109 |       18.3083 |       11.3506 |            1.7084 |            3.8358 |            2.9146 |            2.8918
 17231 |     62 | 2018-06-15 20:01:47        |       13.1039 |       18.3071 |        11.058 |            1.6675 |            3.7362 |            2.8395 |            2.8148
 17231 |     63 | 2018-06-15 20:01:54.5      |       13.0886 |       18.2996 |       11.3142 |            1.6995 |            3.8274 |            2.8979 |            2.8895
 17231 |     64 | 2018-06-15 20:02:04.5      |       13.1055 |       18.3071 |       11.0915 |            1.6722 |            3.7472 |            2.8479 |            2.8242
 17231 |     65 | 2018-06-15 20:02:14.5      |       13.0955 |       18.3021 |       11.1219 |            1.6734 |            3.7603 |            2.8506 |            2.8377
 17231 |     66 | 2018-06-15 20:02:24.5      |       13.1103 |       18.3071 |       11.2595 |            1.6961 |            3.8049 |            2.8902 |            2.8685
 17231 |     67 | 2018-06-15 20:02:34.5      |       13.1096 |       18.3079 |       11.1977 |            1.6869 |            3.7834 |            2.8751 |            2.8523
 17231 |     68 | 2018-06-15 20:02:44.5      |       13.1127 |       18.3105 |       11.1773 |            1.6794 |              3.78 |            2.8657 |            2.8522
 17231 |     69 | 2018-06-15 20:02:52        |       13.1126 |       18.3078 |       11.3694 |            1.7119 |            3.8417 |            2.9185 |            2.8973
 17231 |     70 | 2018-06-15 20:02:59.5      |       13.0931 |       18.3085 |       11.1257 |            1.6757 |            3.7605 |            2.8548 |            2.8346
 17231 |     71 | 2018-06-15 20:03:09.5      |       13.1116 |       18.3087 |       11.2115 |            1.6892 |            3.7877 |            2.8792 |            2.8554
 17231 |     72 | 2018-06-15 20:03:19.5      |       13.1109 |       18.3093 |       11.3282 |            1.7036 |            3.8292 |            2.9077 |            2.8877
 17231 |     73 | 2018-06-15 20:03:29.5      |       13.1069 |       18.2979 |       11.0894 |            1.6715 |             3.746 |            2.8467 |            2.8254
 17231 |     74 | 2018-06-15 20:03:40        |       13.1146 |       18.3109 |       11.2983 |            1.6966 |            3.8212 |            2.8956 |            2.8849
 17231 |     75 | 2018-06-15 20:03:48        |       13.1051 |       18.3073 |       11.0843 |             1.671 |             3.745 |             2.846 |            2.8223
 17231 |     76 | 2018-06-15 20:03:55.5      |       13.1123 |       18.3074 |       11.3095 |            1.7025 |            3.8217 |            2.9039 |            2.8815
 17231 |     77 | 2018-06-15 20:04:08        |       13.1093 |       18.3077 |       11.2719 |            1.6978 |            3.8092 |            2.8934 |            2.8715
 17231 |     78 | 2018-06-15 20:04:15.5      |       13.1056 |       18.3075 |       11.1593 |            1.6821 |            3.7708 |            2.8645 |            2.8418
 17231 |     79 | 2018-06-15 20:04:25.5      |       13.1119 |       18.3083 |       11.4188 |            1.7183 |            3.8592 |            2.9314 |            2.9099
 17231 |     80 | 2018-06-15 20:04:35.5      |       13.1061 |       18.3079 |        11.173 |            1.6835 |            3.7755 |            2.8685 |            2.8456
 17231 |     81 | 2018-06-15 20:04:45.5      |       13.1188 |       18.3105 |       11.3864 |            1.7113 |            3.8484 |            2.9247 |            2.9021
 17231 |     82 | 2018-06-15 20:04:53        |       13.1043 |       18.3075 |       11.2945 |            1.7008 |            3.8172 |            2.8989 |            2.8776
 17231 |     83 | 2018-06-15 20:05:00.5      |       13.1099 |       18.3089 |       11.2523 |             1.694 |            3.8023 |            2.8899 |            2.8662
 17231 |     84 | 2018-06-15 20:05:10.5      |       13.1092 |       18.3018 |       11.4109 |            1.7126 |            3.8607 |            2.9239 |            2.9137
 17231 |     85 | 2018-06-15 20:05:20.5      |        13.107 |       18.3075 |       11.1861 |            1.6858 |              3.78 |             2.872 |            2.8483
 17231 |     86 | 2018-06-15 20:05:30.5      |       13.1129 |       18.3078 |       11.3639 |            1.7104 |            3.8403 |            2.9179 |            2.8953
 17231 |     87 | 2018-06-15 20:05:40.5      |       13.1065 |       18.3082 |       11.2654 |            1.6944 |            3.8087 |             2.888 |            2.8742
 17231 |     88 | 2018-06-15 20:05:50.5      |       13.1074 |       18.3076 |       11.2329 |             1.692 |            3.7961 |            2.8838 |            2.8611
 17231 |     89 | 2018-06-15 20:06:00.5      |       13.0974 |       18.3007 |       11.3366 |            1.7015 |            3.8345 |            2.9063 |            2.8943
 17231 |     90 | 2018-06-15 20:06:08        |       13.1118 |       18.3062 |       11.4049 |            1.7166 |            3.8548 |            2.9272 |            2.9063
 17231 |     91 | 2018-06-15 20:06:15.5      |       13.1085 |       18.3063 |       11.2966 |            1.7016 |            3.8183 |             2.899 |            2.8777
 17231 |     92 | 2018-06-15 20:06:25.5      |       13.1076 |       18.2789 |       11.2102 |            1.6848 |            3.7912 |             2.871 |            2.8632
 17231 |     93 | 2018-06-15 20:06:35.5      |       13.1096 |       18.3073 |       11.3381 |            1.7075 |            3.8319 |            2.9102 |            2.8885
 17231 |     94 | 2018-06-15 20:06:45.5      |       13.1062 |       18.3075 |        11.143 |            1.6791 |            3.7652 |            2.8613 |            2.8375
 17231 |     95 | 2018-06-15 20:06:53        |       13.1138 |       18.3099 |       11.5081 |            1.7296 |            3.8896 |            2.9553 |            2.9336
 17231 |     96 | 2018-06-15 20:07:00.5      |       13.1102 |       18.3077 |       11.3425 |            1.7075 |            3.8333 |            2.9121 |            2.8897
 17231 |     97 | 2018-06-15 20:07:10.5      |       13.1021 |       18.3006 |       11.4362 |            1.7163 |            3.8687 |            2.9306 |            2.9205
 17231 |     98 | 2018-06-15 20:07:20.5      |       13.1135 |       18.3073 |        11.271 |            1.6974 |            3.8095 |            2.8929 |            2.8713
 17231 |     99 | 2018-06-15 20:07:30.5      |         13.11 |       18.3081 |       11.2082 |            1.6885 |            3.7871 |            2.8786 |             2.854
 17231 |    100 | 2018-06-15 20:07:40.5      |       13.1091 |       18.3078 |       11.3055 |            1.7027 |            3.8205 |            2.9019 |            2.8803
 17231 |    101 | 2018-06-15 20:07:50.5      |       13.1089 |       18.3081 |       11.1964 |            1.6869 |            3.7828 |            2.8756 |             2.851
 17231 |    102 | 2018-06-15 20:08:00.5      |       13.0629 |       18.3083 |       11.4014 |            1.7151 |            3.8551 |            2.9241 |            2.9072
 17231 |    103 | 2018-06-15 20:08:08        |       13.1065 |       18.2969 |       11.1134 |            1.6758 |            3.7549 |            2.8536 |            2.8291
 17231 |    104 | 2018-06-15 20:08:15.5      |       13.1106 |       18.3073 |       11.3558 |            1.7106 |            3.8374 |            2.9149 |            2.8929
 17231 |    105 | 2018-06-15 20:08:25.5      |       13.1096 |       18.3088 |       11.2352 |            1.6926 |            3.7961 |            2.8855 |             2.861
 17231 |    106 | 2018-06-15 20:08:35.5      |        13.112 |       18.3088 |       11.4362 |            1.7204 |             3.865 |            2.9363 |            2.9146
 17231 |    107 | 2018-06-15 20:08:45.5      |       13.1112 |       18.3111 |       11.2084 |            1.6842 |            3.7907 |            2.8737 |            2.8599
 17231 |    108 | 2018-06-15 20:08:55.5      |       13.1127 |       18.3077 |       11.4398 |            1.7208 |            3.8662 |            2.9373 |            2.9154
 17231 |    109 | 2018-06-15 20:09:05.5      |       13.1109 |       18.3084 |        11.273 |            1.6974 |            3.8091 |             2.895 |            2.8716
 17231 |    110 | 2018-06-15 20:09:15.5      |       13.1152 |       18.3109 |       11.3513 |            1.7047 |            3.8395 |            2.9091 |            2.8979
 17231 |    111 | 2018-06-15 20:09:23        |       13.1065 |       18.3073 |       11.1254 |            1.6774 |            3.7587 |            2.8566 |            2.8327
 17231 |    112 | 2018-06-15 20:09:30.5      |       13.1118 |       18.3085 |       11.3798 |            1.7085 |            3.8499 |            2.9177 |            2.9037
 17231 |    113 | 2018-06-15 20:09:40.5      |       13.1059 |       18.3074 |        11.086 |            1.6714 |            3.7454 |            2.8465 |            2.8227
 17231 |    114 | 2018-06-15 20:09:50.5      |       13.1125 |       18.3076 |       11.2508 |            1.6946 |            3.8011 |            2.8892 |            2.8658
 17231 |    115 | 2018-06-15 20:10:03.666667 |       13.1067 |       18.3076 |        9.1349 |            1.3954 |            3.0734 |            2.3574 |            2.3087
 17231 |    116 | 2018-06-15 20:10:15.5      |       13.1069 |       18.3074 |          6.06 |             0.959 |            2.0115 |            1.5833 |            1.5061
 17231 |    117 | 2018-06-15 20:10:28        |       13.1068 |       18.3074 |        3.8366 |             0.645 |            1.2377 |            1.0189 |            0.9351
 17231 |    118 | 2018-06-15 20:10:43        |       13.1069 |       18.3076 |        2.4565 |            0.4503 |            0.7537 |            0.6652 |            0.5873
 17231 |    119 | 2018-06-15 20:10:58        |       13.1067 |       18.3076 |        1.6936 |             0.344 |            0.4833 |            0.4677 |            0.3985
 17231 |    120 | 2018-06-15 20:11:13.333333 |       13.1066 |       18.3075 |        1.2708 |             0.286 |            0.3324 |            0.3569 |            0.2955
 17231 |    121 | 2018-06-15 20:11:25.5      |       13.1081 |       18.3074 |        3.5329 |            0.6084 |            1.1066 |            0.9213 |            0.8966
 17231 |    122 | 2018-06-15 20:11:35.5      |        13.112 |       18.3081 |        6.1643 |            0.9812 |            2.0135 |            1.5834 |            1.5863
 17231 |    123 | 2018-06-15 20:11:43        |       13.1053 |       18.3075 |        7.5598 |             1.179 |            2.4985 |            1.9344 |            1.9479
 17231 |    124 | 2018-06-15 20:11:50.5      |       13.1117 |       18.3104 |        8.2489 |            1.2712 |            2.7431 |            2.1061 |            2.1284
 17231 |    125 | 2018-06-15 20:12:00.5      |       13.1098 |       18.3076 |        9.3994 |            1.4378 |            3.1413 |             2.405 |            2.4154
 17231 |    126 | 2018-06-15 20:12:10.5      |       13.1091 |       18.3078 |        9.9528 |            1.5156 |            3.3365 |            2.5472 |            2.5537
 17231 |    127 | 2018-06-15 20:12:20.5      |       13.1113 |       18.3098 |       10.3392 |            1.5667 |            3.4752 |            2.6479 |            2.6494
 17231 |    128 | 2018-06-15 20:12:30.5      |       13.1107 |       18.3081 |       10.7489 |             1.626 |            3.6182 |            2.7541 |            2.7506
 17231 |    129 | 2018-06-15 20:12:40.5      |       13.1087 |       18.3089 |       10.8902 |            1.6448 |            3.6699 |             2.792 |            2.7835
 17231 |    130 | 2018-06-15 20:12:50.5      |       13.1057 |       18.3079 |       10.8821 |            1.6443 |            3.6696 |              2.79 |            2.7783
 17231 |    131 | 2018-06-15 20:13:00.5      |       13.1148 |       18.3084 |       11.2477 |            1.6945 |            3.7963 |            2.8845 |            2.8725
 17231 |    132 | 2018-06-15 20:13:08        |       13.1119 |       18.3068 |       11.2792 |            1.7006 |            3.8079 |            2.8924 |            2.8783
 17231 |    133 | 2018-06-15 20:13:15.5      |       13.1068 |       18.2957 |       11.0395 |            1.6648 |            3.7272 |            2.8296 |            2.8178
 17231 |    134 | 2018-06-15 20:13:25.5      |       13.0917 |       18.3008 |       11.2511 |            1.6919 |            3.8035 |            2.8803 |            2.8755
 17231 |    135 | 2018-06-15 20:13:35.5      |       13.1057 |       18.3077 |       11.1096 |            1.6754 |            3.7521 |            2.8513 |            2.8308
 17231 |    136 | 2018-06-15 20:13:45.5      |       13.1117 |       18.3077 |       11.3639 |            1.7112 |             3.839 |            2.9166 |            2.8971
 17231 |    137 | 2018-06-15 20:13:53        |       13.1053 |       18.3075 |       11.1292 |            1.6777 |              3.76 |            2.8566 |            2.8349
 17231 |    138 | 2018-06-15 20:14:03        |       13.1114 |       18.3061 |       11.3899 |            1.7146 |            3.8487 |            2.9232 |            2.9034
 17231 |    139 | 2018-06-15 20:14:11        |       13.1123 |       18.3074 |         11.41 |             1.718 |            3.8559 |            2.9282 |            2.9079
 17231 |    140 | 2018-06-15 20:14:20.5      |       13.0922 |          18.3 |       11.1966 |            1.6838 |            3.7867 |            2.8687 |            2.8574
 17231 |    141 | 2018-06-15 20:14:30.5      |       13.1111 |       18.3077 |       11.3853 |            1.7142 |            3.8476 |            2.9223 |            2.9013
 17231 |    142 | 2018-06-15 20:14:40.5      |       13.1087 |       18.3014 |       11.2919 |            1.7006 |            3.8156 |             2.899 |            2.8766
 17231 |    143 | 2018-06-15 20:14:50.5      |       13.1056 |       18.3077 |        11.195 |            1.6871 |            3.7831 |            2.8738 |             2.851
 17231 |    144 | 2018-06-15 20:15:03        |       13.1112 |       18.3088 |       11.3393 |             1.707 |            3.8319 |            2.9117 |            2.8888
 17231 |    145 | 2018-06-15 20:15:20.5      |       13.1098 |       18.3079 |       11.3127 |            1.7046 |             3.823 |            2.9036 |            2.8815
 17231 |    146 | 2018-06-15 20:15:38        |       13.1091 |       18.3081 |       11.2762 |            1.6987 |            3.8103 |            2.8949 |            2.8724
 17231 |    147 | 2018-06-15 20:15:53        |       13.1072 |       18.3076 |       11.1631 |            1.6827 |            3.7717 |             2.866 |            2.8427
 17231 |    148 | 2018-06-15 20:16:08        |       13.1099 |       18.3084 |       11.2366 |            1.6929 |            3.7965 |            2.8851 |            2.8622
 17231 |    149 | 2018-06-15 20:16:20.5      |       13.1088 |       18.3086 |       11.1298 |            1.6778 |            3.7598 |            2.8582 |            2.8339
 17231 |    150 | 2018-06-15 20:16:30.5      |       13.1103 |       18.3074 |       11.2691 |            1.6978 |            3.8076 |            2.8928 |            2.8708
 17231 |    151 | 2018-06-15 20:16:40.5      |       13.1098 |       18.3083 |       11.2304 |            1.6916 |            3.7943 |            2.8838 |            2.8607
 17231 |    152 | 2018-06-15 20:16:48        |        13.109 |       18.3079 |       11.2078 |             1.689 |            3.7866 |            2.8773 |            2.8549
 17231 |    153 | 2018-06-15 20:16:55.5      |       13.0982 |       18.3001 |       11.1312 |             1.673 |            3.7635 |             2.854 |            2.8407
 17231 |    154 | 2018-06-15 20:17:08        |       13.1093 |       18.3075 |       11.2481 |            1.6948 |            3.8005 |            2.8872 |            2.8656
 17231 |    155 | 2018-06-15 20:17:15.5      |       13.1078 |       18.3071 |       11.1827 |            1.6858 |            3.7782 |            2.8706 |            2.8481
 17231 |    156 | 2018-06-15 20:17:25.5      |       13.1094 |       18.3056 |       11.2243 |            1.6885 |            3.7948 |            2.8774 |            2.8637
 17231 |    157 | 2018-06-15 20:17:35.5      |       13.1043 |       18.3112 |       11.1379 |            1.6751 |            3.7664 |            2.8542 |            2.8421
 17231 |    158 | 2018-06-15 20:17:43        |       13.1093 |       18.3076 |       11.4736 |            1.7258 |            3.8779 |            2.9448 |            2.9251
 17231 |    159 | 2018-06-15 20:17:50.5      |       13.1085 |       18.3071 |       11.2464 |            1.6941 |            3.8003 |            2.8872 |            2.8648
 17231 |    160 | 2018-06-15 20:18:00.5      |       13.1052 |       18.3073 |       11.1395 |            1.6794 |             3.764 |            2.8597 |            2.8364
 17231 |    161 | 2018-06-15 20:18:10.5      |       13.1173 |        18.311 |       11.3302 |            1.7016 |            3.8319 |            2.9074 |            2.8894
 17231 |    162 | 2018-06-15 20:18:20.5      |       13.1113 |       18.3083 |       11.4044 |            1.7167 |            3.8537 |            2.9278 |            2.9062
 17231 |    163 | 2018-06-15 20:18:30.5      |       13.0891 |       18.3012 |       11.1285 |            1.6744 |            3.7627 |            2.8525 |            2.8388
 17231 |    164 | 2018-06-15 20:18:40.5      |       13.1101 |       18.3087 |       11.3834 |            1.7135 |            3.8469 |            2.9221 |            2.9008
 17231 |    165 | 2018-06-15 20:18:48        |        13.105 |       18.3071 |       11.1544 |            1.6812 |            3.7691 |            2.8637 |            2.8404
 17231 |    166 | 2018-06-15 20:18:55.5      |       13.1167 |       18.3077 |       11.3703 |            1.7102 |            3.8427 |            2.9202 |            2.8972
 17231 |    167 | 2018-06-15 20:19:08        |       13.1057 |        18.307 |       11.1647 |            1.6826 |            3.7725 |            2.8665 |            2.8431
 17231 |    168 | 2018-06-15 20:19:15.5      |       13.1088 |       18.3081 |        11.207 |            1.6886 |            3.7866 |            2.8779 |            2.8538
 17231 |    169 | 2018-06-15 20:19:25.5      |       13.1084 |       18.3064 |       11.2894 |            1.7006 |            3.8153 |            2.8976 |            2.8758
 17231 |    170 | 2018-06-15 20:19:35.5      |       13.1088 |       18.3088 |       11.3111 |            1.7023 |            3.8227 |            2.9044 |            2.8817
 17231 |    171 | 2018-06-15 20:19:45.5      |        13.107 |       18.3073 |       11.2269 |             1.691 |             3.794 |            2.8822 |            2.8597
 17231 |    172 | 2018-06-15 20:19:55.5      |       13.1123 |       18.3074 |       11.3546 |            1.7091 |            3.8373 |            2.9153 |             2.893
 17231 |    173 | 2018-06-15 20:20:08        |       13.1073 |       18.3075 |        9.8559 |            1.4963 |            3.3226 |            2.5387 |            2.4983
 17231 |    174 | 2018-06-15 20:20:20.5      |       13.1096 |       18.3065 |        8.7876 |            1.3458 |            2.9509 |            2.2679 |             2.223
 17231 |    175 | 2018-06-15 20:20:30.5      |       13.1089 |       18.3072 |        9.6331 |            1.4658 |            3.2394 |            2.4785 |            2.4494
 17231 |    176 | 2018-06-15 20:20:40.5      |       13.1047 |       18.3074 |       10.0628 |            1.5272 |            3.3872 |            2.5848 |            2.5637
 17231 |    177 | 2018-06-15 20:20:50.5      |       13.1136 |        18.309 |       10.6328 |            1.6074 |            3.5826 |            2.7306 |            2.7122
 17231 |    178 | 2018-06-15 20:21:00.5      |       13.0941 |       18.3111 |       10.7978 |            1.6267 |            3.6451 |            2.7671 |            2.7588
 17231 |    179 | 2018-06-15 20:21:13        |       13.1054 |       18.3072 |        8.5138 |            1.3066 |             2.857 |            2.1982 |             2.152
 17231 |    180 | 2018-06-15 20:21:25.5      |       13.0956 |       18.2999 |        9.0339 |            1.3761 |            3.0342 |            2.3228 |            2.3007
 17231 |    181 | 2018-06-15 20:21:35.5      |       13.1083 |       18.3076 |        9.6724 |            1.4727 |            3.2502 |            2.4856 |            2.4639
 17231 |    182 | 2018-06-15 20:21:45.5      |        13.108 |       18.3071 |       10.1226 |            1.5365 |            3.4055 |            2.5988 |            2.5817
 17231 |    183 | 2018-06-15 20:21:55.5      |       13.1075 |       18.3077 |       10.4617 |            1.5843 |            3.5235 |            2.6846 |            2.6694
 17231 |    184 | 2018-06-15 20:22:10.5      |       13.1077 |       18.3075 |        9.0555 |            1.3842 |             3.041 |            2.3335 |            2.2967
 17231 |    185 | 2018-06-15 20:22:23        |       13.1092 |       18.3074 |        8.7027 |            1.3351 |             2.917 |            2.2428 |            2.2078
 17231 |    186 | 2018-06-15 20:22:33        |       13.0968 |       18.3161 |        9.4057 |            1.4273 |             3.165 |            2.4078 |            2.4056
 17231 |    187 | 2018-06-15 20:22:40.5      |       13.1093 |       18.3073 |       10.0315 |            1.5237 |            3.3735 |            2.5755 |            2.5589
 17231 |    188 | 2018-06-15 20:22:50.5      |       13.1021 |        18.312 |       10.5372 |            1.5899 |            3.5522 |            2.7012 |            2.6938
 17231 |    189 | 2018-06-15 20:23:00.5      |       13.1113 |        18.307 |       10.6932 |            1.6161 |            3.6051 |            2.7417 |            2.7304
 17231 |    190 | 2018-06-15 20:23:15.5      |       13.1083 |       18.3079 |        8.7629 |            1.3406 |            2.9419 |            2.2573 |            2.2231
 17231 |    191 | 2018-06-15 20:23:30.5      |       13.1056 |       18.3098 |        9.2489 |            1.4132 |            3.1044 |            2.3782 |             2.353
 17231 |    192 | 2018-06-15 20:23:38        |       13.0935 |       18.3165 |       10.0327 |            1.5142 |            3.3793 |            2.5674 |            2.5718
 17231 |    193 | 2018-06-15 20:23:48        |       13.1057 |       18.3073 |       10.2187 |            1.5502 |            3.4395 |            2.6223 |            2.6067
 17231 |    194 | 2018-06-15 20:23:55.5      |       13.1121 |       18.3067 |       10.6208 |            1.6065 |            3.5781 |            2.7252 |            2.7111
 17231 |    195 | 2018-06-15 20:24:10.5      |       13.1058 |       18.3069 |        9.0092 |            1.3775 |            3.0261 |            2.3216 |             2.284
 17231 |    196 | 2018-06-15 20:24:25.5      |       13.1124 |       18.3072 |        9.0125 |            1.3785 |            3.0229 |            2.3211 |              2.29
 17231 |    197 | 2018-06-15 20:24:35.5      |       13.1074 |       18.3069 |        9.6021 |            1.4627 |            3.2258 |            2.4676 |             2.446
 17231 |    198 | 2018-06-15 20:24:43        |       13.1129 |         18.31 |       10.2792 |            1.5571 |            3.4582 |            2.6402 |            2.6237
 17231 |    199 | 2018-06-15 20:24:50.5      |       13.1094 |       18.3064 |        10.371 |            1.5713 |            3.4918 |            2.6612 |            2.6467
 17231 |    200 | 2018-06-15 20:25:05.5      |       13.1037 |        18.304 |        9.9512 |            1.5088 |             3.351 |            2.5556 |             2.536
 17231 |    201 | 2018-06-15 20:25:20.5      |       13.1086 |       18.3074 |        8.2387 |            1.2682 |            2.7583 |             2.128 |            2.0842
 17231 |    202 | 2018-06-15 20:25:30.5      |       13.1088 |        18.306 |        9.3495 |            1.4269 |            3.1387 |            2.4039 |            2.3801
 17231 |    203 | 2018-06-15 20:25:40.5      |       13.1068 |       18.3072 |        9.9068 |            1.5059 |            3.3312 |            2.5435 |            2.5261
 17231 |    204 | 2018-06-15 20:25:49        |       13.1203 |       18.3136 |       10.2777 |            1.5482 |             3.465 |            2.6302 |            2.6343
 17231 |    205 | 2018-06-15 20:25:59        |       13.1086 |       18.3081 |       10.6242 |            1.6068 |            3.5795 |            2.7263 |            2.7115
 17231 |    206 | 2018-06-15 20:26:14        |       13.1071 |       18.3071 |        8.8188 |            1.3504 |            2.9604 |             2.274 |            2.2339
 17231 |    207 | 2018-06-15 20:26:26.5      |       13.1085 |       18.3113 |        8.9258 |            1.3624 |            2.9966 |            2.2975 |            2.2693
 17231 |    208 | 2018-06-15 20:26:36.5      |       13.1106 |       18.3076 |        9.7872 |            1.4889 |            3.2892 |            2.5145 |            2.4947
 17231 |    209 | 2018-06-15 20:26:46.5      |       13.1083 |       18.3096 |       10.2409 |            1.5506 |            3.4476 |            2.6252 |            2.6175
 17231 |    210 | 2018-06-15 20:26:51.5      |       13.1113 |       18.3087 |       10.5396 |            1.5949 |            3.5494 |            2.7043 |             2.691
 17231 |    211 | 2018-06-15 20:27:06.5      |       13.1081 |       18.3075 |        9.8795 |            1.5013 |             3.325 |              2.54 |            2.5131
 17231 |    212 | 2018-06-15 20:27:21.5      |       13.1071 |       18.3075 |        8.3287 |            1.2821 |            2.7898 |            2.1496 |            2.1073
 17231 |    213 | 2018-06-15 20:27:31.5      |       13.1153 |       18.3107 |        9.4264 |            1.4335 |            3.1686 |            2.4189 |            2.4053
 17231 |    214 | 2018-06-15 20:27:41.5      |       13.1097 |       18.3086 |        9.9057 |            1.5055 |            3.3303 |            2.5445 |            2.5252
 17231 |    215 | 2018-06-15 20:27:51.5      |       13.1079 |       18.3074 |       10.4132 |            1.5777 |            3.5065 |            2.6711 |            2.6579
 17231 |    216 | 2018-06-15 20:28:01.5      |        13.106 |       18.3073 |       10.4741 |             1.586 |            3.5288 |            2.6876 |            2.6717
 17231 |    217 | 2018-06-15 20:28:14        |       13.1059 |       18.3074 |        8.5204 |            1.3086 |            2.8578 |            2.1985 |            2.1555
 17231 |    218 | 2018-06-15 20:28:29        |       13.1066 |       18.3077 |        9.2983 |            1.4204 |            3.1212 |            2.3901 |            2.3666
 17231 |    219 | 2018-06-15 20:28:36.5      |       13.1076 |       18.3069 |        9.6123 |            1.4644 |            3.2292 |            2.4696 |             2.449
 17231 |    220 | 2018-06-15 20:28:46.5      |       13.1119 |       18.3067 |       10.3427 |            1.5681 |            3.4808 |             2.654 |            2.6399
 17231 |    221 | 2018-06-15 20:28:56.5      |       13.1064 |       18.3072 |       10.4537 |            1.5834 |            3.5208 |            2.6824 |            2.6671
 17231 |    222 | 2018-06-15 20:29:11.5      |       13.1083 |       18.3081 |        9.0927 |            1.3892 |            3.0544 |            2.3431 |             2.306
 17231 |    223 | 2018-06-15 20:29:24        |       13.1223 |       18.3144 |        8.6823 |            1.3227 |            2.9167 |            2.2292 |            2.2137
 17231 |    224 | 2018-06-15 20:29:31.5      |       13.1054 |       18.3103 |        9.5198 |            1.4465 |            3.2009 |            2.4446 |            2.4278
 17231 |    225 | 2018-06-15 20:29:41.5      |       13.1068 |       18.3072 |        9.8876 |            1.5031 |            3.3244 |            2.5392 |            2.5209
 17231 |    226 | 2018-06-15 20:29:51.5      |       13.1119 |       18.3067 |       10.4283 |            1.5797 |             3.511 |            2.6763 |            2.6614
 17231 |    227 | 2018-06-15 20:30:01.5      |       13.1053 |       18.3073 |       10.5495 |            1.5964 |            3.5549 |            2.7066 |            2.6916
 17231 |    228 | 2018-06-15 20:30:11.5      |       13.1081 |       18.3073 |       10.7962 |            1.6323 |            3.6408 |             2.769 |            2.7541
 17231 |    229 | 2018-06-15 20:30:21.5      |       13.1105 |       18.3083 |       11.0943 |            1.6734 |            3.7441 |            2.8463 |            2.8306
 17231 |    230 | 2018-06-15 20:30:29        |       13.1197 |       18.3167 |       11.0959 |            1.6635 |            3.7518 |            2.8392 |            2.8414
 17231 |    231 | 2018-06-15 20:30:36.5      |       13.1114 |       18.3083 |       11.2524 |            1.6949 |            3.7998 |            2.8876 |            2.8701
 17231 |    232 | 2018-06-15 20:30:46.5      |        13.105 |       18.3037 |       11.0794 |            1.6679 |            3.7443 |             2.839 |            2.8282
 17231 |    233 | 2018-06-15 20:30:56.5      |       13.1097 |       18.3064 |        11.274 |            1.6983 |            3.8087 |            2.8931 |             2.874
 17231 |    234 | 2018-06-15 20:31:06.5      |       13.1064 |       18.3073 |       11.1493 |            1.6804 |            3.7666 |            2.8616 |            2.8407
 17231 |    235 | 2018-06-15 20:31:16.5      |       13.1047 |        18.303 |       11.2539 |            1.6909 |            3.8057 |            2.8837 |            2.8735
 17231 |    236 | 2018-06-15 20:31:26.5      |       13.1084 |       18.3075 |       11.3604 |            1.7106 |            3.8391 |             2.915 |            2.8956
 17231 |    237 | 2018-06-15 20:31:34        |       13.1062 |       18.3072 |       11.1251 |            1.6766 |            3.7592 |            2.8562 |            2.8331
 17231 |    238 | 2018-06-15 20:31:44        |       13.1103 |       18.3071 |       11.3375 |            1.7071 |            3.8317 |            2.9095 |            2.8892
 17231 |    239 | 2018-06-15 20:31:51.5      |       13.1055 |       18.2958 |       11.1648 |            1.6818 |            3.7729 |            2.8666 |            2.8435
 17231 |    240 | 2018-06-15 20:32:01.5      |       13.1124 |       18.3086 |         11.49 |            1.7272 |            3.8838 |            2.9501 |            2.9289
 17231 |    241 | 2018-06-15 20:32:11.5      |       13.1076 |       18.3077 |       11.2527 |            1.6957 |            3.8029 |            2.8881 |            2.8661
 17231 |    242 | 2018-06-15 20:32:21.5      |       13.1135 |       18.3089 |         11.38 |            1.7125 |            3.8458 |            2.9224 |            2.8992
 17231 |    243 | 2018-06-15 20:32:31.5      |       13.1082 |       18.3073 |       11.2346 |            1.6925 |            3.7965 |            2.8841 |            2.8615
 17231 |    244 | 2018-06-15 20:32:39        |       13.1073 |       18.2953 |       11.2206 |            1.6796 |            3.7987 |            2.8735 |            2.8688
 17231 |    245 | 2018-06-15 20:32:49        |       13.1087 |       18.3071 |       11.2288 |            1.6917 |            3.7944 |            2.8828 |            2.8599
 17231 |    246 | 2018-06-15 20:32:56.5      |       13.1065 |       18.3077 |       11.0854 |            1.6711 |            3.7455 |            2.8466 |            2.8222
 17231 |    247 | 2018-06-15 20:33:06.5      |       13.1107 |       18.3089 |       11.2238 |            1.6903 |            3.7924 |            2.8826 |            2.8586
 17231 |    248 | 2018-06-15 20:33:16.5      |        13.108 |       18.3075 |       11.1745 |            1.6844 |             3.776 |            2.8683 |            2.8458
 17231 |    249 | 2018-06-15 20:33:26.5      |       13.1113 |       18.3064 |       11.2779 |            1.6938 |            3.8136 |            2.8916 |            2.8789
 17231 |    250 | 2018-06-15 20:33:36.5      |       13.1074 |       18.3074 |       11.1384 |             1.679 |            3.7633 |            2.8595 |            2.8366
 17231 |    251 | 2018-06-15 20:33:44        |       13.1128 |       18.3092 |       11.2121 |            1.6893 |            3.7875 |              2.88 |            2.8553
 17231 |    252 | 2018-06-15 20:33:51.5      |       13.1092 |       18.3074 |       11.2056 |            1.6885 |             3.786 |            2.8771 |             2.854
 17231 |    253 | 2018-06-15 20:34:01.5      |       13.1134 |        18.309 |       11.3102 |            1.7026 |            3.8215 |            2.9047 |            2.8815
 17231 |    254 | 2018-06-15 20:34:11.5      |       13.1104 |       18.3072 |       11.2698 |            1.6984 |            3.8079 |            2.8927 |            2.8709
 17231 |    255 | 2018-06-15 20:34:21.5      |       13.0967 |       18.2998 |       11.1532 |            1.6762 |            3.7717 |            2.8593 |             2.846
 17231 |    256 | 2018-06-15 20:34:31.5      |       13.1112 |       18.3078 |       11.3527 |            1.7093 |            3.8364 |            2.9138 |            2.8931
 17231 |    257 | 2018-06-15 20:34:41.5      |        13.111 |       18.3092 |       11.1861 |            1.6806 |            3.7828 |            2.8677 |             2.855
 17231 |    258 | 2018-06-15 20:34:49        |       13.1124 |       18.3076 |       11.4251 |             1.719 |            3.8615 |            2.9328 |            2.9118
 17231 |    259 | 2018-06-15 20:34:59        |       13.1085 |       18.3072 |       11.2713 |            1.6974 |            3.8089 |            2.8933 |            2.8717
 17231 |    260 | 2018-06-15 20:35:09        |       13.1066 |        18.307 |       11.4053 |            1.7176 |            3.8553 |            2.9258 |            2.9066
 17231 |    261 | 2018-06-15 20:35:16.5      |       13.1054 |       18.3072 |       11.1593 |            1.6822 |            3.7713 |            2.8643 |            2.8415
 17231 |    262 | 2018-06-15 20:35:26.5      |       13.1104 |       18.3083 |       11.3603 |              1.71 |            3.8396 |            2.9162 |            2.8944
 17231 |    263 | 2018-06-15 20:35:36.5      |       13.1084 |        18.299 |       11.2826 |            1.6989 |            3.8127 |            2.8956 |            2.8754
 17231 |    264 | 2018-06-15 20:35:46.5      |       13.1075 |       18.3075 |       11.2476 |            1.6939 |            3.8013 |            2.8876 |            2.8648
 17231 |    265 | 2018-06-15 20:35:54        |       13.1066 |       18.3074 |       11.1355 |            1.6775 |            3.7633 |             2.859 |            2.8357
 17231 |    266 | 2018-06-15 20:36:01.5      |        13.097 |       18.3022 |       11.3712 |            1.7066 |            3.8469 |            2.9139 |            2.9039
 17231 |    267 | 2018-06-15 20:36:11.5      |        13.113 |       18.3081 |       11.3875 |            1.7136 |            3.8488 |            2.9238 |            2.9014
 17231 |    268 | 2018-06-15 20:36:21.5      |       13.1075 |       18.3071 |       11.2339 |            1.6921 |            3.7971 |            2.8838 |             2.861
 17231 |    269 | 2018-06-15 20:36:31.5      |       13.1069 |       18.3019 |       11.3428 |            1.7024 |            3.8372 |            2.9074 |            2.8959
 17231 |    270 | 2018-06-15 20:36:41.5      |       13.1084 |       18.3085 |       11.2041 |            1.6877 |            3.7864 |            2.8768 |            2.8533
 17231 |    271 | 2018-06-15 20:36:51.5      |       13.1097 |       18.3075 |       11.3411 |             1.707 |            3.8333 |            2.9112 |            2.8897
 17231 |    272 | 2018-06-15 20:37:01.5      |       13.1134 |       18.3096 |       11.3855 |            1.7121 |             3.848 |            2.9247 |            2.9007
 17231 |    273 | 2018-06-15 20:37:09        |        13.113 |       18.3081 |       11.4196 |             1.718 |            3.8598 |            2.9317 |            2.9101
 17231 |    274 | 2018-06-15 20:37:16.5      |       13.1093 |       18.3074 |       11.2587 |            1.6964 |             3.805 |            2.8895 |            2.8678
 17231 |    275 | 2018-06-15 20:37:26.5      |       13.1103 |       18.3081 |       11.2499 |            1.6943 |            3.8016 |            2.8884 |            2.8656
 17231 |    276 | 2018-06-15 20:42:04.009174 |       13.1066 |       18.3073 |         1.607 |            0.3338 |            0.4446 |            0.4381 |            0.3905
(277 rows)

  run  | subrun |            time            | step1_voltage | step2_voltage | total_current | pos_2step_current | pos_1step_current | neg_2step_current | neg_1step_current 
-------+--------+----------------------------+---------------+---------------+---------------+-------------------+-------------------+-------------------+-------------------
 17231 |      0 | 2018-06-15 19:51:49.5      |       13.1089 |       18.3055 |       11.5431 |            1.7326 |            3.9066 |            2.9595 |            2.9444
 17231 |      1 | 2018-06-15 19:52:18.333333 |       13.1072 |       18.3073 |       10.6786 |            1.6135 |             3.607 |            2.7449 |            2.7132
 17231 |      2 | 2018-06-15 19:52:29.5      |       13.0987 |       18.2979 |       10.5833 |             1.591 |            3.5791 |              2.71 |            2.7034
 17231 |      3 | 2018-06-15 19:52:39.5      |        13.107 |       18.3034 |       10.7612 |            1.6229 |            3.6339 |            2.7605 |            2.7439
 17231 |      4 | 2018-06-15 19:52:47        |       13.1134 |       18.3087 |       11.1093 |             1.674 |            3.7509 |            2.8532 |            2.8312
 17231 |      5 | 2018-06-15 19:52:54.5      |       13.1075 |       18.3076 |       10.9438 |            1.6511 |            3.6953 |            2.8098 |            2.7877
 17231 |      6 | 2018-06-15 19:53:07        |       13.1185 |       18.3159 |       11.1126 |            1.6667 |            3.7608 |             2.841 |            2.8441
 17231 |      7 | 2018-06-15 19:53:14.5      |       13.1075 |       18.3075 |       11.0679 |            1.6694 |            3.7381 |            2.8411 |            2.8194
 17231 |      8 | 2018-06-15 19:53:24.5      |        13.107 |       18.3066 |        11.132 |            1.6783 |            3.7604 |            2.8571 |            2.8363
 17231 |      9 | 2018-06-15 19:53:34.5      |       13.1079 |       18.3076 |       11.1614 |            1.6824 |            3.7705 |            2.8649 |            2.8437
 17231 |     10 | 2018-06-15 19:53:44.5      |       13.1116 |       18.3085 |       11.2672 |            1.6967 |            3.8066 |            2.8931 |            2.8708
 17231 |     11 | 2018-06-15 19:53:54.5      |       13.1142 |       18.3093 |       11.2345 |            1.6876 |            3.7999 |            2.8816 |            2.8653
 17231 |     12 | 2018-06-15 19:54:02        |       13.1123 |       18.3074 |        11.426 |            1.7194 |            3.8611 |            2.9327 |            2.9128
 17231 |     13 | 2018-06-15 19:54:09.5      |       13.1103 |        18.309 |       11.2438 |            1.6932 |            3.7992 |            2.8871 |            2.8643
 17231 |     14 | 2018-06-15 19:54:19.5      |       13.1081 |       18.3077 |       11.4046 |            1.7165 |            3.8549 |            2.9263 |             2.907
 17231 |     15 | 2018-06-15 19:54:29.5      |       13.1097 |        18.309 |       11.3471 |            1.7075 |             3.835 |             2.913 |            2.8918
 17231 |     16 | 2018-06-15 19:54:39.5      |       13.1086 |       18.3066 |        11.284 |            1.6993 |            3.8135 |            2.8963 |            2.8748
 17231 |     17 | 2018-06-15 19:54:49.5      |       13.1115 |       18.3053 |       11.4181 |            1.7135 |            3.8635 |            2.9249 |            2.9162
 17231 |     18 | 2018-06-15 19:54:59.5      |       13.1057 |       18.3106 |       11.3135 |            1.6996 |            3.8259 |            2.9038 |            2.8842
 17231 |     19 | 2018-06-15 19:55:09.5      |        13.108 |       18.3075 |       11.3855 |            1.7142 |            3.8484 |            2.9216 |            2.9013
 17231 |     20 | 2018-06-15 19:55:17        |       13.1064 |       18.3072 |       11.2032 |            1.6888 |            3.7859 |            2.8755 |             2.853
 17231 |     21 | 2018-06-15 19:55:24.5      |       13.1128 |       18.3079 |       11.3759 |            1.7072 |            3.8479 |            2.9162 |            2.9047
 17231 |     22 | 2018-06-15 19:55:34.5      |       13.0702 |       18.3103 |       11.2271 |            1.6903 |            3.7958 |            2.8806 |            2.8605
 17231 |     23 | 2018-06-15 19:55:44.5      |       13.1127 |       18.3071 |       11.3572 |            1.7095 |            3.8383 |            2.9163 |             2.893
 17231 |     24 | 2018-06-15 19:55:54.5      |       13.1067 |       18.3073 |       11.2127 |            1.6891 |            3.7894 |            2.8785 |            2.8557
 17231 |     25 | 2018-06-15 19:56:04.5      |       13.1118 |       18.3091 |       11.3201 |            1.7034 |            3.8248 |            2.9051 |            2.8867
 17231 |     26 | 2018-06-15 19:56:12        |       13.1096 |       18.3083 |       11.3349 |            1.7067 |            3.8309 |            2.9093 |             2.888
 17231 |     27 | 2018-06-15 19:56:19.5      |       13.1056 |       18.3074 |       11.1549 |            1.6812 |            3.7697 |            2.8636 |            2.8404
 17231 |     28 | 2018-06-15 19:56:29.5      |        13.112 |       18.3076 |       11.3114 |            1.7026 |            3.8227 |            2.9043 |            2.8817
 17231 |     29 | 2018-06-15 19:56:39.5      |       13.1073 |       18.3077 |       11.1593 |            1.6816 |            3.7708 |            2.8651 |            2.8417
 17231 |     30 | 2018-06-15 19:56:49.5      |       13.1118 |       18.3071 |       11.2646 |             1.696 |            3.8064 |            2.8925 |            2.8697
 17231 |     31 | 2018-06-15 19:56:59.5      |       13.1057 |          18.3 |       11.1002 |            1.6711 |            3.7513 |            2.8471 |            2.8307
 17231 |     32 | 2018-06-15 19:57:09.5      |       13.1098 |       18.3094 |       11.1486 |            1.6799 |            3.7664 |            2.8635 |            2.8388
 17231 |     33 | 2018-06-15 19:57:17        |       13.1011 |       18.3159 |       11.2459 |            1.6862 |            3.8056 |             2.885 |            2.8691
 17231 |     34 | 2018-06-15 19:57:27        |       13.1076 |       18.3079 |       11.1745 |            1.6836 |            3.7758 |             2.869 |            2.8461
 17231 |     35 | 2018-06-15 19:57:35        |       13.1099 |       18.3077 |       11.1175 |            1.6753 |            3.7557 |            2.8556 |             2.831
 17231 |     36 | 2018-06-15 19:57:44.5      |       13.1064 |       18.3061 |       11.0974 |            1.6726 |            3.7481 |            2.8479 |            2.8288
 17231 |     37 | 2018-06-15 19:57:54.5      |       13.1158 |       18.3076 |       11.3479 |            1.7067 |             3.835 |            2.9135 |            2.8926
 17231 |     38 | 2018-06-15 19:58:04.5      |         13.11 |        18.304 |       11.1768 |            1.6845 |            3.7759 |            2.8699 |            2.8465
 17231 |     39 | 2018-06-15 19:58:14.5      |       13.1101 |       18.3045 |       11.2736 |            1.6995 |            3.8095 |            2.8927 |             2.872
 17231 |     40 | 2018-06-15 19:58:24.5      |       13.1134 |       18.3092 |       11.1992 |            1.6836 |            3.7879 |            2.8723 |            2.8556
 17231 |     41 | 2018-06-15 19:58:32        |        13.112 |       18.3071 |       11.3892 |             1.715 |            3.8486 |            2.9229 |            2.9027
 17231 |     42 | 2018-06-15 19:58:39.5      |       13.1075 |       18.3076 |       11.2101 |            1.6888 |            3.7881 |            2.8777 |            2.8555
 17231 |     43 | 2018-06-15 19:58:49.5      |        13.102 |       18.3026 |       11.3834 |            1.7086 |            3.8509 |            2.9164 |            2.9076
 17231 |     44 | 2018-06-15 19:58:59.5      |       13.1121 |       18.3067 |       11.2791 |            1.6932 |            3.8152 |            2.8918 |            2.8788
 17231 |     45 | 2018-06-15 19:59:09.5      |       13.1132 |       18.3092 |       11.3813 |            1.7126 |            3.8464 |            2.9224 |               2.9
 17231 |     46 | 2018-06-15 19:59:19.5      |       13.0953 |       18.3019 |       11.3664 |            1.7073 |            3.8458 |            2.9104 |            2.9028
 17231 |     47 | 2018-06-15 19:59:27        |       13.1097 |       18.3079 |       11.3207 |            1.7053 |            3.8259 |            2.9055 |             2.884
 17231 |     48 | 2018-06-15 19:59:37        |       13.1063 |       18.3077 |       11.1478 |            1.6801 |            3.7672 |            2.8621 |            2.8384
 17231 |     49 | 2018-06-15 19:59:44.5      |       13.1128 |       18.3078 |       11.3598 |            1.7097 |            3.8391 |            2.9167 |            2.8943
 17231 |     50 | 2018-06-15 19:59:54.5      |       13.1083 |       18.3078 |       11.2801 |            1.6986 |            3.8122 |            2.8956 |            2.8737
 17231 |     51 | 2018-06-15 20:00:04.5      |       13.1097 |       18.3077 |       11.3194 |            1.7043 |            3.8256 |            2.9055 |             2.884
 17231 |     52 | 2018-06-15 20:00:14.5      |       13.1082 |       18.3075 |       11.2852 |               1.7 |            3.8141 |            2.8963 |            2.8749
 17231 |     53 | 2018-06-15 20:00:24.5      |       13.1107 |         18.31 |       11.3257 |            1.7027 |            3.8296 |            2.9065 |            2.8869
 17231 |     54 | 2018-06-15 20:00:34.5      |       13.1081 |       18.3074 |       11.2367 |            1.6929 |            3.7973 |            2.8845 |             2.862
 17231 |     55 | 2018-06-15 20:00:42        |       13.1211 |       18.3108 |       11.3378 |            1.7035 |            3.8319 |            2.9135 |            2.8889
 17231 |     56 | 2018-06-15 20:00:49.5      |       13.0991 |       18.3029 |        11.443 |            1.7168 |            3.8711 |            2.9322 |            2.9229
 17231 |     57 | 2018-06-15 20:00:59.5      |       13.1071 |       18.3078 |        11.236 |            1.6922 |            3.7972 |            2.8845 |            2.8621
 17231 |     58 | 2018-06-15 20:01:09.5      |       13.0977 |       18.3025 |       11.1499 |             1.674 |            3.7729 |            2.8533 |            2.8497
 17231 |     59 | 2018-06-15 20:01:19.5      |       13.1114 |       18.3089 |       11.4089 |            1.7166 |            3.8563 |            2.9289 |            2.9072
 17231 |     60 | 2018-06-15 20:01:29.5      |       13.1057 |       18.3077 |       11.1603 |             1.682 |            3.7713 |            2.8654 |            2.8417
 17231 |     61 | 2018-06-15 20:01:39.5      |       13.1109 |       18.3083 |       11.3506 |            1.7084 |            3.8358 |            2.9146 |            2.8918
 17231 |     62 | 2018-06-15 20:01:47        |       13.1039 |       18.3071 |        11.058 |            1.6675 |            3.7362 |            2.8395 |            2.8148
 17231 |     63 | 2018-06-15 20:01:54.5      |       13.0886 |       18.2996 |       11.3142 |            1.6995 |            3.8274 |            2.8979 |            2.8895
 17231 |     64 | 2018-06-15 20:02:04.5      |       13.1055 |       18.3071 |       11.0915 |            1.6722 |            3.7472 |            2.8479 |            2.8242
 17231 |     65 | 2018-06-15 20:02:14.5      |       13.0955 |       18.3021 |       11.1219 |            1.6734 |            3.7603 |            2.8506 |            2.8377
 17231 |     66 | 2018-06-15 20:02:24.5      |       13.1103 |       18.3071 |       11.2595 |            1.6961 |            3.8049 |            2.8902 |            2.8685
 17231 |     67 | 2018-06-15 20:02:34.5      |       13.1096 |       18.3079 |       11.1977 |            1.6869 |            3.7834 |            2.8751 |            2.8523
 17231 |     68 | 2018-06-15 20:02:44.5      |       13.1127 |       18.3105 |       11.1773 |            1.6794 |              3.78 |            2.8657 |            2.8522
 17231 |     69 | 2018-06-15 20:02:52        |       13.1126 |       18.3078 |       11.3694 |            1.7119 |            3.8417 |            2.9185 |            2.8973
 17231 |     70 | 2018-06-15 20:02:59.5      |       13.0931 |       18.3085 |       11.1257 |            1.6757 |            3.7605 |            2.8548 |            2.8346
 17231 |     71 | 2018-06-15 20:03:09.5      |       13.1116 |       18.3087 |       11.2115 |            1.6892 |            3.7877 |            2.8792 |            2.8554
 17231 |     72 | 2018-06-15 20:03:19.5      |       13.1109 |       18.3093 |       11.3282 |            1.7036 |            3.8292 |            2.9077 |            2.8877
 17231 |     73 | 2018-06-15 20:03:29.5      |       13.1069 |       18.2979 |       11.0894 |            1.6715 |             3.746 |            2.8467 |            2.8254
 17231 |     74 | 2018-06-15 20:03:40        |       13.1146 |       18.3109 |       11.2983 |            1.6966 |            3.8212 |            2.8956 |            2.8849
 17231 |     75 | 2018-06-15 20:03:48        |       13.1051 |       18.3073 |       11.0843 |             1.671 |             3.745 |             2.846 |            2.8223
 17231 |     76 | 2018-06-15 20:03:55.5      |       13.1123 |       18.3074 |       11.3095 |            1.7025 |            3.8217 |            2.9039 |            2.8815
 17231 |     77 | 2018-06-15 20:04:08        |       13.1093 |       18.3077 |       11.2719 |            1.6978 |            3.8092 |            2.8934 |            2.8715
 17231 |     78 | 2018-06-15 20:04:15.5      |       13.1056 |       18.3075 |       11.1593 |            1.6821 |            3.7708 |            2.8645 |            2.8418
 17231 |     79 | 2018-06-15 20:04:25.5      |       13.1119 |       18.3083 |       11.4188 |            1.7183 |            3.8592 |            2.9314 |            2.9099
 17231 |     80 | 2018-06-15 20:04:35.5      |       13.1061 |       18.3079 |        11.173 |            1.6835 |            3.7755 |            2.8685 |            2.8456
 17231 |     81 | 2018-06-15 20:04:45.5      |       13.1188 |       18.3105 |       11.3864 |            1.7113 |            3.8484 |            2.9247 |            2.9021
 17231 |     82 | 2018-06-15 20:04:53        |       13.1043 |       18.3075 |       11.2945 |            1.7008 |            3.8172 |            2.8989 |            2.8776
 17231 |     83 | 2018-06-15 20:05:00.5      |       13.1099 |       18.3089 |       11.2523 |             1.694 |            3.8023 |            2.8899 |            2.8662
 17231 |     84 | 2018-06-15 20:05:10.5      |       13.1092 |       18.3018 |       11.4109 |            1.7126 |            3.8607 |            2.9239 |            2.9137
 17231 |     85 | 2018-06-15 20:05:20.5      |        13.107 |       18.3075 |       11.1861 |            1.6858 |              3.78 |             2.872 |            2.8483
 17231 |     86 | 2018-06-15 20:05:30.5      |       13.1129 |       18.3078 |       11.3639 |            1.7104 |            3.8403 |            2.9179 |            2.8953
 17231 |     87 | 2018-06-15 20:05:40.5      |       13.1065 |       18.3082 |       11.2654 |            1.6944 |            3.8087 |             2.888 |            2.8742
 17231 |     88 | 2018-06-15 20:05:50.5      |       13.1074 |       18.3076 |       11.2329 |             1.692 |            3.7961 |            2.8838 |            2.8611
 17231 |     89 | 2018-06-15 20:06:00.5      |       13.0974 |       18.3007 |       11.3366 |            1.7015 |            3.8345 |            2.9063 |            2.8943
 17231 |     90 | 2018-06-15 20:06:08        |       13.1118 |       18.3062 |       11.4049 |            1.7166 |            3.8548 |            2.9272 |            2.9063
 17231 |     91 | 2018-06-15 20:06:15.5      |       13.1085 |       18.3063 |       11.2966 |            1.7016 |            3.8183 |             2.899 |            2.8777
 17231 |     92 | 2018-06-15 20:06:25.5      |       13.1076 |       18.2789 |       11.2102 |            1.6848 |            3.7912 |             2.871 |            2.8632
 17231 |     93 | 2018-06-15 20:06:35.5      |       13.1096 |       18.3073 |       11.3381 |            1.7075 |            3.8319 |            2.9102 |            2.8885
 17231 |     94 | 2018-06-15 20:06:45.5      |       13.1062 |       18.3075 |        11.143 |            1.6791 |            3.7652 |            2.8613 |            2.8375
 17231 |     95 | 2018-06-15 20:06:53        |       13.1138 |       18.3099 |       11.5081 |            1.7296 |            3.8896 |            2.9553 |            2.9336
 17231 |     96 | 2018-06-15 20:07:00.5      |       13.1102 |       18.3077 |       11.3425 |            1.7075 |            3.8333 |            2.9121 |            2.8897
 17231 |     97 | 2018-06-15 20:07:10.5      |       13.1021 |       18.3006 |       11.4362 |            1.7163 |            3.8687 |            2.9306 |            2.9205
 17231 |     98 | 2018-06-15 20:07:20.5      |       13.1135 |       18.3073 |        11.271 |            1.6974 |            3.8095 |            2.8929 |            2.8713
 17231 |     99 | 2018-06-15 20:07:30.5      |         13.11 |       18.3081 |       11.2082 |            1.6885 |            3.7871 |            2.8786 |             2.854
 17231 |    100 | 2018-06-15 20:07:40.5      |       13.1091 |       18.3078 |       11.3055 |            1.7027 |            3.8205 |            2.9019 |            2.8803
 17231 |    101 | 2018-06-15 20:07:50.5      |       13.1089 |       18.3081 |       11.1964 |            1.6869 |            3.7828 |            2.8756 |             2.851
 17231 |    102 | 2018-06-15 20:08:00.5      |       13.0629 |       18.3083 |       11.4014 |            1.7151 |            3.8551 |            2.9241 |            2.9072
 17231 |    103 | 2018-06-15 20:08:08        |       13.1065 |       18.2969 |       11.1134 |            1.6758 |            3.7549 |            2.8536 |            2.8291
 17231 |    104 | 2018-06-15 20:08:15.5      |       13.1106 |       18.3073 |       11.3558 |            1.7106 |            3.8374 |            2.9149 |            2.8929
 17231 |    105 | 2018-06-15 20:08:25.5      |       13.1096 |       18.3088 |       11.2352 |            1.6926 |            3.7961 |            2.8855 |             2.861
 17231 |    106 | 2018-06-15 20:08:35.5      |        13.112 |       18.3088 |       11.4362 |            1.7204 |             3.865 |            2.9363 |            2.9146
 17231 |    107 | 2018-06-15 20:08:45.5      |       13.1112 |       18.3111 |       11.2084 |            1.6842 |            3.7907 |            2.8737 |            2.8599
 17231 |    108 | 2018-06-15 20:08:55.5      |       13.1127 |       18.3077 |       11.4398 |            1.7208 |            3.8662 |            2.9373 |            2.9154
 17231 |    109 | 2018-06-15 20:09:05.5      |       13.1109 |       18.3084 |        11.273 |            1.6974 |            3.8091 |             2.895 |            2.8716
 17231 |    110 | 2018-06-15 20:09:15.5      |       13.1152 |       18.3109 |       11.3513 |            1.7047 |            3.8395 |            2.9091 |            2.8979
 17231 |    111 | 2018-06-15 20:09:23        |       13.1065 |       18.3073 |       11.1254 |            1.6774 |            3.7587 |            2.8566 |            2.8327
 17231 |    112 | 2018-06-15 20:09:30.5      |       13.1118 |       18.3085 |       11.3798 |            1.7085 |            3.8499 |            2.9177 |            2.9037
 17231 |    113 | 2018-06-15 20:09:40.5      |       13.1059 |       18.3074 |        11.086 |            1.6714 |            3.7454 |            2.8465 |            2.8227
 17231 |    114 | 2018-06-15 20:09:50.5      |       13.1125 |       18.3076 |       11.2508 |            1.6946 |            3.8011 |            2.8892 |            2.8658
 17231 |    115 | 2018-06-15 20:10:03.666667 |       13.1067 |       18.3076 |        9.1349 |            1.3954 |            3.0734 |            2.3574 |            2.3087
 17231 |    116 | 2018-06-15 20:10:15.5      |       13.1069 |       18.3074 |          6.06 |             0.959 |            2.0115 |            1.5833 |            1.5061
 17231 |    117 | 2018-06-15 20:10:28        |       13.1068 |       18.3074 |        3.8366 |             0.645 |            1.2377 |            1.0189 |            0.9351
 17231 |    118 | 2018-06-15 20:10:43        |       13.1069 |       18.3076 |        2.4565 |            0.4503 |            0.7537 |            0.6652 |            0.5873
 17231 |    119 | 2018-06-15 20:10:58        |       13.1067 |       18.3076 |        1.6936 |             0.344 |            0.4833 |            0.4677 |            0.3985
 17231 |    120 | 2018-06-15 20:11:13.333333 |       13.1066 |       18.3075 |        1.2708 |             0.286 |            0.3324 |            0.3569 |            0.2955
 17231 |    121 | 2018-06-15 20:11:25.5      |       13.1081 |       18.3074 |        3.5329 |            0.6084 |            1.1066 |            0.9213 |            0.8966
 17231 |    122 | 2018-06-15 20:11:35.5      |        13.112 |       18.3081 |        6.1643 |            0.9812 |            2.0135 |            1.5834 |            1.5863
 17231 |    123 | 2018-06-15 20:11:43        |       13.1053 |       18.3075 |        7.5598 |             1.179 |            2.4985 |            1.9344 |            1.9479
 17231 |    124 | 2018-06-15 20:11:50.5      |       13.1117 |       18.3104 |        8.2489 |            1.2712 |            2.7431 |            2.1061 |            2.1284
 17231 |    125 | 2018-06-15 20:12:00.5      |       13.1098 |       18.3076 |        9.3994 |            1.4378 |            3.1413 |             2.405 |            2.4154
 17231 |    126 | 2018-06-15 20:12:10.5      |       13.1091 |       18.3078 |        9.9528 |            1.5156 |            3.3365 |            2.5472 |            2.5537
 17231 |    127 | 2018-06-15 20:12:20.5      |       13.1113 |       18.3098 |       10.3392 |            1.5667 |            3.4752 |            2.6479 |            2.6494
 17231 |    128 | 2018-06-15 20:12:30.5      |       13.1107 |       18.3081 |       10.7489 |             1.626 |            3.6182 |            2.7541 |            2.7506
 17231 |    129 | 2018-06-15 20:12:40.5      |       13.1087 |       18.3089 |       10.8902 |            1.6448 |            3.6699 |             2.792 |            2.7835
 17231 |    130 | 2018-06-15 20:12:50.5      |       13.1057 |       18.3079 |       10.8821 |            1.6443 |            3.6696 |              2.79 |            2.7783
 17231 |    131 | 2018-06-15 20:13:00.5      |       13.1148 |       18.3084 |       11.2477 |            1.6945 |            3.7963 |            2.8845 |            2.8725
 17231 |    132 | 2018-06-15 20:13:08        |       13.1119 |       18.3068 |       11.2792 |            1.7006 |            3.8079 |            2.8924 |            2.8783
 17231 |    133 | 2018-06-15 20:13:15.5      |       13.1068 |       18.2957 |       11.0395 |            1.6648 |            3.7272 |            2.8296 |            2.8178
 17231 |    134 | 2018-06-15 20:13:25.5      |       13.0917 |       18.3008 |       11.2511 |            1.6919 |            3.8035 |            2.8803 |            2.8755
 17231 |    135 | 2018-06-15 20:13:35.5      |       13.1057 |       18.3077 |       11.1096 |            1.6754 |            3.7521 |            2.8513 |            2.8308
 17231 |    136 | 2018-06-15 20:13:45.5      |       13.1117 |       18.3077 |       11.3639 |            1.7112 |             3.839 |            2.9166 |            2.8971
 17231 |    137 | 2018-06-15 20:13:53        |       13.1053 |       18.3075 |       11.1292 |            1.6777 |              3.76 |            2.8566 |            2.8349
 17231 |    138 | 2018-06-15 20:14:03        |       13.1114 |       18.3061 |       11.3899 |            1.7146 |            3.8487 |            2.9232 |            2.9034
 17231 |    139 | 2018-06-15 20:14:11        |       13.1123 |       18.3074 |         11.41 |             1.718 |            3.8559 |            2.9282 |            2.9079
 17231 |    140 | 2018-06-15 20:14:20.5      |       13.0922 |          18.3 |       11.1966 |            1.6838 |            3.7867 |            2.8687 |            2.8574
 17231 |    141 | 2018-06-15 20:14:30.5      |       13.1111 |       18.3077 |       11.3853 |            1.7142 |            3.8476 |            2.9223 |            2.9013
 17231 |    142 | 2018-06-15 20:14:40.5      |       13.1087 |       18.3014 |       11.2919 |            1.7006 |            3.8156 |             2.899 |            2.8766
 17231 |    143 | 2018-06-15 20:14:50.5      |       13.1056 |       18.3077 |        11.195 |            1.6871 |            3.7831 |            2.8738 |             2.851
 17231 |    144 | 2018-06-15 20:15:03        |       13.1112 |       18.3088 |       11.3393 |             1.707 |            3.8319 |            2.9117 |            2.8888
 17231 |    145 | 2018-06-15 20:15:20.5      |       13.1098 |       18.3079 |       11.3127 |            1.7046 |             3.823 |            2.9036 |            2.8815
 17231 |    146 | 2018-06-15 20:15:38        |       13.1091 |       18.3081 |       11.2762 |            1.6987 |            3.8103 |            2.8949 |            2.8724
 17231 |    147 | 2018-06-15 20:15:53        |       13.1072 |       18.3076 |       11.1631 |            1.6827 |            3.7717 |             2.866 |            2.8427
 17231 |    148 | 2018-06-15 20:16:08        |       13.1099 |       18.3084 |       11.2366 |            1.6929 |            3.7965 |            2.8851 |            2.8622
 17231 |    149 | 2018-06-15 20:16:20.5      |       13.1088 |       18.3086 |       11.1298 |            1.6778 |            3.7598 |            2.8582 |            2.8339
 17231 |    150 | 2018-06-15 20:16:30.5      |       13.1103 |       18.3074 |       11.2691 |            1.6978 |            3.8076 |            2.8928 |            2.8708
 17231 |    151 | 2018-06-15 20:16:40.5      |       13.1098 |       18.3083 |       11.2304 |            1.6916 |            3.7943 |            2.8838 |            2.8607
 17231 |    152 | 2018-06-15 20:16:48        |        13.109 |       18.3079 |       11.2078 |             1.689 |            3.7866 |            2.8773 |            2.8549
 17231 |    153 | 2018-06-15 20:16:55.5      |       13.0982 |       18.3001 |       11.1312 |             1.673 |            3.7635 |             2.854 |            2.8407
 17231 |    154 | 2018-06-15 20:17:08        |       13.1093 |       18.3075 |       11.2481 |            1.6948 |            3.8005 |            2.8872 |            2.8656
 17231 |    155 | 2018-06-15 20:17:15.5      |       13.1078 |       18.3071 |       11.1827 |            1.6858 |            3.7782 |            2.8706 |            2.8481
 17231 |    156 | 2018-06-15 20:17:25.5      |       13.1094 |       18.3056 |       11.2243 |            1.6885 |            3.7948 |            2.8774 |            2.8637
 17231 |    157 | 2018-06-15 20:17:35.5      |       13.1043 |       18.3112 |       11.1379 |            1.6751 |            3.7664 |            2.8542 |            2.8421
 17231 |    158 | 2018-06-15 20:17:43        |       13.1093 |       18.3076 |       11.4736 |            1.7258 |            3.8779 |            2.9448 |            2.9251
 17231 |    159 | 2018-06-15 20:17:50.5      |       13.1085 |       18.3071 |       11.2464 |            1.6941 |            3.8003 |            2.8872 |            2.8648
 17231 |    160 | 2018-06-15 20:18:00.5      |       13.1052 |       18.3073 |       11.1395 |            1.6794 |             3.764 |            2.8597 |            2.8364
 17231 |    161 | 2018-06-15 20:18:10.5      |       13.1173 |        18.311 |       11.3302 |            1.7016 |            3.8319 |            2.9074 |            2.8894
 17231 |    162 | 2018-06-15 20:18:20.5      |       13.1113 |       18.3083 |       11.4044 |            1.7167 |            3.8537 |            2.9278 |            2.9062
 17231 |    163 | 2018-06-15 20:18:30.5      |       13.0891 |       18.3012 |       11.1285 |            1.6744 |            3.7627 |            2.8525 |            2.8388
 17231 |    164 | 2018-06-15 20:18:40.5      |       13.1101 |       18.3087 |       11.3834 |            1.7135 |            3.8469 |            2.9221 |            2.9008
 17231 |    165 | 2018-06-15 20:18:48        |        13.105 |       18.3071 |       11.1544 |            1.6812 |            3.7691 |            2.8637 |            2.8404
 17231 |    166 | 2018-06-15 20:18:55.5      |       13.1167 |       18.3077 |       11.3703 |            1.7102 |            3.8427 |            2.9202 |            2.8972
 17231 |    167 | 2018-06-15 20:19:08        |       13.1057 |        18.307 |       11.1647 |            1.6826 |            3.7725 |            2.8665 |            2.8431
 17231 |    168 | 2018-06-15 20:19:15.5      |       13.1088 |       18.3081 |        11.207 |            1.6886 |            3.7866 |            2.8779 |            2.8538
 17231 |    169 | 2018-06-15 20:19:25.5      |       13.1084 |       18.3064 |       11.2894 |            1.7006 |            3.8153 |            2.8976 |            2.8758
 17231 |    170 | 2018-06-15 20:19:35.5      |       13.1088 |       18.3088 |       11.3111 |            1.7023 |            3.8227 |            2.9044 |            2.8817
 17231 |    171 | 2018-06-15 20:19:45.5      |        13.107 |       18.3073 |       11.2269 |             1.691 |             3.794 |            2.8822 |            2.8597
 17231 |    172 | 2018-06-15 20:19:55.5      |       13.1123 |       18.3074 |       11.3546 |            1.7091 |            3.8373 |            2.9153 |             2.893
 17231 |    173 | 2018-06-15 20:20:08        |       13.1073 |       18.3075 |        9.8559 |            1.4963 |            3.3226 |            2.5387 |            2.4983
 17231 |    174 | 2018-06-15 20:20:20.5      |       13.1096 |       18.3065 |        8.7876 |            1.3458 |            2.9509 |            2.2679 |             2.223
 17231 |    175 | 2018-06-15 20:20:30.5      |       13.1089 |       18.3072 |        9.6331 |            1.4658 |            3.2394 |            2.4785 |            2.4494
 17231 |    176 | 2018-06-15 20:20:40.5      |       13.1047 |       18.3074 |       10.0628 |            1.5272 |            3.3872 |            2.5848 |            2.5637
 17231 |    177 | 2018-06-15 20:20:50.5      |       13.1136 |        18.309 |       10.6328 |            1.6074 |            3.5826 |            2.7306 |            2.7122
 17231 |    178 | 2018-06-15 20:21:00.5      |       13.0941 |       18.3111 |       10.7978 |            1.6267 |            3.6451 |            2.7671 |            2.7588
 17231 |    179 | 2018-06-15 20:21:13        |       13.1054 |       18.3072 |        8.5138 |            1.3066 |             2.857 |            2.1982 |             2.152
 17231 |    180 | 2018-06-15 20:21:25.5      |       13.0956 |       18.2999 |        9.0339 |            1.3761 |            3.0342 |            2.3228 |            2.3007
 17231 |    181 | 2018-06-15 20:21:35.5      |       13.1083 |       18.3076 |        9.6724 |            1.4727 |            3.2502 |            2.4856 |            2.4639
 17231 |    182 | 2018-06-15 20:21:45.5      |        13.108 |       18.3071 |       10.1226 |            1.5365 |            3.4055 |            2.5988 |            2.5817
 17231 |    183 | 2018-06-15 20:21:55.5      |       13.1075 |       18.3077 |       10.4617 |            1.5843 |            3.5235 |            2.6846 |            2.6694
 17231 |    184 | 2018-06-15 20:22:10.5      |       13.1077 |       18.3075 |        9.0555 |            1.3842 |             3.041 |            2.3335 |            2.2967
 17231 |    185 | 2018-06-15 20:22:23        |       13.1092 |       18.3074 |        8.7027 |            1.3351 |             2.917 |            2.2428 |            2.2078
 17231 |    186 | 2018-06-15 20:22:33        |       13.0968 |       18.3161 |        9.4057 |            1.4273 |             3.165 |            2.4078 |            2.4056
 17231 |    187 | 2018-06-15 20:22:40.5      |       13.1093 |       18.3073 |       10.0315 |            1.5237 |            3.3735 |            2.5755 |            2.5589
 17231 |    188 | 2018-06-15 20:22:50.5      |       13.1021 |        18.312 |       10.5372 |            1.5899 |            3.5522 |            2.7012 |            2.6938
 17231 |    189 | 2018-06-15 20:23:00.5      |       13.1113 |        18.307 |       10.6932 |            1.6161 |            3.6051 |            2.7417 |            2.7304
 17231 |    190 | 2018-06-15 20:23:15.5      |       13.1083 |       18.3079 |        8.7629 |            1.3406 |            2.9419 |            2.2573 |            2.2231
 17231 |    191 | 2018-06-15 20:23:30.5      |       13.1056 |       18.3098 |        9.2489 |            1.4132 |            3.1044 |            2.3782 |             2.353
 17231 |    192 | 2018-06-15 20:23:38        |       13.0935 |       18.3165 |       10.0327 |            1.5142 |            3.3793 |            2.5674 |            2.5718
 17231 |    193 | 2018-06-15 20:23:48        |       13.1057 |       18.3073 |       10.2187 |            1.5502 |            3.4395 |            2.6223 |            2.6067
 17231 |    194 | 2018-06-15 20:23:55.5      |       13.1121 |       18.3067 |       10.6208 |            1.6065 |            3.5781 |            2.7252 |            2.7111
 17231 |    195 | 2018-06-15 20:24:10.5      |       13.1058 |       18.3069 |        9.0092 |            1.3775 |            3.0261 |            2.3216 |             2.284
 17231 |    196 | 2018-06-15 20:24:25.5      |       13.1124 |       18.3072 |        9.0125 |            1.3785 |            3.0229 |            2.3211 |              2.29
 17231 |    197 | 2018-06-15 20:24:35.5      |       13.1074 |       18.3069 |        9.6021 |            1.4627 |            3.2258 |            2.4676 |             2.446
 17231 |    198 | 2018-06-15 20:24:43        |       13.1129 |         18.31 |       10.2792 |            1.5571 |            3.4582 |            2.6402 |            2.6237
 17231 |    199 | 2018-06-15 20:24:50.5      |       13.1094 |       18.3064 |        10.371 |            1.5713 |            3.4918 |            2.6612 |            2.6467
 17231 |    200 | 2018-06-15 20:25:05.5      |       13.1037 |        18.304 |        9.9512 |            1.5088 |             3.351 |            2.5556 |             2.536
 17231 |    201 | 2018-06-15 20:25:20.5      |       13.1086 |       18.3074 |        8.2387 |            1.2682 |            2.7583 |             2.128 |            2.0842
 17231 |    202 | 2018-06-15 20:25:30.5      |       13.1088 |        18.306 |        9.3495 |            1.4269 |            3.1387 |            2.4039 |            2.3801
 17231 |    203 | 2018-06-15 20:25:40.5      |       13.1068 |       18.3072 |        9.9068 |            1.5059 |            3.3312 |            2.5435 |            2.5261
 17231 |    204 | 2018-06-15 20:25:49        |       13.1203 |       18.3136 |       10.2777 |            1.5482 |             3.465 |            2.6302 |            2.6343
 17231 |    205 | 2018-06-15 20:25:59        |       13.1086 |       18.3081 |       10.6242 |            1.6068 |            3.5795 |            2.7263 |            2.7115
 17231 |    206 | 2018-06-15 20:26:14        |       13.1071 |       18.3071 |        8.8188 |            1.3504 |            2.9604 |             2.274 |            2.2339
 17231 |    207 | 2018-06-15 20:26:26.5      |       13.1085 |       18.3113 |        8.9258 |            1.3624 |            2.9966 |            2.2975 |            2.2693
 17231 |    208 | 2018-06-15 20:26:36.5      |       13.1106 |       18.3076 |        9.7872 |            1.4889 |            3.2892 |            2.5145 |            2.4947
 17231 |    209 | 2018-06-15 20:26:46.5      |       13.1083 |       18.3096 |       10.2409 |            1.5506 |            3.4476 |            2.6252 |            2.6175
 17231 |    210 | 2018-06-15 20:26:51.5      |       13.1113 |       18.3087 |       10.5396 |            1.5949 |            3.5494 |            2.7043 |             2.691
 17231 |    211 | 2018-06-15 20:27:06.5      |       13.1081 |       18.3075 |        9.8795 |            1.5013 |             3.325 |              2.54 |            2.5131
 17231 |    212 | 2018-06-15 20:27:21.5      |       13.1071 |       18.3075 |        8.3287 |            1.2821 |            2.7898 |            2.1496 |            2.1073
 17231 |    213 | 2018-06-15 20:27:31.5      |       13.1153 |       18.3107 |        9.4264 |            1.4335 |            3.1686 |            2.4189 |            2.4053
 17231 |    214 | 2018-06-15 20:27:41.5      |       13.1097 |       18.3086 |        9.9057 |            1.5055 |            3.3303 |            2.5445 |            2.5252
 17231 |    215 | 2018-06-15 20:27:51.5      |       13.1079 |       18.3074 |       10.4132 |            1.5777 |            3.5065 |            2.6711 |            2.6579
 17231 |    216 | 2018-06-15 20:28:01.5      |        13.106 |       18.3073 |       10.4741 |             1.586 |            3.5288 |            2.6876 |            2.6717
 17231 |    217 | 2018-06-15 20:28:14        |       13.1059 |       18.3074 |        8.5204 |            1.3086 |            2.8578 |            2.1985 |            2.1555
 17231 |    218 | 2018-06-15 20:28:29        |       13.1066 |       18.3077 |        9.2983 |            1.4204 |            3.1212 |            2.3901 |            2.3666
 17231 |    219 | 2018-06-15 20:28:36.5      |       13.1076 |       18.3069 |        9.6123 |            1.4644 |            3.2292 |            2.4696 |             2.449
 17231 |    220 | 2018-06-15 20:28:46.5      |       13.1119 |       18.3067 |       10.3427 |            1.5681 |            3.4808 |             2.654 |            2.6399
 17231 |    221 | 2018-06-15 20:28:56.5      |       13.1064 |       18.3072 |       10.4537 |            1.5834 |            3.5208 |            2.6824 |            2.6671
 17231 |    222 | 2018-06-15 20:29:11.5      |       13.1083 |       18.3081 |        9.0927 |            1.3892 |            3.0544 |            2.3431 |             2.306
 17231 |    223 | 2018-06-15 20:29:24        |       13.1223 |       18.3144 |        8.6823 |            1.3227 |            2.9167 |            2.2292 |            2.2137
 17231 |    224 | 2018-06-15 20:29:31.5      |       13.1054 |       18.3103 |        9.5198 |            1.4465 |            3.2009 |            2.4446 |            2.4278
 17231 |    225 | 2018-06-15 20:29:41.5      |       13.1068 |       18.3072 |        9.8876 |            1.5031 |            3.3244 |            2.5392 |            2.5209
 17231 |    226 | 2018-06-15 20:29:51.5      |       13.1119 |       18.3067 |       10.4283 |            1.5797 |             3.511 |            2.6763 |            2.6614
 17231 |    227 | 2018-06-15 20:30:01.5      |       13.1053 |       18.3073 |       10.5495 |            1.5964 |            3.5549 |            2.7066 |            2.6916
 17231 |    228 | 2018-06-15 20:30:11.5      |       13.1081 |       18.3073 |       10.7962 |            1.6323 |            3.6408 |             2.769 |            2.7541
 17231 |    229 | 2018-06-15 20:30:21.5      |       13.1105 |       18.3083 |       11.0943 |            1.6734 |            3.7441 |            2.8463 |            2.8306
 17231 |    230 | 2018-06-15 20:30:29        |       13.1197 |       18.3167 |       11.0959 |            1.6635 |            3.7518 |            2.8392 |            2.8414
 17231 |    231 | 2018-06-15 20:30:36.5      |       13.1114 |       18.3083 |       11.2524 |            1.6949 |            3.7998 |            2.8876 |            2.8701
 17231 |    232 | 2018-06-15 20:30:46.5      |        13.105 |       18.3037 |       11.0794 |            1.6679 |            3.7443 |             2.839 |            2.8282
 17231 |    233 | 2018-06-15 20:30:56.5      |       13.1097 |       18.3064 |        11.274 |            1.6983 |            3.8087 |            2.8931 |             2.874
 17231 |    234 | 2018-06-15 20:31:06.5      |       13.1064 |       18.3073 |       11.1493 |            1.6804 |            3.7666 |            2.8616 |            2.8407
 17231 |    235 | 2018-06-15 20:31:16.5      |       13.1047 |        18.303 |       11.2539 |            1.6909 |            3.8057 |            2.8837 |            2.8735
 17231 |    236 | 2018-06-15 20:31:26.5      |       13.1084 |       18.3075 |       11.3604 |            1.7106 |            3.8391 |             2.915 |            2.8956
 17231 |    237 | 2018-06-15 20:31:34        |       13.1062 |       18.3072 |       11.1251 |            1.6766 |            3.7592 |            2.8562 |            2.8331
 17231 |    238 | 2018-06-15 20:31:44        |       13.1103 |       18.3071 |       11.3375 |            1.7071 |            3.8317 |            2.9095 |            2.8892
 17231 |    239 | 2018-06-15 20:31:51.5      |       13.1055 |       18.2958 |       11.1648 |            1.6818 |            3.7729 |            2.8666 |            2.8435
 17231 |    240 | 2018-06-15 20:32:01.5      |       13.1124 |       18.3086 |         11.49 |            1.7272 |            3.8838 |            2.9501 |            2.9289
 17231 |    241 | 2018-06-15 20:32:11.5      |       13.1076 |       18.3077 |       11.2527 |            1.6957 |            3.8029 |            2.8881 |            2.8661
 17231 |    242 | 2018-06-15 20:32:21.5      |       13.1135 |       18.3089 |         11.38 |            1.7125 |            3.8458 |            2.9224 |            2.8992
 17231 |    243 | 2018-06-15 20:32:31.5      |       13.1082 |       18.3073 |       11.2346 |            1.6925 |            3.7965 |            2.8841 |            2.8615
 17231 |    244 | 2018-06-15 20:32:39        |       13.1073 |       18.2953 |       11.2206 |            1.6796 |            3.7987 |            2.8735 |            2.8688
 17231 |    245 | 2018-06-15 20:32:49        |       13.1087 |       18.3071 |       11.2288 |            1.6917 |            3.7944 |            2.8828 |            2.8599
 17231 |    246 | 2018-06-15 20:32:56.5      |       13.1065 |       18.3077 |       11.0854 |            1.6711 |            3.7455 |            2.8466 |            2.8222
 17231 |    247 | 2018-06-15 20:33:06.5      |       13.1107 |       18.3089 |       11.2238 |            1.6903 |            3.7924 |            2.8826 |            2.8586
 17231 |    248 | 2018-06-15 20:33:16.5      |        13.108 |       18.3075 |       11.1745 |            1.6844 |             3.776 |            2.8683 |            2.8458
 17231 |    249 | 2018-06-15 20:33:26.5      |       13.1113 |       18.3064 |       11.2779 |            1.6938 |            3.8136 |            2.8916 |            2.8789
 17231 |    250 | 2018-06-15 20:33:36.5      |       13.1074 |       18.3074 |       11.1384 |             1.679 |            3.7633 |            2.8595 |            2.8366
 17231 |    251 | 2018-06-15 20:33:44        |       13.1128 |       18.3092 |       11.2121 |            1.6893 |            3.7875 |              2.88 |            2.8553
 17231 |    252 | 2018-06-15 20:33:51.5      |       13.1092 |       18.3074 |       11.2056 |            1.6885 |             3.786 |            2.8771 |             2.854
 17231 |    253 | 2018-06-15 20:34:01.5      |       13.1134 |        18.309 |       11.3102 |            1.7026 |            3.8215 |            2.9047 |            2.8815
 17231 |    254 | 2018-06-15 20:34:11.5      |       13.1104 |       18.3072 |       11.2698 |            1.6984 |            3.8079 |            2.8927 |            2.8709
 17231 |    255 | 2018-06-15 20:34:21.5      |       13.0967 |       18.2998 |       11.1532 |            1.6762 |            3.7717 |            2.8593 |             2.846
 17231 |    256 | 2018-06-15 20:34:31.5      |       13.1112 |       18.3078 |       11.3527 |            1.7093 |            3.8364 |            2.9138 |            2.8931
 17231 |    257 | 2018-06-15 20:34:41.5      |        13.111 |       18.3092 |       11.1861 |            1.6806 |            3.7828 |            2.8677 |             2.855
 17231 |    258 | 2018-06-15 20:34:49        |       13.1124 |       18.3076 |       11.4251 |             1.719 |            3.8615 |            2.9328 |            2.9118
 17231 |    259 | 2018-06-15 20:34:59        |       13.1085 |       18.3072 |       11.2713 |            1.6974 |            3.8089 |            2.8933 |            2.8717
 17231 |    260 | 2018-06-15 20:35:09        |       13.1066 |        18.307 |       11.4053 |            1.7176 |            3.8553 |            2.9258 |            2.9066
 17231 |    261 | 2018-06-15 20:35:16.5      |       13.1054 |       18.3072 |       11.1593 |            1.6822 |            3.7713 |            2.8643 |            2.8415
 17231 |    262 | 2018-06-15 20:35:26.5      |       13.1104 |       18.3083 |       11.3603 |              1.71 |            3.8396 |            2.9162 |            2.8944
 17231 |    263 | 2018-06-15 20:35:36.5      |       13.1084 |        18.299 |       11.2826 |            1.6989 |            3.8127 |            2.8956 |            2.8754
 17231 |    264 | 2018-06-15 20:35:46.5      |       13.1075 |       18.3075 |       11.2476 |            1.6939 |            3.8013 |            2.8876 |            2.8648
 17231 |    265 | 2018-06-15 20:35:54        |       13.1066 |       18.3074 |       11.1355 |            1.6775 |            3.7633 |             2.859 |            2.8357
 17231 |    266 | 2018-06-15 20:36:01.5      |        13.097 |       18.3022 |       11.3712 |            1.7066 |            3.8469 |            2.9139 |            2.9039
 17231 |    267 | 2018-06-15 20:36:11.5      |        13.113 |       18.3081 |       11.3875 |            1.7136 |            3.8488 |            2.9238 |            2.9014
 17231 |    268 | 2018-06-15 20:36:21.5      |       13.1075 |       18.3071 |       11.2339 |            1.6921 |            3.7971 |            2.8838 |             2.861
 17231 |    269 | 2018-06-15 20:36:31.5      |       13.1069 |       18.3019 |       11.3428 |            1.7024 |            3.8372 |            2.9074 |            2.8959
 17231 |    270 | 2018-06-15 20:36:41.5      |       13.1084 |       18.3085 |       11.2041 |            1.6877 |            3.7864 |            2.8768 |            2.8533
 17231 |    271 | 2018-06-15 20:36:51.5      |       13.1097 |       18.3075 |       11.3411 |             1.707 |            3.8333 |            2.9112 |            2.8897
 17231 |    272 | 2018-06-15 20:37:01.5      |       13.1134 |       18.3096 |       11.3855 |            1.7121 |             3.848 |            2.9247 |            2.9007
 17231 |    273 | 2018-06-15 20:37:09        |        13.113 |       18.3081 |       11.4196 |             1.718 |            3.8598 |            2.9317 |            2.9101
 17231 |    274 | 2018-06-15 20:37:16.5      |       13.1093 |       18.3074 |       11.2587 |            1.6964 |             3.805 |            2.8895 |            2.8678
 17231 |    275 | 2018-06-15 20:37:26.5      |       13.1103 |       18.3081 |       11.2499 |            1.6943 |            3.8016 |            2.8884 |            2.8656
 17231 |    276 | 2018-06-15 20:42:04.009174 |       13.1066 |       18.3073 |         1.607 |            0.3338 |            0.4446 |            0.4381 |            0.3905
(277 rows)

