  run  | subrun |            time            | step1_voltage | step2_voltage | total_current | pos_2step_current | pos_1step_current | neg_2step_current | neg_1step_current 
-------+--------+----------------------------+---------------+---------------+---------------+-------------------+-------------------+-------------------+-------------------
 17475 |      0 | 2018-06-27 03:06:36        |       10.7078 |       15.0115 |        3.1585 |            0.5358 |            1.0069 |            0.8436 |            0.7722
 17475 |      1 | 2018-06-27 03:07:03.5      |       10.7104 |        15.011 |        4.9533 |            0.7951 |            1.6146 |            1.2864 |            1.2571
 17475 |      2 | 2018-06-27 03:07:13.5      |       10.7119 |       15.0112 |        6.3321 |            0.9913 |            2.0909 |            1.6337 |            1.6163
 17475 |      3 | 2018-06-27 03:07:23.5      |       10.7078 |       15.0116 |        7.2207 |            1.1168 |            2.4007 |            1.8584 |            1.8448
 17475 |      4 | 2018-06-27 03:07:38.5      |       10.7112 |       15.0098 |        6.8403 |            1.0582 |            2.2764 |            1.7667 |            1.7389
 17475 |      5 | 2018-06-27 03:07:53.5      |       10.7087 |       15.0113 |        6.8628 |            1.0637 |            2.2831 |             1.774 |            1.7419
 17475 |      6 | 2018-06-27 03:08:03.5      |       10.7139 |       15.0122 |        7.6357 |             1.173 |            2.5497 |            1.9694 |            1.9436
 17475 |      7 | 2018-06-27 03:08:13.5      |       10.7173 |       15.0147 |        8.1378 |            1.2412 |            2.7266 |            2.0924 |            2.0777
 17475 |      8 | 2018-06-27 03:08:23.5      |       10.7113 |       15.0123 |        8.4281 |            1.2851 |            2.8263 |            2.1706 |            2.1462
 17475 |      9 | 2018-06-27 03:08:38.5      |        10.711 |       15.0112 |        7.5603 |            1.1607 |            2.5305 |            1.9549 |            1.9143
 17475 |     10 | 2018-06-27 03:08:51        |       10.7112 |       15.0115 |        7.0565 |            1.0901 |            2.3554 |            1.8275 |            1.7835
 17475 |     11 | 2018-06-27 03:08:58.5      |       10.7113 |        15.013 |        7.6567 |            1.1708 |            2.5644 |            1.9752 |            1.9465
 17475 |     12 | 2018-06-27 03:09:08.5      |        10.708 |       15.0116 |        7.9559 |            1.2186 |            2.6649 |            2.0518 |            2.0207
 17475 |     13 | 2018-06-27 03:09:18.5      |       10.7146 |       15.0132 |        8.5422 |            1.3015 |            2.8665 |            2.2013 |            2.1729
 17475 |     14 | 2018-06-27 03:09:36        |       10.7102 |       15.0121 |        7.9065 |              1.21 |            2.6512 |            2.0429 |            2.0023
 17475 |     15 | 2018-06-27 03:09:48.5      |       10.7117 |       15.0123 |        6.7703 |            1.0484 |            2.2585 |            1.7578 |            1.7056
 17475 |     16 | 2018-06-27 03:09:58.5      |       10.7109 |       15.0115 |        7.5429 |             1.159 |            2.5234 |            1.9491 |            1.9114
 17475 |     17 | 2018-06-27 03:10:08.5      |       10.7115 |       15.0108 |        8.0544 |            1.2324 |            2.6986 |            2.0772 |            2.0461
 17475 |     18 | 2018-06-27 03:10:18.5      |       10.7139 |       15.0119 |        8.4968 |            1.2911 |            2.8548 |            2.1849 |            2.1661
 17475 |     19 | 2018-06-27 03:10:28.5      |       10.7077 |       15.0128 |        8.5739 |             1.303 |            2.8819 |            2.2054 |            2.1836
 17475 |     20 | 2018-06-27 03:10:43.5      |        10.709 |       15.0117 |        7.0705 |            1.0907 |            2.3639 |            1.8329 |            1.7831
 17475 |     21 | 2018-06-27 03:10:58.5      |       10.7111 |       15.0126 |        7.4813 |              1.15 |            2.5018 |            1.9343 |            1.8952
 17475 |     22 | 2018-06-27 03:11:08.5      |       10.7139 |       15.0128 |        8.1554 |            1.2457 |            2.7332 |            2.1037 |            2.0728
 17475 |     23 | 2018-06-27 03:11:18.5      |        10.709 |       15.0116 |        8.3388 |            1.2729 |            2.7977 |            2.1487 |            2.1195
 17475 |     24 | 2018-06-27 03:11:28.5      |       10.6992 |        15.005 |        8.7697 |            1.3293 |            2.9495 |             2.254 |            2.2368
 17475 |     25 | 2018-06-27 03:11:41        |       10.7104 |       15.0116 |        7.2175 |            1.1117 |            2.4141 |            1.8705 |            1.8213
 17475 |     26 | 2018-06-27 03:11:53.5      |       10.7085 |       15.0084 |         7.078 |            1.0915 |            2.3645 |            1.8316 |            1.7904
 17475 |     27 | 2018-06-27 03:12:03.5      |       10.7154 |        15.012 |        7.8924 |            1.2078 |            2.6426 |            2.0382 |            2.0038
 17475 |     28 | 2018-06-27 03:12:13.5      |       10.7097 |        15.012 |        8.2523 |            1.2607 |            2.7675 |            2.1267 |            2.0974
 17475 |     29 | 2018-06-27 03:12:23.5      |       10.7131 |       15.0129 |        8.5976 |            1.3089 |            2.8868 |            2.2153 |            2.1865
 17475 |     30 | 2018-06-27 03:12:38.5      |       10.7093 |       15.0116 |        7.5085 |            1.1532 |            2.5145 |            1.9428 |            1.8979
 17475 |     31 | 2018-06-27 03:12:53.5      |       10.7116 |       15.0127 |        7.1395 |            1.1007 |            2.3849 |            1.8497 |            1.8041
 17475 |     32 | 2018-06-27 03:13:03.5      |       10.7085 |       15.0117 |        7.8783 |            1.2069 |            2.6385 |            2.0331 |            1.9999
 17475 |     33 | 2018-06-27 03:13:13.5      |       10.7044 |       15.0067 |        8.2049 |            1.2494 |            2.7539 |            2.1113 |            2.0902
 17475 |     34 | 2018-06-27 03:13:23.5      |       10.7116 |       15.0111 |         8.629 |            1.3136 |            2.8979 |            2.2224 |            2.1951
 17475 |     35 | 2018-06-27 03:13:38.5      |       10.7103 |       15.0083 |        7.4927 |             1.148 |            2.5111 |            1.9363 |            1.8973
 17475 |     36 | 2018-06-27 03:13:53.5      |       10.7108 |       15.0111 |        7.2604 |            1.1186 |            2.4265 |             1.879 |            1.8364
 17475 |     37 | 2018-06-27 03:14:03.5      |       10.6986 |       15.0058 |        7.7303 |            1.1816 |              2.59 |            1.9929 |            1.9658
 17475 |     38 | 2018-06-27 03:14:13.5      |       10.6988 |       15.0099 |        8.3294 |             1.267 |            2.7967 |            2.1433 |            2.1223
 17475 |     39 | 2018-06-27 03:14:23.5      |       10.7119 |       15.0115 |        8.6342 |            1.3135 |            2.9011 |            2.2219 |            2.1978
 17475 |     40 | 2018-06-27 03:14:36        |       10.7109 |       15.0127 |         7.895 |            1.2069 |             2.648 |            2.0405 |            1.9995
 17475 |     41 | 2018-06-27 03:14:48.5      |       10.7108 |       15.0122 |        6.7333 |            1.0428 |            2.2463 |            1.7489 |            1.6953
 17475 |     42 | 2018-06-27 03:14:58.5      |       10.7093 |       15.0118 |        7.5469 |            1.1596 |            2.5246 |              1.95 |            1.9127
 17475 |     43 | 2018-06-27 03:15:10        |       10.7144 |       15.0141 |        7.8621 |            1.2012 |            2.6357 |            2.0255 |            1.9998
 17475 |     44 | 2018-06-27 03:15:18.5      |       10.7088 |       15.0134 |        8.3384 |            1.2694 |            2.8005 |            2.1448 |            2.1236
 17475 |     45 | 2018-06-27 03:15:28.5      |       10.7121 |       15.0113 |        8.7146 |            1.3254 |             2.928 |            2.2443 |            2.2169
 17475 |     46 | 2018-06-27 03:15:43.5      |       10.7098 |       15.0115 |        7.0894 |            1.0939 |            2.3698 |            1.8377 |             1.788
 17475 |     47 | 2018-06-27 03:15:58.5      |       10.7087 |       15.0116 |        7.4327 |            1.1431 |            2.4855 |            1.9212 |            1.8828
 17475 |     48 | 2018-06-27 03:16:08.5      |       10.7131 |       15.0119 |        7.9729 |            1.2207 |            2.6707 |             2.057 |            2.0245
 17475 |     49 | 2018-06-27 03:16:18.5      |       10.7083 |        15.012 |        8.3191 |            1.2697 |            2.7913 |            2.1435 |            2.1145
 17475 |     50 | 2018-06-27 03:16:28.5      |       10.7126 |       15.0125 |        8.7632 |            1.3321 |            2.9445 |            2.2571 |            2.2294
 17475 |     51 | 2018-06-27 03:16:38.5      |       10.7115 |       15.0118 |        8.6896 |            1.3214 |            2.9205 |            2.2389 |            2.2088
 17475 |     52 | 2018-06-27 03:16:48.5      |       10.7082 |       15.0084 |        8.7863 |            1.3302 |            2.9578 |              2.26 |            2.2382
 17475 |     53 | 2018-06-27 03:16:58.5      |       10.7086 |       15.0117 |        8.8561 |            1.3445 |            2.9796 |            2.2813 |            2.2506
 17475 |     54 | 2018-06-27 03:17:08.5      |       10.7167 |       15.0128 |        9.1746 |            1.3893 |            3.0896 |            2.3617 |            2.3339
 17475 |     55 | 2018-06-27 03:17:18.5      |       10.7097 |       15.0117 |        9.0148 |            1.3673 |            3.0354 |            2.3217 |            2.2904
 17475 |     56 | 2018-06-27 03:17:26        |       10.7145 |       15.0128 |          9.28 |            1.4046 |            3.1257 |            2.3903 |            2.3594
 17475 |     57 | 2018-06-27 03:17:38.5      |       10.7038 |       15.0071 |        9.1693 |            1.3846 |            3.0918 |            2.3582 |            2.3346
 17475 |     58 | 2018-06-27 03:17:46        |       10.7126 |       15.0105 |        9.2583 |            1.4015 |            3.1195 |             2.384 |            2.3533
 17475 |     59 | 2018-06-27 03:17:56        |        10.715 |       15.0136 |        9.1783 |            1.3891 |            3.0921 |            2.3662 |            2.3309
 17475 |     60 | 2018-06-27 03:18:03.5      |       10.7139 |       15.0126 |        9.2923 |             1.406 |            3.1313 |             2.394 |             2.361
 17475 |     61 | 2018-06-27 03:18:14        |       10.7104 |       15.0109 |        9.1238 |            1.3832 |            3.0739 |            2.3503 |            2.3163
 17475 |     62 | 2018-06-27 03:18:26        |       10.7125 |       15.0119 |        9.1953 |            1.3922 |            3.0984 |            2.3694 |            2.3353
 17475 |     63 | 2018-06-27 03:18:38.5      |       10.6994 |       15.0081 |        9.1222 |            1.3787 |            3.0756 |            2.3477 |            2.3202
 17475 |     64 | 2018-06-27 03:18:51        |       10.7088 |       15.0114 |        9.1306 |            1.3835 |            3.0769 |            2.3521 |            2.3181
 17475 |     65 | 2018-06-27 03:18:58.5      |       10.7142 |       15.0106 |        9.2696 |            1.3992 |            3.1271 |            2.3834 |            2.3601
 17475 |     66 | 2018-06-27 03:19:11        |       10.7118 |        15.012 |        9.2434 |            1.3991 |            3.1152 |             2.381 |            2.3481
 17475 |     67 | 2018-06-27 03:19:18.5      |       10.7036 |       15.0073 |        9.1936 |            1.3885 |             3.101 |            2.3647 |            2.3393
 17475 |     68 | 2018-06-27 03:19:28.5      |       10.7101 |       15.0115 |        9.1518 |            1.3864 |            3.0841 |            2.3578 |            2.3236
 17475 |     69 | 2018-06-27 03:19:38.5      |       10.7129 |       15.0117 |        9.1904 |            1.3921 |            3.0966 |            2.3683 |            2.3334
 17475 |     70 | 2018-06-27 03:19:48.5      |       10.7134 |       15.0124 |        9.1593 |            1.3862 |            3.0863 |            2.3612 |            2.3256
 17475 |     71 | 2018-06-27 03:19:59        |       10.7092 |       15.0116 |         9.218 |            1.3956 |            3.1067 |            2.3742 |            2.3415
 17475 |     72 | 2018-06-27 03:20:09.5      |       10.7137 |       15.0111 |        9.3335 |            1.4127 |            3.1458 |             2.404 |             2.371
 17475 |     73 | 2018-06-27 03:20:19.5      |       10.7166 |       15.0123 |        9.1751 |              1.39 |             3.092 |            2.3636 |            2.3294
 17475 |     74 | 2018-06-27 03:20:32        |       10.7043 |       15.0134 |        9.2449 |            1.3977 |            3.1173 |             2.381 |            2.3489
 17475 |     75 | 2018-06-27 03:20:44.5      |       10.7114 |       15.0116 |         9.256 |             1.401 |            3.1198 |            2.3841 |             2.351
 17475 |     76 | 2018-06-27 03:20:54.5      |       10.7115 |        15.012 |        9.1431 |            1.3848 |            3.0809 |            2.3563 |            2.3211
 17475 |     77 | 2018-06-27 03:21:04.5      |       10.7138 |       15.0116 |        9.2449 |            1.3992 |            3.1157 |            2.3822 |            2.3479
 17475 |     78 | 2018-06-27 03:21:14.5      |       10.7119 |       15.0077 |        9.1734 |            1.3898 |            3.0911 |            2.3636 |            2.3289
 17475 |     79 | 2018-06-27 03:21:24.5      |       10.6929 |       15.0082 |        9.2105 |            1.3923 |             3.106 |            2.3682 |            2.3439
 17475 |     80 | 2018-06-27 03:21:34.5      |       10.7116 |       15.0111 |        9.1491 |            1.3858 |            3.0831 |            2.3575 |            2.3227
 17475 |     81 | 2018-06-27 03:21:44.5      |       10.7118 |       15.0126 |        9.0313 |            1.3688 |            3.0423 |            2.3282 |             2.292
 17475 |     82 | 2018-06-27 03:21:54.5      |       10.7107 |       15.0106 |        9.0937 |            1.3779 |            3.0638 |            2.3428 |            2.3091
 17475 |     83 | 2018-06-27 03:22:04.5      |       10.7124 |       15.0121 |        9.0853 |             1.377 |            3.0607 |            2.3417 |            2.3059
 17475 |     84 | 2018-06-27 03:22:14.5      |       10.7139 |       15.0124 |        9.2256 |            1.3974 |            3.1082 |            2.3772 |            2.3428
 17475 |     85 | 2018-06-27 03:22:24.5      |       10.7078 |        15.004 |        9.0921 |            1.3783 |            3.0635 |             2.342 |            2.3083
 17475 |     86 | 2018-06-27 03:22:34.5      |       10.7139 |       15.0117 |         9.244 |            1.3994 |            3.1153 |            2.3817 |            2.3476
 17475 |     87 | 2018-06-27 03:22:42        |       10.7098 |       15.0114 |        9.1606 |            1.3873 |            3.0871 |              2.36 |            2.3262
 17475 |     88 | 2018-06-27 03:22:52        |       10.7126 |       15.0103 |         9.261 |            1.4016 |            3.1213 |            2.3853 |            2.3528
 17475 |     89 | 2018-06-27 03:22:59.5      |       10.7072 |       15.0043 |        9.0576 |            1.3714 |            3.0524 |            2.3322 |            2.3015
 17475 |     90 | 2018-06-27 03:23:09.5      |       10.7115 |       15.0113 |        9.2059 |            1.3942 |            3.1025 |            2.3713 |            2.3379
 17475 |     91 | 2018-06-27 03:23:19.5      |       10.7126 |       15.0128 |        9.1669 |            1.3885 |            3.0889 |            2.3626 |            2.3269
 17475 |     92 | 2018-06-27 03:23:29.5      |       10.7126 |       15.0124 |        9.2695 |            1.4032 |             3.124 |            2.3879 |            2.3545
 17475 |     93 | 2018-06-27 03:23:39.5      |       10.7119 |       15.0129 |        9.1881 |             1.388 |            3.0985 |            2.3636 |            2.3379
 17475 |     94 | 2018-06-27 03:23:49.5      |       10.7103 |       15.0118 |        9.1852 |            1.3914 |            3.0955 |            2.3661 |            2.3321
 17475 |     95 | 2018-06-27 03:23:59.5      |       10.7105 |       15.0134 |        9.3088 |            1.4047 |            3.1411 |            2.3948 |            2.3682
 17475 |     96 | 2018-06-27 03:24:09.5      |       10.7137 |       15.0117 |        9.2566 |            1.4013 |            3.1197 |            2.3851 |            2.3505
 17475 |     97 | 2018-06-27 03:24:22        |        10.705 |        15.009 |        9.1342 |            1.3815 |            3.0795 |            2.3511 |            2.3221
 17475 |     98 | 2018-06-27 03:24:34.5      |       10.7125 |       15.0123 |        9.2547 |            1.4006 |            3.1189 |            2.3845 |            2.3508
 17475 |     99 | 2018-06-27 03:24:44.5      |       10.7113 |       15.0122 |        9.0969 |            1.3779 |            3.0652 |            2.3447 |            2.3091
 17475 |    100 | 2018-06-27 03:24:54.5      |       10.7093 |       15.0118 |        9.1189 |             1.381 |             3.073 |            2.3498 |            2.3151
 17475 |    101 | 2018-06-27 03:25:04.5      |       10.7143 |       15.0062 |        9.1856 |            1.3903 |            3.0947 |            2.3674 |            2.3333
 17475 |    102 | 2018-06-27 03:25:14.5      |       10.7068 |       15.0066 |        9.2054 |            1.3907 |            3.1045 |            2.3675 |            2.3426
 17475 |    103 | 2018-06-27 03:25:24.5      |       10.7094 |       15.0115 |        9.1352 |             1.384 |            3.0782 |            2.3538 |            2.3193
 17475 |    104 | 2018-06-27 03:25:34.5      |       10.7106 |       15.0124 |        9.2251 |             1.396 |            3.1092 |            2.3772 |            2.3428
 17475 |    105 | 2018-06-27 03:25:44.5      |       10.7082 |       15.0117 |        9.1106 |            1.3804 |            3.0701 |            2.3473 |            2.3127
 17475 |    106 | 2018-06-27 03:25:54.5      |        10.711 |       15.0109 |        9.2271 |            1.3967 |            3.1101 |            2.3767 |            2.3436
 17475 |    107 | 2018-06-27 03:26:02        |       10.7078 |       15.0114 |        9.0647 |            1.3733 |            3.0544 |            2.3358 |            2.3012
 17475 |    108 | 2018-06-27 03:26:13.333333 |       10.7104 |       15.0112 |        9.1786 |            1.3906 |            3.0931 |            2.3645 |            2.3305
 17475 |    109 | 2018-06-27 03:26:22        |        10.709 |       15.0026 |        9.0259 |            1.3684 |            3.0404 |            2.3259 |            2.2912
 17475 |    110 | 2018-06-27 03:26:34.5      |       10.7094 |       15.0113 |        9.1431 |            1.3852 |             3.081 |            2.3558 |            2.3212
 17475 |    111 | 2018-06-27 03:26:42        |       10.7045 |       14.9852 |        9.2082 |             1.389 |            3.1077 |            2.3647 |            2.3468
 17475 |    112 | 2018-06-27 03:26:49.5      |       10.7109 |       15.0102 |        9.2199 |            1.3954 |            3.1077 |             2.375 |            2.3418
 17475 |    113 | 2018-06-27 03:27:02        |       10.7136 |       15.0127 |        9.2423 |            1.3959 |             3.117 |            2.3789 |            2.3504
 17475 |    114 | 2018-06-27 03:27:12        |       10.7111 |       15.0118 |        9.2295 |            1.3976 |            3.1104 |            2.3774 |            2.3441
 17475 |    115 | 2018-06-27 03:27:19.5      |        10.717 |       15.0123 |        9.2657 |            1.4014 |            3.1227 |            2.3881 |            2.3534
 17475 |    116 | 2018-06-27 03:27:29.5      |       10.7166 |       15.0128 |        9.1989 |            1.3909 |            3.1007 |            2.3711 |            2.3361
 17475 |    117 | 2018-06-27 03:27:39.5      |       10.7123 |       15.0114 |        9.2681 |            1.4025 |            3.1238 |            2.3876 |            2.3542
 17475 |    118 | 2018-06-27 03:27:49.5      |       10.6856 |       15.0068 |        9.1555 |            1.3828 |            3.0889 |            2.3537 |              2.33
 17475 |    119 | 2018-06-27 03:27:59.5      |       10.7101 |       15.0107 |        9.2007 |            1.3928 |             3.101 |            2.3704 |            2.3366
 17475 |    120 | 2018-06-27 03:28:09.5      |       10.7112 |       15.0115 |        9.2417 |            1.3994 |            3.1146 |            2.3807 |            2.3471
 17475 |    121 | 2018-06-27 03:28:19.5      |       10.7081 |       15.0114 |        9.1043 |            1.3796 |            3.0678 |             2.346 |            2.3108
 17475 |    122 | 2018-06-27 03:28:29.5      |       10.7045 |       15.0061 |        9.2981 |            1.4027 |            3.1368 |            2.3913 |            2.3673
 17475 |    123 | 2018-06-27 03:28:39.5      |       10.7116 |       15.0122 |        9.1512 |             1.386 |            3.0835 |            2.3586 |             2.323
 17475 |    124 | 2018-06-27 03:28:49.5      |        10.712 |       15.0113 |        9.2248 |            1.3965 |             3.109 |            2.3768 |            2.3426
 17475 |    125 | 2018-06-27 03:28:59.5      |       10.7109 |       15.0118 |        9.0874 |            1.3765 |            3.0619 |            2.3424 |            2.3066
 17475 |    126 | 2018-06-27 03:29:07        |       10.7149 |       15.0129 |        9.1764 |            1.3892 |            3.0917 |            2.3655 |              2.33
 17475 |    127 | 2018-06-27 03:29:14.5      |       10.7134 |       15.0114 |        9.3021 |             1.408 |            3.1349 |            2.3964 |            2.3628
 17475 |    128 | 2018-06-27 03:29:24.5      |       10.7118 |       15.0124 |        9.1777 |            1.3891 |            3.0927 |            2.3659 |              2.33
 17475 |    129 | 2018-06-27 03:29:34.5      |        10.712 |       15.0113 |        9.2643 |             1.402 |            3.1226 |            2.3867 |            2.3531
 17475 |    130 | 2018-06-27 03:29:44.5      |       10.7105 |       15.0117 |        9.1977 |            1.3923 |            3.0999 |            2.3696 |            2.3359
 17475 |    131 | 2018-06-27 03:29:54.5      |       10.7099 |       15.0114 |        9.1537 |             1.386 |            3.0849 |            2.3588 |             2.324
 17475 |    132 | 2018-06-27 03:30:06        |       10.7128 |       15.0116 |        9.2092 |            1.3942 |            3.1036 |            2.3732 |            2.3382
 17475 |    133 | 2018-06-27 03:30:14.5      |       10.7148 |       15.0103 |        9.2896 |            1.4026 |            3.1341 |             2.389 |            2.3639
 17475 |    134 | 2018-06-27 03:30:24.5      |       10.7136 |       15.0138 |        9.1368 |            1.3804 |            3.0816 |            2.3513 |            2.3236
 17475 |    135 | 2018-06-27 03:30:34.5      |       10.7024 |       15.0064 |        9.1641 |             1.384 |            3.0917 |            2.3569 |            2.3316
 17475 |    136 | 2018-06-27 03:30:44.5      |       10.7109 |       15.0054 |        9.1935 |            1.3892 |            3.0991 |            2.3668 |            2.3385
 17475 |    137 | 2018-06-27 03:30:54.5      |         10.71 |       15.0113 |        9.1172 |            1.3808 |            3.0723 |            2.3495 |            2.3145
 17475 |    138 | 2018-06-27 03:31:04.5      |       10.7131 |       15.0121 |        9.2262 |            1.3965 |            3.1091 |            2.3776 |             2.343
 17475 |    139 | 2018-06-27 03:31:14.5      |       10.7111 |       15.0125 |        9.1312 |            1.3835 |            3.0766 |            2.3536 |            2.3175
 17475 |    140 | 2018-06-27 03:31:24.5      |       10.7105 |       15.0114 |        9.1914 |            1.3921 |            3.0974 |            2.3682 |            2.3338
 17475 |    141 | 2018-06-27 03:31:34.5      |       10.7181 |       15.0123 |        9.2696 |            1.4017 |             3.124 |            2.3894 |            2.3545
 17475 |    142 | 2018-06-27 03:31:44.5      |       10.7095 |       15.0093 |        9.1107 |            1.3799 |            3.0699 |            2.3478 |            2.3132
 17475 |    143 | 2018-06-27 03:31:54.5      |       10.7146 |       15.0121 |        9.3092 |            1.4061 |            3.1394 |            2.3977 |             2.366
 17475 |    144 | 2018-06-27 03:32:04.5      |       10.7087 |       15.0119 |        9.1164 |            1.3812 |             3.072 |             2.349 |            2.3142
 17475 |    145 | 2018-06-27 03:32:12        |       10.7147 |       15.0124 |         9.197 |            1.3929 |            3.0986 |            2.3706 |            2.3349
 17475 |    146 | 2018-06-27 03:32:19.5      |       10.7089 |       15.0116 |        9.1882 |            1.3916 |            3.0968 |            2.3664 |            2.3333
 17475 |    147 | 2018-06-27 03:32:29.5      |       10.7042 |       15.0067 |        9.1965 |            1.3888 |            3.1021 |            2.3655 |            2.3401
 17475 |    148 | 2018-06-27 03:32:39.5      |       10.7094 |       15.0136 |        9.1094 |            1.3792 |            3.0698 |             2.346 |            2.3144
 17475 |    149 | 2018-06-27 03:32:49.5      |       10.7121 |       15.0121 |        9.2855 |            1.4042 |              3.13 |            2.3926 |            2.3586
 17475 |    150 | 2018-06-27 03:32:59.5      |        10.711 |       15.0119 |        9.1128 |            1.3798 |            3.0707 |            2.3492 |            2.3132
 17475 |    151 | 2018-06-27 03:33:09.5      |       10.7005 |       15.0053 |         9.115 |            1.3772 |            3.0739 |            2.3456 |            2.3182
 17475 |    152 | 2018-06-27 03:33:19.5      |       10.7126 |       15.0113 |        9.1563 |            1.3875 |             3.085 |            2.3598 |             2.324
 17475 |    153 | 2018-06-27 03:33:29.5      |       10.7113 |        15.011 |        9.2156 |            1.3954 |            3.1056 |            2.3738 |            2.3407
 17475 |    154 | 2018-06-27 03:33:39.5      |       10.7115 |        15.012 |        9.1312 |            1.3827 |             3.077 |            2.3535 |             2.318
 17475 |    155 | 2018-06-27 03:33:49.5      |       10.7112 |       15.0114 |        9.2107 |            1.3945 |             3.104 |            2.3728 |            2.3394
 17475 |    156 | 2018-06-27 03:33:59.5      |       10.7139 |       15.0112 |        9.2362 |            1.3978 |            3.1128 |              2.38 |            2.3457
 17475 |    157 | 2018-06-27 03:34:09.5      |       10.7105 |       15.0122 |        9.1967 |            1.3928 |            3.0993 |            2.3695 |            2.3351
 17475 |    158 | 2018-06-27 03:34:19.5      |       10.7125 |       15.0139 |        9.2843 |            1.4051 |            3.1293 |            2.3914 |            2.3585
 17475 |    159 | 2018-06-27 03:34:29.5      |       10.7118 |       15.0122 |        9.1792 |            1.3896 |            3.0934 |            2.3657 |            2.3304
 17475 |    160 | 2018-06-27 03:34:39.5      |       10.7096 |       15.0111 |        9.1484 |            1.3855 |            3.0833 |            2.3572 |            2.3224
 17475 |    161 | 2018-06-27 03:34:47        |       10.7212 |       15.0171 |        9.1057 |            1.3717 |            3.0735 |            2.3401 |            2.3204
 17475 |    162 | 2018-06-27 03:34:59.5      |        10.709 |       15.0114 |        9.1253 |            1.3818 |            3.0755 |            2.3514 |            2.3167
 17475 |    163 | 2018-06-27 03:35:11        |       10.7081 |        15.012 |        9.1008 |            1.3792 |            3.0667 |             2.345 |            2.3099
 17475 |    164 | 2018-06-27 03:35:14.5      |       10.6705 |       15.0067 |         9.109 |             1.378 |            3.0715 |             2.343 |            2.3166
 17475 |    165 | 2018-06-27 03:35:24.5      |       10.7115 |       15.0119 |        9.2636 |            1.4023 |            3.1222 |            2.3865 |            2.3526
 17475 |    166 | 2018-06-27 03:35:34.5      |       10.7088 |       15.0117 |        9.1453 |            1.3853 |            3.0823 |            2.3561 |            2.3216
 17475 |    167 | 2018-06-27 03:35:44.5      |       10.6978 |       15.0062 |        9.1785 |            1.3858 |            3.0962 |            2.3607 |            2.3358
 17475 |    168 | 2018-06-27 03:35:54.5      |       10.7094 |       15.0116 |        9.1509 |            1.3857 |            3.0839 |            2.3578 |            2.3235
 17475 |    169 | 2018-06-27 03:36:04.5      |       10.7025 |       15.0133 |        9.3071 |            1.4055 |             3.139 |            2.3965 |             2.366
 17475 |    170 | 2018-06-27 03:36:14.5      |       10.7086 |       15.0067 |        9.1639 |            1.3847 |            3.0914 |            2.3566 |            2.3312
 17475 |    171 | 2018-06-27 03:36:24.5      |       10.7104 |       15.0104 |        9.1638 |             1.388 |            3.0885 |            2.3606 |            2.3266
 17475 |    172 | 2018-06-27 03:36:34.5      |       10.7135 |       15.0111 |        9.2333 |            1.3975 |            3.1117 |            2.3793 |            2.3447
 17475 |    173 | 2018-06-27 03:36:44.5      |       10.7076 |       15.0141 |         9.068 |             1.374 |            3.0555 |            2.3367 |            2.3019
 17475 |    174 | 2018-06-27 03:36:54.5      |       10.7117 |       15.0122 |        9.2951 |            1.4059 |            3.1334 |            2.3945 |            2.3613
 17475 |    175 | 2018-06-27 03:37:02        |        10.709 |       15.0113 |        9.1446 |            1.3846 |             3.082 |            2.3564 |            2.3216
 17475 |    176 | 2018-06-27 03:37:14.5      |       10.7129 |       15.0126 |        9.2224 |             1.396 |            3.1082 |            2.3766 |            2.3417
 17475 |    177 | 2018-06-27 03:37:24.5      |       10.7115 |       15.0113 |        9.2254 |            1.3968 |            3.1091 |            2.3767 |            2.3427
 17475 |    178 | 2018-06-27 03:37:34.5      |        10.712 |       15.0146 |        9.1781 |            1.3887 |            3.0929 |             2.364 |            2.3326
 17475 |    179 | 2018-06-27 03:37:42        |       10.7124 |       15.0094 |        9.2415 |             1.399 |            3.1148 |            2.3804 |            2.3473
 17475 |    180 | 2018-06-27 03:37:49.5      |       10.7135 |       15.0134 |        9.1092 |            1.3759 |            3.0722 |            2.3441 |            2.3171
 17475 |    181 | 2018-06-27 03:37:59.5      |        10.712 |        15.011 |        9.2295 |            1.3966 |            3.1106 |            2.3779 |            2.3445
 17475 |    182 | 2018-06-27 03:38:09.5      |       10.7134 |       15.0114 |        9.2218 |            1.3962 |            3.1078 |             2.376 |            2.3418
 17475 |    183 | 2018-06-27 03:38:19.5      |       10.7077 |       15.0078 |        9.1941 |            1.3894 |             3.101 |            2.3647 |             2.339
 17475 |    184 | 2018-06-27 03:38:29.5      |         10.71 |       15.0113 |        9.1838 |             1.391 |            3.0952 |            2.3656 |            2.3321
 17475 |    185 | 2018-06-27 03:38:39.5      |       10.7142 |       15.0119 |        9.2713 |            1.4027 |            3.1248 |            2.3891 |            2.3548
 17475 |    186 | 2018-06-27 03:38:49.5      |       10.7132 |       15.0167 |        9.2041 |            1.3889 |            3.1047 |            2.3681 |            2.3423
 17475 |    187 | 2018-06-27 03:38:59.5      |       10.7081 |       15.0033 |        9.0867 |            1.3754 |            3.0626 |            2.3396 |            2.3091
 17475 |    188 | 2018-06-27 03:39:09.5      |       10.7116 |        15.012 |        9.1307 |             1.384 |            3.0764 |            2.3529 |            2.3174
 17475 |    189 | 2018-06-27 03:39:19.5      |        10.711 |       15.0106 |        9.1712 |            1.3899 |            3.0903 |            2.3624 |            2.3285
 17475 |    190 | 2018-06-27 03:39:29.5      |        10.717 |       15.0166 |        9.2305 |            1.3935 |            3.1135 |             2.375 |            2.3485
 17475 |    191 | 2018-06-27 03:39:39.5      |       10.7115 |       15.0118 |        9.1466 |            1.3853 |            3.0821 |            2.3573 |            2.3219
 17475 |    192 | 2018-06-27 03:39:49.5      |       10.9074 |       15.1595 |        9.3335 |            1.4398 |            3.1197 |            2.4204 |            2.3536
 17475 |    193 | 2018-06-27 03:40:00        |       10.9111 |       15.2095 |        9.4061 |            1.4381 |            3.1551 |            2.4309 |             2.382
 17475 |    194 | 2018-06-27 03:40:11        |        10.907 |       15.2093 |        9.3487 |            1.4282 |            3.1386 |            2.4131 |            2.3688
 17475 |    195 | 2018-06-27 03:40:15.5      |       10.9116 |        15.212 |        9.4152 |            1.4299 |            3.1677 |            2.4255 |            2.3921
 17475 |    196 | 2018-06-27 03:40:25.5      |       11.1066 |       15.3613 |        9.4193 |            1.4602 |            3.1422 |            2.4446 |            2.3722
 17475 |    197 | 2018-06-27 03:40:35.5      |       11.1139 |       15.4149 |        9.4701 |            1.4455 |            3.1782 |            2.4402 |            2.4062
 17475 |    198 | 2018-06-27 03:40:45.5      |       11.1061 |       15.4064 |        9.4018 |            1.4373 |            3.1551 |            2.4273 |            2.3822
 17475 |    199 | 2018-06-27 03:40:55.5      |       11.2093 |       15.4626 |        9.5625 |            1.4735 |            3.1977 |            2.4784 |            2.4129
 17475 |    200 | 2018-06-27 03:41:06.5      |        11.309 |       15.6036 |        9.6281 |            1.4836 |            3.2202 |            2.4905 |            2.4339
 17475 |    201 | 2018-06-27 03:41:15.5      |       11.3075 |       15.6098 |        9.5302 |            1.4617 |            3.1951 |            2.4619 |            2.4115
 17475 |    202 | 2018-06-27 03:41:25.5      |       11.3103 |       15.6105 |        9.6774 |             1.476 |             3.251 |            2.4972 |            2.4531
 17475 |    203 | 2018-06-27 03:41:35.5      |       11.4928 |       15.8133 |         9.679 |            1.4929 |            3.2349 |            2.5026 |            2.4485
 17475 |    204 | 2018-06-27 03:41:45.5      |       11.5046 |       15.8117 |        9.6523 |            1.4821 |             3.234 |             2.494 |            2.4422
 17475 |    205 | 2018-06-27 03:41:55.5      |       11.5086 |       15.8058 |        9.7073 |             1.484 |            3.2581 |            2.5061 |            2.4592
 17475 |    206 | 2018-06-27 03:42:05.5      |       11.5054 |       15.8607 |        9.6977 |            1.4871 |             3.251 |            2.5075 |            2.4521
 17475 |    207 | 2018-06-27 03:42:15.5      |       11.7056 |       16.0087 |         9.793 |            1.5129 |            3.2724 |            2.5341 |            2.4736
 17475 |    208 | 2018-06-27 03:42:23        |       11.7114 |       16.0102 |        9.8494 |            1.5115 |            3.2995 |            2.5463 |            2.4921
 17475 |    209 | 2018-06-27 03:42:34        |       11.7065 |       16.0085 |        9.8371 |            1.5039 |            3.3024 |            2.5392 |            2.4916
 17475 |    210 | 2018-06-27 03:42:40.5      |       11.7077 |       16.0611 |        9.8484 |            1.5078 |            3.3028 |            2.5466 |            2.4912
 17475 |    211 | 2018-06-27 03:42:50.5      |       11.9108 |       16.2105 |       10.0675 |            1.5521 |            3.3663 |            2.6041 |             2.545
 17475 |    212 | 2018-06-27 03:43:00.5      |       11.9092 |       16.2109 |        9.9165 |            1.5205 |            3.3236 |            2.5629 |            2.5095
 17475 |    213 | 2018-06-27 03:43:10.5      |       11.9059 |       16.2101 |        9.7998 |            1.4993 |            3.2896 |            2.5295 |            2.4813
 17475 |    214 | 2018-06-27 03:43:20.5      |       12.0078 |        16.359 |       10.0376 |            1.5486 |            3.3565 |             2.598 |            2.5344
 17475 |    215 | 2018-06-27 03:43:30.5      |       12.1112 |       16.4116 |       10.0785 |             1.549 |            3.3742 |            2.6035 |            2.5518
 17475 |    216 | 2018-06-27 03:43:40.5      |       12.1092 |       16.4086 |       10.0528 |            1.5389 |            3.3729 |            2.5949 |            2.5462
 17475 |    217 | 2018-06-27 03:43:50.5      |       12.1106 |       16.4585 |       10.1686 |            1.5595 |            3.4091 |            2.6277 |            2.5723
 17475 |    218 | 2018-06-27 03:44:00.5      |       12.3067 |       16.6108 |       10.1406 |            1.5643 |            3.3909 |            2.6228 |            2.5625
 17475 |    219 | 2018-06-27 03:44:08        |       12.3027 |       16.6104 |       10.0616 |            1.5474 |            3.3709 |            2.5987 |            2.5446
 17475 |    220 | 2018-06-27 03:44:18        |       12.3115 |       16.6118 |       10.3951 |            1.5867 |            3.4914 |             2.681 |             2.636
 17475 |    221 | 2018-06-27 03:44:25.5      |       12.3074 |       16.6594 |       10.2486 |            1.5713 |            3.4365 |            2.6483 |            2.5924
 17475 |    222 | 2018-06-27 03:44:35.5      |       12.5121 |       16.8082 |       10.3839 |            1.5992 |            3.4746 |            2.6841 |            2.6261
 17475 |    223 | 2018-06-27 03:44:45.5      |       12.5069 |       16.8035 |       10.2418 |            1.5696 |            3.4352 |             2.644 |             2.593
 17475 |    224 | 2018-06-27 03:44:55.5      |       12.5146 |       16.8087 |       10.4049 |            1.5863 |            3.4958 |            2.6843 |            2.6387
 17475 |    225 | 2018-06-27 03:45:05.5      |        12.712 |        16.956 |       10.4599 |            1.6189 |            3.4922 |            2.7114 |            2.6374
 17475 |    226 | 2018-06-27 03:45:15.5      |       12.6979 |       17.0139 |        10.576 |            1.6185 |            3.5478 |            2.7281 |            2.6817
 17475 |    227 | 2018-06-27 03:45:25.5      |       12.7123 |       17.0102 |       10.4598 |            1.5987 |            3.5119 |            2.6988 |            2.6505
 17475 |    228 | 2018-06-27 03:45:33        |       12.7116 |       17.0094 |       10.4201 |            1.5895 |            3.5026 |            2.6858 |            2.6422
 17475 |    229 | 2018-06-27 03:45:40.5      |       12.8118 |       17.1577 |        10.604 |            1.6332 |            3.5478 |            2.7436 |            2.6793
 17475 |    230 | 2018-06-27 03:45:50.5      |        12.909 |       17.2071 |       10.5955 |            1.6269 |            3.5501 |            2.7369 |            2.6816
 17475 |    231 | 2018-06-27 03:46:00.5      |       12.9082 |       17.2058 |       10.6125 |            1.6224 |             3.563 |            2.7372 |            2.6898
 17475 |    232 | 2018-06-27 03:46:10.5      |       12.9068 |       17.2574 |       10.5592 |            1.6198 |            3.5408 |            2.7279 |            2.6707
 17475 |    233 | 2018-06-27 03:46:20.5      |       13.1115 |       17.4097 |       10.7569 |            1.6563 |            3.6001 |            2.7798 |            2.7207
 17475 |    234 | 2018-06-27 03:46:30.5      |       13.1065 |       17.4082 |       10.6163 |             1.628 |             3.561 |            2.7395 |            2.6878
 17475 |    235 | 2018-06-27 03:46:40.5      |        13.109 |       17.4094 |       10.7626 |            1.6419 |            3.6168 |             2.775 |             2.729
 17475 |    236 | 2018-06-27 03:46:48        |       13.1135 |       17.6112 |       10.8667 |            1.6551 |            3.6528 |            2.7964 |            2.7624
 17475 |    237 | 2018-06-27 03:47:00.5      |       13.1066 |       17.6053 |        10.769 |            1.6419 |            3.6208 |            2.7724 |             2.734
 17475 |    238 | 2018-06-27 03:47:08        |        13.111 |       17.6029 |       10.9339 |            1.6632 |            3.6795 |            2.8134 |            2.7778
 17475 |    239 | 2018-06-27 03:47:15.5      |       13.1081 |       17.6053 |       10.8593 |            1.6501 |            3.6566 |            2.7941 |            2.7586
 17475 |    240 | 2018-06-27 03:47:25.5      |       13.1027 |       17.8021 |       10.9761 |            1.6658 |            3.6944 |              2.82 |            2.7958
 17475 |    241 | 2018-06-27 03:47:35.5      |       13.1078 |        17.807 |       10.8878 |            1.6551 |            3.6648 |            2.8011 |            2.7667
 17475 |    242 | 2018-06-27 03:47:45.5      |       13.1071 |       17.8059 |       10.8896 |            1.6532 |            3.6677 |            2.8011 |            2.7675
 17475 |    243 | 2018-06-27 03:47:55.5      |        13.092 |       18.0093 |       11.0047 |            1.6709 |            3.7048 |            2.8278 |            2.8011
 17475 |    244 | 2018-06-27 03:48:05.5      |       13.1117 |       18.0048 |       11.1917 |            1.6991 |            3.7683 |            2.8772 |             2.847
 17475 |    245 | 2018-06-27 03:48:13        |       13.1105 |       18.0052 |       11.1542 |             1.692 |            3.7582 |            2.8667 |            2.8373
 17475 |    246 | 2018-06-27 03:48:20.5      |       13.1092 |        18.006 |       11.0202 |            1.6707 |            3.7142 |             2.834 |            2.8013
 17475 |    247 | 2018-06-27 03:48:30.5      |       13.1105 |        18.208 |       11.2712 |            1.7127 |            3.7937 |            2.8975 |            2.8674
 17475 |    248 | 2018-06-27 03:48:40.5      |       13.1062 |       18.2079 |       11.0736 |            1.6807 |            3.7302 |            2.8468 |            2.8159
 17475 |    249 | 2018-06-27 03:48:50.5      |       13.1132 |       18.2105 |       11.3121 |            1.7104 |            3.8136 |            2.9097 |            2.8784
 17475 |    250 | 2018-06-27 03:49:00.5      |       13.1106 |       18.2807 |       11.2825 |            1.7125 |            3.7989 |            2.9032 |            2.8678
 17475 |    251 | 2018-06-27 03:49:10.5      |       13.1078 |       18.3065 |       11.2495 |            1.7041 |            3.7931 |            2.8902 |            2.8623
 17475 |    252 | 2018-06-27 03:49:20.5      |       13.1146 |       18.3105 |       11.3482 |            1.7116 |            3.8314 |            2.9142 |             2.891
 17475 |    253 | 2018-06-27 03:49:28        |       13.1098 |       18.3065 |        11.303 |            1.7083 |            3.8143 |            2.9039 |            2.8765
 17475 |    254 | 2018-06-27 03:49:35.5      |       13.1048 |       18.3068 |       11.1384 |             1.684 |            3.7584 |            2.8622 |            2.8338
 17475 |    255 | 2018-06-27 03:49:45.5      |       13.1018 |       18.3001 |       11.3472 |            1.7086 |            3.8344 |            2.9089 |            2.8952
 17475 |    256 | 2018-06-27 03:49:55.5      |       13.1054 |       18.3069 |       11.1512 |            1.6844 |            3.7644 |            2.8658 |            2.8366
 17475 |    257 | 2018-06-27 03:50:05.5      |       13.1116 |       18.3061 |       11.4061 |            1.7203 |            3.8516 |            2.9304 |            2.9039
 17475 |    258 | 2018-06-27 03:50:15.5      |       13.1099 |       18.3081 |        11.222 |            1.6942 |            3.7889 |             2.884 |             2.855
 17475 |    259 | 2018-06-27 03:50:25.5      |       13.1096 |       18.3069 |        11.266 |            1.7003 |             3.804 |            2.8946 |             2.867
 17475 |    260 | 2018-06-27 03:50:35.5      |       13.1027 |       18.3075 |       11.0622 |            1.6672 |            3.7378 |            2.8383 |            2.8188
 17475 |    261 | 2018-06-27 03:50:45.5      |       13.1076 |        18.307 |       11.2981 |            1.7048 |            3.8152 |            2.9024 |            2.8758
 17475 |    262 | 2018-06-27 03:50:53        |       13.1061 |       18.3068 |        11.135 |            1.6812 |            3.7598 |             2.861 |             2.833
 17475 |    263 | 2018-06-27 03:51:00.5      |       13.1118 |       18.3068 |        11.416 |            1.7205 |            3.8552 |            2.9334 |             2.907
 17475 |    264 | 2018-06-27 03:51:10.5      |       13.1128 |       18.3085 |       11.3596 |             1.713 |            3.8361 |            2.9193 |            2.8913
 17475 |    265 | 2018-06-27 03:51:20.5      |       13.1071 |       18.3066 |       11.2052 |            1.6919 |            3.7837 |            2.8787 |            2.8508
 17475 |    266 | 2018-06-27 03:51:33        |       13.0975 |       18.3042 |       10.5195 |            1.5902 |            3.5501 |            2.7049 |            2.6743
(267 rows)

  run  | subrun |            time            | step1_voltage | step2_voltage | total_current | pos_2step_current | pos_1step_current | neg_2step_current | neg_1step_current 
-------+--------+----------------------------+---------------+---------------+---------------+-------------------+-------------------+-------------------+-------------------
 17475 |      0 | 2018-06-27 03:06:36        |       10.7078 |       15.0115 |        3.1585 |            0.5358 |            1.0069 |            0.8436 |            0.7722
 17475 |      1 | 2018-06-27 03:07:03.5      |       10.7104 |        15.011 |        4.9533 |            0.7951 |            1.6146 |            1.2864 |            1.2571
 17475 |      2 | 2018-06-27 03:07:13.5      |       10.7119 |       15.0112 |        6.3321 |            0.9913 |            2.0909 |            1.6337 |            1.6163
 17475 |      3 | 2018-06-27 03:07:23.5      |       10.7078 |       15.0116 |        7.2207 |            1.1168 |            2.4007 |            1.8584 |            1.8448
 17475 |      4 | 2018-06-27 03:07:38.5      |       10.7112 |       15.0098 |        6.8403 |            1.0582 |            2.2764 |            1.7667 |            1.7389
 17475 |      5 | 2018-06-27 03:07:53.5      |       10.7087 |       15.0113 |        6.8628 |            1.0637 |            2.2831 |             1.774 |            1.7419
 17475 |      6 | 2018-06-27 03:08:03.5      |       10.7139 |       15.0122 |        7.6357 |             1.173 |            2.5497 |            1.9694 |            1.9436
 17475 |      7 | 2018-06-27 03:08:13.5      |       10.7173 |       15.0147 |        8.1378 |            1.2412 |            2.7266 |            2.0924 |            2.0777
 17475 |      8 | 2018-06-27 03:08:23.5      |       10.7113 |       15.0123 |        8.4281 |            1.2851 |            2.8263 |            2.1706 |            2.1462
 17475 |      9 | 2018-06-27 03:08:38.5      |        10.711 |       15.0112 |        7.5603 |            1.1607 |            2.5305 |            1.9549 |            1.9143
 17475 |     10 | 2018-06-27 03:08:51        |       10.7112 |       15.0115 |        7.0565 |            1.0901 |            2.3554 |            1.8275 |            1.7835
 17475 |     11 | 2018-06-27 03:08:58.5      |       10.7113 |        15.013 |        7.6567 |            1.1708 |            2.5644 |            1.9752 |            1.9465
 17475 |     12 | 2018-06-27 03:09:08.5      |        10.708 |       15.0116 |        7.9559 |            1.2186 |            2.6649 |            2.0518 |            2.0207
 17475 |     13 | 2018-06-27 03:09:18.5      |       10.7146 |       15.0132 |        8.5422 |            1.3015 |            2.8665 |            2.2013 |            2.1729
 17475 |     14 | 2018-06-27 03:09:36        |       10.7102 |       15.0121 |        7.9065 |              1.21 |            2.6512 |            2.0429 |            2.0023
 17475 |     15 | 2018-06-27 03:09:48.5      |       10.7117 |       15.0123 |        6.7703 |            1.0484 |            2.2585 |            1.7578 |            1.7056
 17475 |     16 | 2018-06-27 03:09:58.5      |       10.7109 |       15.0115 |        7.5429 |             1.159 |            2.5234 |            1.9491 |            1.9114
 17475 |     17 | 2018-06-27 03:10:08.5      |       10.7115 |       15.0108 |        8.0544 |            1.2324 |            2.6986 |            2.0772 |            2.0461
 17475 |     18 | 2018-06-27 03:10:18.5      |       10.7139 |       15.0119 |        8.4968 |            1.2911 |            2.8548 |            2.1849 |            2.1661
 17475 |     19 | 2018-06-27 03:10:28.5      |       10.7077 |       15.0128 |        8.5739 |             1.303 |            2.8819 |            2.2054 |            2.1836
 17475 |     20 | 2018-06-27 03:10:43.5      |        10.709 |       15.0117 |        7.0705 |            1.0907 |            2.3639 |            1.8329 |            1.7831
 17475 |     21 | 2018-06-27 03:10:58.5      |       10.7111 |       15.0126 |        7.4813 |              1.15 |            2.5018 |            1.9343 |            1.8952
 17475 |     22 | 2018-06-27 03:11:08.5      |       10.7139 |       15.0128 |        8.1554 |            1.2457 |            2.7332 |            2.1037 |            2.0728
 17475 |     23 | 2018-06-27 03:11:18.5      |        10.709 |       15.0116 |        8.3388 |            1.2729 |            2.7977 |            2.1487 |            2.1195
 17475 |     24 | 2018-06-27 03:11:28.5      |       10.6992 |        15.005 |        8.7697 |            1.3293 |            2.9495 |             2.254 |            2.2368
 17475 |     25 | 2018-06-27 03:11:41        |       10.7104 |       15.0116 |        7.2175 |            1.1117 |            2.4141 |            1.8705 |            1.8213
 17475 |     26 | 2018-06-27 03:11:53.5      |       10.7085 |       15.0084 |         7.078 |            1.0915 |            2.3645 |            1.8316 |            1.7904
 17475 |     27 | 2018-06-27 03:12:03.5      |       10.7154 |        15.012 |        7.8924 |            1.2078 |            2.6426 |            2.0382 |            2.0038
 17475 |     28 | 2018-06-27 03:12:13.5      |       10.7097 |        15.012 |        8.2523 |            1.2607 |            2.7675 |            2.1267 |            2.0974
 17475 |     29 | 2018-06-27 03:12:23.5      |       10.7131 |       15.0129 |        8.5976 |            1.3089 |            2.8868 |            2.2153 |            2.1865
 17475 |     30 | 2018-06-27 03:12:38.5      |       10.7093 |       15.0116 |        7.5085 |            1.1532 |            2.5145 |            1.9428 |            1.8979
 17475 |     31 | 2018-06-27 03:12:53.5      |       10.7116 |       15.0127 |        7.1395 |            1.1007 |            2.3849 |            1.8497 |            1.8041
 17475 |     32 | 2018-06-27 03:13:03.5      |       10.7085 |       15.0117 |        7.8783 |            1.2069 |            2.6385 |            2.0331 |            1.9999
 17475 |     33 | 2018-06-27 03:13:13.5      |       10.7044 |       15.0067 |        8.2049 |            1.2494 |            2.7539 |            2.1113 |            2.0902
 17475 |     34 | 2018-06-27 03:13:23.5      |       10.7116 |       15.0111 |         8.629 |            1.3136 |            2.8979 |            2.2224 |            2.1951
 17475 |     35 | 2018-06-27 03:13:38.5      |       10.7103 |       15.0083 |        7.4927 |             1.148 |            2.5111 |            1.9363 |            1.8973
 17475 |     36 | 2018-06-27 03:13:53.5      |       10.7108 |       15.0111 |        7.2604 |            1.1186 |            2.4265 |             1.879 |            1.8364
 17475 |     37 | 2018-06-27 03:14:03.5      |       10.6986 |       15.0058 |        7.7303 |            1.1816 |              2.59 |            1.9929 |            1.9658
 17475 |     38 | 2018-06-27 03:14:13.5      |       10.6988 |       15.0099 |        8.3294 |             1.267 |            2.7967 |            2.1433 |            2.1223
 17475 |     39 | 2018-06-27 03:14:23.5      |       10.7119 |       15.0115 |        8.6342 |            1.3135 |            2.9011 |            2.2219 |            2.1978
 17475 |     40 | 2018-06-27 03:14:36        |       10.7109 |       15.0127 |         7.895 |            1.2069 |             2.648 |            2.0405 |            1.9995
 17475 |     41 | 2018-06-27 03:14:48.5      |       10.7108 |       15.0122 |        6.7333 |            1.0428 |            2.2463 |            1.7489 |            1.6953
 17475 |     42 | 2018-06-27 03:14:58.5      |       10.7093 |       15.0118 |        7.5469 |            1.1596 |            2.5246 |              1.95 |            1.9127
 17475 |     43 | 2018-06-27 03:15:10        |       10.7144 |       15.0141 |        7.8621 |            1.2012 |            2.6357 |            2.0255 |            1.9998
 17475 |     44 | 2018-06-27 03:15:18.5      |       10.7088 |       15.0134 |        8.3384 |            1.2694 |            2.8005 |            2.1448 |            2.1236
 17475 |     45 | 2018-06-27 03:15:28.5      |       10.7121 |       15.0113 |        8.7146 |            1.3254 |             2.928 |            2.2443 |            2.2169
 17475 |     46 | 2018-06-27 03:15:43.5      |       10.7098 |       15.0115 |        7.0894 |            1.0939 |            2.3698 |            1.8377 |             1.788
 17475 |     47 | 2018-06-27 03:15:58.5      |       10.7087 |       15.0116 |        7.4327 |            1.1431 |            2.4855 |            1.9212 |            1.8828
 17475 |     48 | 2018-06-27 03:16:08.5      |       10.7131 |       15.0119 |        7.9729 |            1.2207 |            2.6707 |             2.057 |            2.0245
 17475 |     49 | 2018-06-27 03:16:18.5      |       10.7083 |        15.012 |        8.3191 |            1.2697 |            2.7913 |            2.1435 |            2.1145
 17475 |     50 | 2018-06-27 03:16:28.5      |       10.7126 |       15.0125 |        8.7632 |            1.3321 |            2.9445 |            2.2571 |            2.2294
 17475 |     51 | 2018-06-27 03:16:38.5      |       10.7115 |       15.0118 |        8.6896 |            1.3214 |            2.9205 |            2.2389 |            2.2088
 17475 |     52 | 2018-06-27 03:16:48.5      |       10.7082 |       15.0084 |        8.7863 |            1.3302 |            2.9578 |              2.26 |            2.2382
 17475 |     53 | 2018-06-27 03:16:58.5      |       10.7086 |       15.0117 |        8.8561 |            1.3445 |            2.9796 |            2.2813 |            2.2506
 17475 |     54 | 2018-06-27 03:17:08.5      |       10.7167 |       15.0128 |        9.1746 |            1.3893 |            3.0896 |            2.3617 |            2.3339
 17475 |     55 | 2018-06-27 03:17:18.5      |       10.7097 |       15.0117 |        9.0148 |            1.3673 |            3.0354 |            2.3217 |            2.2904
 17475 |     56 | 2018-06-27 03:17:26        |       10.7145 |       15.0128 |          9.28 |            1.4046 |            3.1257 |            2.3903 |            2.3594
 17475 |     57 | 2018-06-27 03:17:38.5      |       10.7038 |       15.0071 |        9.1693 |            1.3846 |            3.0918 |            2.3582 |            2.3346
 17475 |     58 | 2018-06-27 03:17:46        |       10.7126 |       15.0105 |        9.2583 |            1.4015 |            3.1195 |             2.384 |            2.3533
 17475 |     59 | 2018-06-27 03:17:56        |        10.715 |       15.0136 |        9.1783 |            1.3891 |            3.0921 |            2.3662 |            2.3309
 17475 |     60 | 2018-06-27 03:18:03.5      |       10.7139 |       15.0126 |        9.2923 |             1.406 |            3.1313 |             2.394 |             2.361
 17475 |     61 | 2018-06-27 03:18:14        |       10.7104 |       15.0109 |        9.1238 |            1.3832 |            3.0739 |            2.3503 |            2.3163
 17475 |     62 | 2018-06-27 03:18:26        |       10.7125 |       15.0119 |        9.1953 |            1.3922 |            3.0984 |            2.3694 |            2.3353
 17475 |     63 | 2018-06-27 03:18:38.5      |       10.6994 |       15.0081 |        9.1222 |            1.3787 |            3.0756 |            2.3477 |            2.3202
 17475 |     64 | 2018-06-27 03:18:51        |       10.7088 |       15.0114 |        9.1306 |            1.3835 |            3.0769 |            2.3521 |            2.3181
 17475 |     65 | 2018-06-27 03:18:58.5      |       10.7142 |       15.0106 |        9.2696 |            1.3992 |            3.1271 |            2.3834 |            2.3601
 17475 |     66 | 2018-06-27 03:19:11        |       10.7118 |        15.012 |        9.2434 |            1.3991 |            3.1152 |             2.381 |            2.3481
 17475 |     67 | 2018-06-27 03:19:18.5      |       10.7036 |       15.0073 |        9.1936 |            1.3885 |             3.101 |            2.3647 |            2.3393
 17475 |     68 | 2018-06-27 03:19:28.5      |       10.7101 |       15.0115 |        9.1518 |            1.3864 |            3.0841 |            2.3578 |            2.3236
 17475 |     69 | 2018-06-27 03:19:38.5      |       10.7129 |       15.0117 |        9.1904 |            1.3921 |            3.0966 |            2.3683 |            2.3334
 17475 |     70 | 2018-06-27 03:19:48.5      |       10.7134 |       15.0124 |        9.1593 |            1.3862 |            3.0863 |            2.3612 |            2.3256
 17475 |     71 | 2018-06-27 03:19:59        |       10.7092 |       15.0116 |         9.218 |            1.3956 |            3.1067 |            2.3742 |            2.3415
 17475 |     72 | 2018-06-27 03:20:09.5      |       10.7137 |       15.0111 |        9.3335 |            1.4127 |            3.1458 |             2.404 |             2.371
 17475 |     73 | 2018-06-27 03:20:19.5      |       10.7166 |       15.0123 |        9.1751 |              1.39 |             3.092 |            2.3636 |            2.3294
 17475 |     74 | 2018-06-27 03:20:32        |       10.7043 |       15.0134 |        9.2449 |            1.3977 |            3.1173 |             2.381 |            2.3489
 17475 |     75 | 2018-06-27 03:20:44.5      |       10.7114 |       15.0116 |         9.256 |             1.401 |            3.1198 |            2.3841 |             2.351
 17475 |     76 | 2018-06-27 03:20:54.5      |       10.7115 |        15.012 |        9.1431 |            1.3848 |            3.0809 |            2.3563 |            2.3211
 17475 |     77 | 2018-06-27 03:21:04.5      |       10.7138 |       15.0116 |        9.2449 |            1.3992 |            3.1157 |            2.3822 |            2.3479
 17475 |     78 | 2018-06-27 03:21:14.5      |       10.7119 |       15.0077 |        9.1734 |            1.3898 |            3.0911 |            2.3636 |            2.3289
 17475 |     79 | 2018-06-27 03:21:24.5      |       10.6929 |       15.0082 |        9.2105 |            1.3923 |             3.106 |            2.3682 |            2.3439
 17475 |     80 | 2018-06-27 03:21:34.5      |       10.7116 |       15.0111 |        9.1491 |            1.3858 |            3.0831 |            2.3575 |            2.3227
 17475 |     81 | 2018-06-27 03:21:44.5      |       10.7118 |       15.0126 |        9.0313 |            1.3688 |            3.0423 |            2.3282 |             2.292
 17475 |     82 | 2018-06-27 03:21:54.5      |       10.7107 |       15.0106 |        9.0937 |            1.3779 |            3.0638 |            2.3428 |            2.3091
 17475 |     83 | 2018-06-27 03:22:04.5      |       10.7124 |       15.0121 |        9.0853 |             1.377 |            3.0607 |            2.3417 |            2.3059
 17475 |     84 | 2018-06-27 03:22:14.5      |       10.7139 |       15.0124 |        9.2256 |            1.3974 |            3.1082 |            2.3772 |            2.3428
 17475 |     85 | 2018-06-27 03:22:24.5      |       10.7078 |        15.004 |        9.0921 |            1.3783 |            3.0635 |             2.342 |            2.3083
 17475 |     86 | 2018-06-27 03:22:34.5      |       10.7139 |       15.0117 |         9.244 |            1.3994 |            3.1153 |            2.3817 |            2.3476
 17475 |     87 | 2018-06-27 03:22:42        |       10.7098 |       15.0114 |        9.1606 |            1.3873 |            3.0871 |              2.36 |            2.3262
 17475 |     88 | 2018-06-27 03:22:52        |       10.7126 |       15.0103 |         9.261 |            1.4016 |            3.1213 |            2.3853 |            2.3528
 17475 |     89 | 2018-06-27 03:22:59.5      |       10.7072 |       15.0043 |        9.0576 |            1.3714 |            3.0524 |            2.3322 |            2.3015
 17475 |     90 | 2018-06-27 03:23:09.5      |       10.7115 |       15.0113 |        9.2059 |            1.3942 |            3.1025 |            2.3713 |            2.3379
 17475 |     91 | 2018-06-27 03:23:19.5      |       10.7126 |       15.0128 |        9.1669 |            1.3885 |            3.0889 |            2.3626 |            2.3269
 17475 |     92 | 2018-06-27 03:23:29.5      |       10.7126 |       15.0124 |        9.2695 |            1.4032 |             3.124 |            2.3879 |            2.3545
 17475 |     93 | 2018-06-27 03:23:39.5      |       10.7119 |       15.0129 |        9.1881 |             1.388 |            3.0985 |            2.3636 |            2.3379
 17475 |     94 | 2018-06-27 03:23:49.5      |       10.7103 |       15.0118 |        9.1852 |            1.3914 |            3.0955 |            2.3661 |            2.3321
 17475 |     95 | 2018-06-27 03:23:59.5      |       10.7105 |       15.0134 |        9.3088 |            1.4047 |            3.1411 |            2.3948 |            2.3682
 17475 |     96 | 2018-06-27 03:24:09.5      |       10.7137 |       15.0117 |        9.2566 |            1.4013 |            3.1197 |            2.3851 |            2.3505
 17475 |     97 | 2018-06-27 03:24:22        |        10.705 |        15.009 |        9.1342 |            1.3815 |            3.0795 |            2.3511 |            2.3221
 17475 |     98 | 2018-06-27 03:24:34.5      |       10.7125 |       15.0123 |        9.2547 |            1.4006 |            3.1189 |            2.3845 |            2.3508
 17475 |     99 | 2018-06-27 03:24:44.5      |       10.7113 |       15.0122 |        9.0969 |            1.3779 |            3.0652 |            2.3447 |            2.3091
 17475 |    100 | 2018-06-27 03:24:54.5      |       10.7093 |       15.0118 |        9.1189 |             1.381 |             3.073 |            2.3498 |            2.3151
 17475 |    101 | 2018-06-27 03:25:04.5      |       10.7143 |       15.0062 |        9.1856 |            1.3903 |            3.0947 |            2.3674 |            2.3333
 17475 |    102 | 2018-06-27 03:25:14.5      |       10.7068 |       15.0066 |        9.2054 |            1.3907 |            3.1045 |            2.3675 |            2.3426
 17475 |    103 | 2018-06-27 03:25:24.5      |       10.7094 |       15.0115 |        9.1352 |             1.384 |            3.0782 |            2.3538 |            2.3193
 17475 |    104 | 2018-06-27 03:25:34.5      |       10.7106 |       15.0124 |        9.2251 |             1.396 |            3.1092 |            2.3772 |            2.3428
 17475 |    105 | 2018-06-27 03:25:44.5      |       10.7082 |       15.0117 |        9.1106 |            1.3804 |            3.0701 |            2.3473 |            2.3127
 17475 |    106 | 2018-06-27 03:25:54.5      |        10.711 |       15.0109 |        9.2271 |            1.3967 |            3.1101 |            2.3767 |            2.3436
 17475 |    107 | 2018-06-27 03:26:02        |       10.7078 |       15.0114 |        9.0647 |            1.3733 |            3.0544 |            2.3358 |            2.3012
 17475 |    108 | 2018-06-27 03:26:13.333333 |       10.7104 |       15.0112 |        9.1786 |            1.3906 |            3.0931 |            2.3645 |            2.3305
 17475 |    109 | 2018-06-27 03:26:22        |        10.709 |       15.0026 |        9.0259 |            1.3684 |            3.0404 |            2.3259 |            2.2912
 17475 |    110 | 2018-06-27 03:26:34.5      |       10.7094 |       15.0113 |        9.1431 |            1.3852 |             3.081 |            2.3558 |            2.3212
 17475 |    111 | 2018-06-27 03:26:42        |       10.7045 |       14.9852 |        9.2082 |             1.389 |            3.1077 |            2.3647 |            2.3468
 17475 |    112 | 2018-06-27 03:26:49.5      |       10.7109 |       15.0102 |        9.2199 |            1.3954 |            3.1077 |             2.375 |            2.3418
 17475 |    113 | 2018-06-27 03:27:02        |       10.7136 |       15.0127 |        9.2423 |            1.3959 |             3.117 |            2.3789 |            2.3504
 17475 |    114 | 2018-06-27 03:27:12        |       10.7111 |       15.0118 |        9.2295 |            1.3976 |            3.1104 |            2.3774 |            2.3441
 17475 |    115 | 2018-06-27 03:27:19.5      |        10.717 |       15.0123 |        9.2657 |            1.4014 |            3.1227 |            2.3881 |            2.3534
 17475 |    116 | 2018-06-27 03:27:29.5      |       10.7166 |       15.0128 |        9.1989 |            1.3909 |            3.1007 |            2.3711 |            2.3361
 17475 |    117 | 2018-06-27 03:27:39.5      |       10.7123 |       15.0114 |        9.2681 |            1.4025 |            3.1238 |            2.3876 |            2.3542
 17475 |    118 | 2018-06-27 03:27:49.5      |       10.6856 |       15.0068 |        9.1555 |            1.3828 |            3.0889 |            2.3537 |              2.33
 17475 |    119 | 2018-06-27 03:27:59.5      |       10.7101 |       15.0107 |        9.2007 |            1.3928 |             3.101 |            2.3704 |            2.3366
 17475 |    120 | 2018-06-27 03:28:09.5      |       10.7112 |       15.0115 |        9.2417 |            1.3994 |            3.1146 |            2.3807 |            2.3471
 17475 |    121 | 2018-06-27 03:28:19.5      |       10.7081 |       15.0114 |        9.1043 |            1.3796 |            3.0678 |             2.346 |            2.3108
 17475 |    122 | 2018-06-27 03:28:29.5      |       10.7045 |       15.0061 |        9.2981 |            1.4027 |            3.1368 |            2.3913 |            2.3673
 17475 |    123 | 2018-06-27 03:28:39.5      |       10.7116 |       15.0122 |        9.1512 |             1.386 |            3.0835 |            2.3586 |             2.323
 17475 |    124 | 2018-06-27 03:28:49.5      |        10.712 |       15.0113 |        9.2248 |            1.3965 |             3.109 |            2.3768 |            2.3426
 17475 |    125 | 2018-06-27 03:28:59.5      |       10.7109 |       15.0118 |        9.0874 |            1.3765 |            3.0619 |            2.3424 |            2.3066
 17475 |    126 | 2018-06-27 03:29:07        |       10.7149 |       15.0129 |        9.1764 |            1.3892 |            3.0917 |            2.3655 |              2.33
 17475 |    127 | 2018-06-27 03:29:14.5      |       10.7134 |       15.0114 |        9.3021 |             1.408 |            3.1349 |            2.3964 |            2.3628
 17475 |    128 | 2018-06-27 03:29:24.5      |       10.7118 |       15.0124 |        9.1777 |            1.3891 |            3.0927 |            2.3659 |              2.33
 17475 |    129 | 2018-06-27 03:29:34.5      |        10.712 |       15.0113 |        9.2643 |             1.402 |            3.1226 |            2.3867 |            2.3531
 17475 |    130 | 2018-06-27 03:29:44.5      |       10.7105 |       15.0117 |        9.1977 |            1.3923 |            3.0999 |            2.3696 |            2.3359
 17475 |    131 | 2018-06-27 03:29:54.5      |       10.7099 |       15.0114 |        9.1537 |             1.386 |            3.0849 |            2.3588 |             2.324
 17475 |    132 | 2018-06-27 03:30:06        |       10.7128 |       15.0116 |        9.2092 |            1.3942 |            3.1036 |            2.3732 |            2.3382
 17475 |    133 | 2018-06-27 03:30:14.5      |       10.7148 |       15.0103 |        9.2896 |            1.4026 |            3.1341 |             2.389 |            2.3639
 17475 |    134 | 2018-06-27 03:30:24.5      |       10.7136 |       15.0138 |        9.1368 |            1.3804 |            3.0816 |            2.3513 |            2.3236
 17475 |    135 | 2018-06-27 03:30:34.5      |       10.7024 |       15.0064 |        9.1641 |             1.384 |            3.0917 |            2.3569 |            2.3316
 17475 |    136 | 2018-06-27 03:30:44.5      |       10.7109 |       15.0054 |        9.1935 |            1.3892 |            3.0991 |            2.3668 |            2.3385
 17475 |    137 | 2018-06-27 03:30:54.5      |         10.71 |       15.0113 |        9.1172 |            1.3808 |            3.0723 |            2.3495 |            2.3145
 17475 |    138 | 2018-06-27 03:31:04.5      |       10.7131 |       15.0121 |        9.2262 |            1.3965 |            3.1091 |            2.3776 |             2.343
 17475 |    139 | 2018-06-27 03:31:14.5      |       10.7111 |       15.0125 |        9.1312 |            1.3835 |            3.0766 |            2.3536 |            2.3175
 17475 |    140 | 2018-06-27 03:31:24.5      |       10.7105 |       15.0114 |        9.1914 |            1.3921 |            3.0974 |            2.3682 |            2.3338
 17475 |    141 | 2018-06-27 03:31:34.5      |       10.7181 |       15.0123 |        9.2696 |            1.4017 |             3.124 |            2.3894 |            2.3545
 17475 |    142 | 2018-06-27 03:31:44.5      |       10.7095 |       15.0093 |        9.1107 |            1.3799 |            3.0699 |            2.3478 |            2.3132
 17475 |    143 | 2018-06-27 03:31:54.5      |       10.7146 |       15.0121 |        9.3092 |            1.4061 |            3.1394 |            2.3977 |             2.366
 17475 |    144 | 2018-06-27 03:32:04.5      |       10.7087 |       15.0119 |        9.1164 |            1.3812 |             3.072 |             2.349 |            2.3142
 17475 |    145 | 2018-06-27 03:32:12        |       10.7147 |       15.0124 |         9.197 |            1.3929 |            3.0986 |            2.3706 |            2.3349
 17475 |    146 | 2018-06-27 03:32:19.5      |       10.7089 |       15.0116 |        9.1882 |            1.3916 |            3.0968 |            2.3664 |            2.3333
 17475 |    147 | 2018-06-27 03:32:29.5      |       10.7042 |       15.0067 |        9.1965 |            1.3888 |            3.1021 |            2.3655 |            2.3401
 17475 |    148 | 2018-06-27 03:32:39.5      |       10.7094 |       15.0136 |        9.1094 |            1.3792 |            3.0698 |             2.346 |            2.3144
 17475 |    149 | 2018-06-27 03:32:49.5      |       10.7121 |       15.0121 |        9.2855 |            1.4042 |              3.13 |            2.3926 |            2.3586
 17475 |    150 | 2018-06-27 03:32:59.5      |        10.711 |       15.0119 |        9.1128 |            1.3798 |            3.0707 |            2.3492 |            2.3132
 17475 |    151 | 2018-06-27 03:33:09.5      |       10.7005 |       15.0053 |         9.115 |            1.3772 |            3.0739 |            2.3456 |            2.3182
 17475 |    152 | 2018-06-27 03:33:19.5      |       10.7126 |       15.0113 |        9.1563 |            1.3875 |             3.085 |            2.3598 |             2.324
 17475 |    153 | 2018-06-27 03:33:29.5      |       10.7113 |        15.011 |        9.2156 |            1.3954 |            3.1056 |            2.3738 |            2.3407
 17475 |    154 | 2018-06-27 03:33:39.5      |       10.7115 |        15.012 |        9.1312 |            1.3827 |             3.077 |            2.3535 |             2.318
 17475 |    155 | 2018-06-27 03:33:49.5      |       10.7112 |       15.0114 |        9.2107 |            1.3945 |             3.104 |            2.3728 |            2.3394
 17475 |    156 | 2018-06-27 03:33:59.5      |       10.7139 |       15.0112 |        9.2362 |            1.3978 |            3.1128 |              2.38 |            2.3457
 17475 |    157 | 2018-06-27 03:34:09.5      |       10.7105 |       15.0122 |        9.1967 |            1.3928 |            3.0993 |            2.3695 |            2.3351
 17475 |    158 | 2018-06-27 03:34:19.5      |       10.7125 |       15.0139 |        9.2843 |            1.4051 |            3.1293 |            2.3914 |            2.3585
 17475 |    159 | 2018-06-27 03:34:29.5      |       10.7118 |       15.0122 |        9.1792 |            1.3896 |            3.0934 |            2.3657 |            2.3304
 17475 |    160 | 2018-06-27 03:34:39.5      |       10.7096 |       15.0111 |        9.1484 |            1.3855 |            3.0833 |            2.3572 |            2.3224
 17475 |    161 | 2018-06-27 03:34:47        |       10.7212 |       15.0171 |        9.1057 |            1.3717 |            3.0735 |            2.3401 |            2.3204
 17475 |    162 | 2018-06-27 03:34:59.5      |        10.709 |       15.0114 |        9.1253 |            1.3818 |            3.0755 |            2.3514 |            2.3167
 17475 |    163 | 2018-06-27 03:35:11        |       10.7081 |        15.012 |        9.1008 |            1.3792 |            3.0667 |             2.345 |            2.3099
 17475 |    164 | 2018-06-27 03:35:14.5      |       10.6705 |       15.0067 |         9.109 |             1.378 |            3.0715 |             2.343 |            2.3166
 17475 |    165 | 2018-06-27 03:35:24.5      |       10.7115 |       15.0119 |        9.2636 |            1.4023 |            3.1222 |            2.3865 |            2.3526
 17475 |    166 | 2018-06-27 03:35:34.5      |       10.7088 |       15.0117 |        9.1453 |            1.3853 |            3.0823 |            2.3561 |            2.3216
 17475 |    167 | 2018-06-27 03:35:44.5      |       10.6978 |       15.0062 |        9.1785 |            1.3858 |            3.0962 |            2.3607 |            2.3358
 17475 |    168 | 2018-06-27 03:35:54.5      |       10.7094 |       15.0116 |        9.1509 |            1.3857 |            3.0839 |            2.3578 |            2.3235
 17475 |    169 | 2018-06-27 03:36:04.5      |       10.7025 |       15.0133 |        9.3071 |            1.4055 |             3.139 |            2.3965 |             2.366
 17475 |    170 | 2018-06-27 03:36:14.5      |       10.7086 |       15.0067 |        9.1639 |            1.3847 |            3.0914 |            2.3566 |            2.3312
 17475 |    171 | 2018-06-27 03:36:24.5      |       10.7104 |       15.0104 |        9.1638 |             1.388 |            3.0885 |            2.3606 |            2.3266
 17475 |    172 | 2018-06-27 03:36:34.5      |       10.7135 |       15.0111 |        9.2333 |            1.3975 |            3.1117 |            2.3793 |            2.3447
 17475 |    173 | 2018-06-27 03:36:44.5      |       10.7076 |       15.0141 |         9.068 |             1.374 |            3.0555 |            2.3367 |            2.3019
 17475 |    174 | 2018-06-27 03:36:54.5      |       10.7117 |       15.0122 |        9.2951 |            1.4059 |            3.1334 |            2.3945 |            2.3613
 17475 |    175 | 2018-06-27 03:37:02        |        10.709 |       15.0113 |        9.1446 |            1.3846 |             3.082 |            2.3564 |            2.3216
 17475 |    176 | 2018-06-27 03:37:14.5      |       10.7129 |       15.0126 |        9.2224 |             1.396 |            3.1082 |            2.3766 |            2.3417
 17475 |    177 | 2018-06-27 03:37:24.5      |       10.7115 |       15.0113 |        9.2254 |            1.3968 |            3.1091 |            2.3767 |            2.3427
 17475 |    178 | 2018-06-27 03:37:34.5      |        10.712 |       15.0146 |        9.1781 |            1.3887 |            3.0929 |             2.364 |            2.3326
 17475 |    179 | 2018-06-27 03:37:42        |       10.7124 |       15.0094 |        9.2415 |             1.399 |            3.1148 |            2.3804 |            2.3473
 17475 |    180 | 2018-06-27 03:37:49.5      |       10.7135 |       15.0134 |        9.1092 |            1.3759 |            3.0722 |            2.3441 |            2.3171
 17475 |    181 | 2018-06-27 03:37:59.5      |        10.712 |        15.011 |        9.2295 |            1.3966 |            3.1106 |            2.3779 |            2.3445
 17475 |    182 | 2018-06-27 03:38:09.5      |       10.7134 |       15.0114 |        9.2218 |            1.3962 |            3.1078 |             2.376 |            2.3418
 17475 |    183 | 2018-06-27 03:38:19.5      |       10.7077 |       15.0078 |        9.1941 |            1.3894 |             3.101 |            2.3647 |             2.339
 17475 |    184 | 2018-06-27 03:38:29.5      |         10.71 |       15.0113 |        9.1838 |             1.391 |            3.0952 |            2.3656 |            2.3321
 17475 |    185 | 2018-06-27 03:38:39.5      |       10.7142 |       15.0119 |        9.2713 |            1.4027 |            3.1248 |            2.3891 |            2.3548
 17475 |    186 | 2018-06-27 03:38:49.5      |       10.7132 |       15.0167 |        9.2041 |            1.3889 |            3.1047 |            2.3681 |            2.3423
 17475 |    187 | 2018-06-27 03:38:59.5      |       10.7081 |       15.0033 |        9.0867 |            1.3754 |            3.0626 |            2.3396 |            2.3091
 17475 |    188 | 2018-06-27 03:39:09.5      |       10.7116 |        15.012 |        9.1307 |             1.384 |            3.0764 |            2.3529 |            2.3174
 17475 |    189 | 2018-06-27 03:39:19.5      |        10.711 |       15.0106 |        9.1712 |            1.3899 |            3.0903 |            2.3624 |            2.3285
 17475 |    190 | 2018-06-27 03:39:29.5      |        10.717 |       15.0166 |        9.2305 |            1.3935 |            3.1135 |             2.375 |            2.3485
 17475 |    191 | 2018-06-27 03:39:39.5      |       10.7115 |       15.0118 |        9.1466 |            1.3853 |            3.0821 |            2.3573 |            2.3219
 17475 |    192 | 2018-06-27 03:39:49.5      |       10.9074 |       15.1595 |        9.3335 |            1.4398 |            3.1197 |            2.4204 |            2.3536
 17475 |    193 | 2018-06-27 03:40:00        |       10.9111 |       15.2095 |        9.4061 |            1.4381 |            3.1551 |            2.4309 |             2.382
 17475 |    194 | 2018-06-27 03:40:11        |        10.907 |       15.2093 |        9.3487 |            1.4282 |            3.1386 |            2.4131 |            2.3688
 17475 |    195 | 2018-06-27 03:40:15.5      |       10.9116 |        15.212 |        9.4152 |            1.4299 |            3.1677 |            2.4255 |            2.3921
 17475 |    196 | 2018-06-27 03:40:25.5      |       11.1066 |       15.3613 |        9.4193 |            1.4602 |            3.1422 |            2.4446 |            2.3722
 17475 |    197 | 2018-06-27 03:40:35.5      |       11.1139 |       15.4149 |        9.4701 |            1.4455 |            3.1782 |            2.4402 |            2.4062
 17475 |    198 | 2018-06-27 03:40:45.5      |       11.1061 |       15.4064 |        9.4018 |            1.4373 |            3.1551 |            2.4273 |            2.3822
 17475 |    199 | 2018-06-27 03:40:55.5      |       11.2093 |       15.4626 |        9.5625 |            1.4735 |            3.1977 |            2.4784 |            2.4129
 17475 |    200 | 2018-06-27 03:41:06.5      |        11.309 |       15.6036 |        9.6281 |            1.4836 |            3.2202 |            2.4905 |            2.4339
 17475 |    201 | 2018-06-27 03:41:15.5      |       11.3075 |       15.6098 |        9.5302 |            1.4617 |            3.1951 |            2.4619 |            2.4115
 17475 |    202 | 2018-06-27 03:41:25.5      |       11.3103 |       15.6105 |        9.6774 |             1.476 |             3.251 |            2.4972 |            2.4531
 17475 |    203 | 2018-06-27 03:41:35.5      |       11.4928 |       15.8133 |         9.679 |            1.4929 |            3.2349 |            2.5026 |            2.4485
 17475 |    204 | 2018-06-27 03:41:45.5      |       11.5046 |       15.8117 |        9.6523 |            1.4821 |             3.234 |             2.494 |            2.4422
 17475 |    205 | 2018-06-27 03:41:55.5      |       11.5086 |       15.8058 |        9.7073 |             1.484 |            3.2581 |            2.5061 |            2.4592
 17475 |    206 | 2018-06-27 03:42:05.5      |       11.5054 |       15.8607 |        9.6977 |            1.4871 |             3.251 |            2.5075 |            2.4521
 17475 |    207 | 2018-06-27 03:42:15.5      |       11.7056 |       16.0087 |         9.793 |            1.5129 |            3.2724 |            2.5341 |            2.4736
 17475 |    208 | 2018-06-27 03:42:23        |       11.7114 |       16.0102 |        9.8494 |            1.5115 |            3.2995 |            2.5463 |            2.4921
 17475 |    209 | 2018-06-27 03:42:34        |       11.7065 |       16.0085 |        9.8371 |            1.5039 |            3.3024 |            2.5392 |            2.4916
 17475 |    210 | 2018-06-27 03:42:40.5      |       11.7077 |       16.0611 |        9.8484 |            1.5078 |            3.3028 |            2.5466 |            2.4912
 17475 |    211 | 2018-06-27 03:42:50.5      |       11.9108 |       16.2105 |       10.0675 |            1.5521 |            3.3663 |            2.6041 |             2.545
 17475 |    212 | 2018-06-27 03:43:00.5      |       11.9092 |       16.2109 |        9.9165 |            1.5205 |            3.3236 |            2.5629 |            2.5095
 17475 |    213 | 2018-06-27 03:43:10.5      |       11.9059 |       16.2101 |        9.7998 |            1.4993 |            3.2896 |            2.5295 |            2.4813
 17475 |    214 | 2018-06-27 03:43:20.5      |       12.0078 |        16.359 |       10.0376 |            1.5486 |            3.3565 |             2.598 |            2.5344
 17475 |    215 | 2018-06-27 03:43:30.5      |       12.1112 |       16.4116 |       10.0785 |             1.549 |            3.3742 |            2.6035 |            2.5518
 17475 |    216 | 2018-06-27 03:43:40.5      |       12.1092 |       16.4086 |       10.0528 |            1.5389 |            3.3729 |            2.5949 |            2.5462
 17475 |    217 | 2018-06-27 03:43:50.5      |       12.1106 |       16.4585 |       10.1686 |            1.5595 |            3.4091 |            2.6277 |            2.5723
 17475 |    218 | 2018-06-27 03:44:00.5      |       12.3067 |       16.6108 |       10.1406 |            1.5643 |            3.3909 |            2.6228 |            2.5625
 17475 |    219 | 2018-06-27 03:44:08        |       12.3027 |       16.6104 |       10.0616 |            1.5474 |            3.3709 |            2.5987 |            2.5446
 17475 |    220 | 2018-06-27 03:44:18        |       12.3115 |       16.6118 |       10.3951 |            1.5867 |            3.4914 |             2.681 |             2.636
 17475 |    221 | 2018-06-27 03:44:25.5      |       12.3074 |       16.6594 |       10.2486 |            1.5713 |            3.4365 |            2.6483 |            2.5924
 17475 |    222 | 2018-06-27 03:44:35.5      |       12.5121 |       16.8082 |       10.3839 |            1.5992 |            3.4746 |            2.6841 |            2.6261
 17475 |    223 | 2018-06-27 03:44:45.5      |       12.5069 |       16.8035 |       10.2418 |            1.5696 |            3.4352 |             2.644 |             2.593
 17475 |    224 | 2018-06-27 03:44:55.5      |       12.5146 |       16.8087 |       10.4049 |            1.5863 |            3.4958 |            2.6843 |            2.6387
 17475 |    225 | 2018-06-27 03:45:05.5      |        12.712 |        16.956 |       10.4599 |            1.6189 |            3.4922 |            2.7114 |            2.6374
 17475 |    226 | 2018-06-27 03:45:15.5      |       12.6979 |       17.0139 |        10.576 |            1.6185 |            3.5478 |            2.7281 |            2.6817
 17475 |    227 | 2018-06-27 03:45:25.5      |       12.7123 |       17.0102 |       10.4598 |            1.5987 |            3.5119 |            2.6988 |            2.6505
 17475 |    228 | 2018-06-27 03:45:33        |       12.7116 |       17.0094 |       10.4201 |            1.5895 |            3.5026 |            2.6858 |            2.6422
 17475 |    229 | 2018-06-27 03:45:40.5      |       12.8118 |       17.1577 |        10.604 |            1.6332 |            3.5478 |            2.7436 |            2.6793
 17475 |    230 | 2018-06-27 03:45:50.5      |        12.909 |       17.2071 |       10.5955 |            1.6269 |            3.5501 |            2.7369 |            2.6816
 17475 |    231 | 2018-06-27 03:46:00.5      |       12.9082 |       17.2058 |       10.6125 |            1.6224 |             3.563 |            2.7372 |            2.6898
 17475 |    232 | 2018-06-27 03:46:10.5      |       12.9068 |       17.2574 |       10.5592 |            1.6198 |            3.5408 |            2.7279 |            2.6707
 17475 |    233 | 2018-06-27 03:46:20.5      |       13.1115 |       17.4097 |       10.7569 |            1.6563 |            3.6001 |            2.7798 |            2.7207
 17475 |    234 | 2018-06-27 03:46:30.5      |       13.1065 |       17.4082 |       10.6163 |             1.628 |             3.561 |            2.7395 |            2.6878
 17475 |    235 | 2018-06-27 03:46:40.5      |        13.109 |       17.4094 |       10.7626 |            1.6419 |            3.6168 |             2.775 |             2.729
 17475 |    236 | 2018-06-27 03:46:48        |       13.1135 |       17.6112 |       10.8667 |            1.6551 |            3.6528 |            2.7964 |            2.7624
 17475 |    237 | 2018-06-27 03:47:00.5      |       13.1066 |       17.6053 |        10.769 |            1.6419 |            3.6208 |            2.7724 |             2.734
 17475 |    238 | 2018-06-27 03:47:08        |        13.111 |       17.6029 |       10.9339 |            1.6632 |            3.6795 |            2.8134 |            2.7778
 17475 |    239 | 2018-06-27 03:47:15.5      |       13.1081 |       17.6053 |       10.8593 |            1.6501 |            3.6566 |            2.7941 |            2.7586
 17475 |    240 | 2018-06-27 03:47:25.5      |       13.1027 |       17.8021 |       10.9761 |            1.6658 |            3.6944 |              2.82 |            2.7958
 17475 |    241 | 2018-06-27 03:47:35.5      |       13.1078 |        17.807 |       10.8878 |            1.6551 |            3.6648 |            2.8011 |            2.7667
 17475 |    242 | 2018-06-27 03:47:45.5      |       13.1071 |       17.8059 |       10.8896 |            1.6532 |            3.6677 |            2.8011 |            2.7675
 17475 |    243 | 2018-06-27 03:47:55.5      |        13.092 |       18.0093 |       11.0047 |            1.6709 |            3.7048 |            2.8278 |            2.8011
 17475 |    244 | 2018-06-27 03:48:05.5      |       13.1117 |       18.0048 |       11.1917 |            1.6991 |            3.7683 |            2.8772 |             2.847
 17475 |    245 | 2018-06-27 03:48:13        |       13.1105 |       18.0052 |       11.1542 |             1.692 |            3.7582 |            2.8667 |            2.8373
 17475 |    246 | 2018-06-27 03:48:20.5      |       13.1092 |        18.006 |       11.0202 |            1.6707 |            3.7142 |             2.834 |            2.8013
 17475 |    247 | 2018-06-27 03:48:30.5      |       13.1105 |        18.208 |       11.2712 |            1.7127 |            3.7937 |            2.8975 |            2.8674
 17475 |    248 | 2018-06-27 03:48:40.5      |       13.1062 |       18.2079 |       11.0736 |            1.6807 |            3.7302 |            2.8468 |            2.8159
 17475 |    249 | 2018-06-27 03:48:50.5      |       13.1132 |       18.2105 |       11.3121 |            1.7104 |            3.8136 |            2.9097 |            2.8784
 17475 |    250 | 2018-06-27 03:49:00.5      |       13.1106 |       18.2807 |       11.2825 |            1.7125 |            3.7989 |            2.9032 |            2.8678
 17475 |    251 | 2018-06-27 03:49:10.5      |       13.1078 |       18.3065 |       11.2495 |            1.7041 |            3.7931 |            2.8902 |            2.8623
 17475 |    252 | 2018-06-27 03:49:20.5      |       13.1146 |       18.3105 |       11.3482 |            1.7116 |            3.8314 |            2.9142 |             2.891
 17475 |    253 | 2018-06-27 03:49:28        |       13.1098 |       18.3065 |        11.303 |            1.7083 |            3.8143 |            2.9039 |            2.8765
 17475 |    254 | 2018-06-27 03:49:35.5      |       13.1048 |       18.3068 |       11.1384 |             1.684 |            3.7584 |            2.8622 |            2.8338
 17475 |    255 | 2018-06-27 03:49:45.5      |       13.1018 |       18.3001 |       11.3472 |            1.7086 |            3.8344 |            2.9089 |            2.8952
 17475 |    256 | 2018-06-27 03:49:55.5      |       13.1054 |       18.3069 |       11.1512 |            1.6844 |            3.7644 |            2.8658 |            2.8366
 17475 |    257 | 2018-06-27 03:50:05.5      |       13.1116 |       18.3061 |       11.4061 |            1.7203 |            3.8516 |            2.9304 |            2.9039
 17475 |    258 | 2018-06-27 03:50:15.5      |       13.1099 |       18.3081 |        11.222 |            1.6942 |            3.7889 |             2.884 |             2.855
 17475 |    259 | 2018-06-27 03:50:25.5      |       13.1096 |       18.3069 |        11.266 |            1.7003 |             3.804 |            2.8946 |             2.867
 17475 |    260 | 2018-06-27 03:50:35.5      |       13.1027 |       18.3075 |       11.0622 |            1.6672 |            3.7378 |            2.8383 |            2.8188
 17475 |    261 | 2018-06-27 03:50:45.5      |       13.1076 |        18.307 |       11.2981 |            1.7048 |            3.8152 |            2.9024 |            2.8758
 17475 |    262 | 2018-06-27 03:50:53        |       13.1061 |       18.3068 |        11.135 |            1.6812 |            3.7598 |             2.861 |             2.833
 17475 |    263 | 2018-06-27 03:51:00.5      |       13.1118 |       18.3068 |        11.416 |            1.7205 |            3.8552 |            2.9334 |             2.907
 17475 |    264 | 2018-06-27 03:51:10.5      |       13.1128 |       18.3085 |       11.3596 |             1.713 |            3.8361 |            2.9193 |            2.8913
 17475 |    265 | 2018-06-27 03:51:20.5      |       13.1071 |       18.3066 |       11.2052 |            1.6919 |            3.7837 |            2.8787 |            2.8508
 17475 |    266 | 2018-06-27 03:51:33        |       13.0975 |       18.3042 |       10.5195 |            1.5902 |            3.5501 |            2.7049 |            2.6743
(267 rows)

