  run  | subrun |         time          | step1_voltage | step2_voltage | total_current | pos_2step_current | pos_1step_current | neg_2step_current | neg_1step_current 
-------+--------+-----------------------+---------------+---------------+---------------+-------------------+-------------------+-------------------+-------------------
 25014 |      0 | 2019-04-22 15:35:55.5 |       13.1226 |       18.3078 |       11.1484 |            1.6439 |            3.7497 |            2.8865 |            2.8683
 25014 |      1 | 2019-04-22 15:36:09.5 |       13.1297 |       18.3061 |        9.5975 |            1.4287 |            3.2184 |             2.495 |            2.4554
 25014 |      2 | 2019-04-22 15:36:22   |       13.1264 |       18.3067 |       10.5368 |            1.5603 |            3.5374 |            2.7299 |            2.7092
 25014 |      3 | 2019-04-22 15:36:32   |        13.127 |       18.3072 |       10.8203 |            1.5995 |            3.6342 |             2.802 |            2.7845
 25014 |      4 | 2019-04-22 15:36:42   |       13.1246 |       18.3078 |       10.9129 |            1.6119 |            3.6668 |            2.8257 |            2.8084
 25014 |      5 | 2019-04-22 15:36:51.5 |       13.1235 |       18.3075 |       10.9943 |            1.6229 |            3.6953 |            2.8467 |            2.8294
 25014 |      6 | 2019-04-22 15:37:02.5 |       13.1229 |       18.3079 |       11.0304 |            1.6276 |            3.7086 |            2.8559 |            2.8383
 25014 |      7 | 2019-04-22 15:37:15   |       13.1278 |       18.3075 |       10.2643 |            1.5222 |            3.4454 |            2.6628 |            2.6339
 25014 |      8 | 2019-04-22 15:37:26   |       13.1286 |       18.3059 |        10.973 |            1.6207 |            3.6876 |            2.8407 |            2.8241
 25014 |      9 | 2019-04-22 15:37:36   |       13.1277 |        18.307 |       11.1222 |            1.6406 |            3.7391 |            2.8793 |            2.8633
 25014 |     10 | 2019-04-22 15:37:45.5 |       13.1258 |       18.3079 |       11.1547 |            1.6453 |            3.7507 |            2.8876 |             2.871
 25014 |     11 | 2019-04-22 15:37:53   |       13.1267 |       18.3073 |       11.2306 |            1.6558 |            3.7764 |            2.9074 |            2.8909
(12 rows)

  run  | subrun |         time          | step1_voltage | step2_voltage | total_current | pos_2step_current | pos_1step_current | neg_2step_current | neg_1step_current 
-------+--------+-----------------------+---------------+---------------+---------------+-------------------+-------------------+-------------------+-------------------
 25014 |      0 | 2019-04-22 15:35:55.5 |       13.1226 |       18.3078 |       11.1484 |            1.6439 |            3.7497 |            2.8865 |            2.8683
 25014 |      1 | 2019-04-22 15:36:09.5 |       13.1297 |       18.3061 |        9.5975 |            1.4287 |            3.2184 |             2.495 |            2.4554
 25014 |      2 | 2019-04-22 15:36:22   |       13.1264 |       18.3067 |       10.5368 |            1.5603 |            3.5374 |            2.7299 |            2.7092
 25014 |      3 | 2019-04-22 15:36:32   |        13.127 |       18.3072 |       10.8203 |            1.5995 |            3.6342 |             2.802 |            2.7845
 25014 |      4 | 2019-04-22 15:36:42   |       13.1246 |       18.3078 |       10.9129 |            1.6119 |            3.6668 |            2.8257 |            2.8084
 25014 |      5 | 2019-04-22 15:36:51.5 |       13.1235 |       18.3075 |       10.9943 |            1.6229 |            3.6953 |            2.8467 |            2.8294
 25014 |      6 | 2019-04-22 15:37:02.5 |       13.1229 |       18.3079 |       11.0304 |            1.6276 |            3.7086 |            2.8559 |            2.8383
 25014 |      7 | 2019-04-22 15:37:15   |       13.1278 |       18.3075 |       10.2643 |            1.5222 |            3.4454 |            2.6628 |            2.6339
 25014 |      8 | 2019-04-22 15:37:26   |       13.1286 |       18.3059 |        10.973 |            1.6207 |            3.6876 |            2.8407 |            2.8241
 25014 |      9 | 2019-04-22 15:37:36   |       13.1277 |        18.307 |       11.1222 |            1.6406 |            3.7391 |            2.8793 |            2.8633
 25014 |     10 | 2019-04-22 15:37:45.5 |       13.1258 |       18.3079 |       11.1547 |            1.6453 |            3.7507 |            2.8876 |             2.871
 25014 |     11 | 2019-04-22 15:37:53   |       13.1267 |       18.3073 |       11.2306 |            1.6558 |            3.7764 |            2.9074 |            2.8909
(12 rows)

