  run  | subrun |         time          | step1_voltage | step2_voltage | total_current | pos_2step_current | pos_1step_current | neg_2step_current | neg_1step_current 
-------+--------+-----------------------+---------------+---------------+---------------+-------------------+-------------------+-------------------+-------------------
 26316 |      0 | 2019-05-09 18:00:13.5 |       13.1243 |       18.3069 |        11.121 |            1.6482 |            3.7156 |            2.8865 |            2.8707
 26316 |      1 | 2019-05-09 18:00:25.5 |       13.1267 |       18.3075 |        9.9319 |            1.4807 |            3.3112 |            2.5871 |            2.5529
 26316 |      2 | 2019-05-09 18:00:38   |       13.1305 |       18.3099 |       10.8285 |            1.6057 |            3.6139 |            2.8146 |            2.7943
 26316 |      3 | 2019-05-09 18:00:48   |       13.1253 |       18.3065 |       10.9688 |             1.626 |             3.663 |            2.8474 |            2.8324
 26316 |      4 | 2019-05-09 18:00:57.5 |       13.1309 |       18.3071 |       11.2525 |            1.6649 |            3.7589 |            2.9214 |            2.9073
 26316 |      5 | 2019-05-09 18:01:07   |       13.1235 |       18.3071 |       11.0303 |            1.6344 |            3.6843 |            2.8636 |             2.848
 26316 |      6 | 2019-05-09 18:01:19   |       13.1283 |       18.3081 |       11.3358 |            1.6775 |            3.7892 |            2.9413 |            2.9278
 26316 |      7 | 2019-05-09 18:01:31.5 |       13.1276 |       18.3057 |       10.5551 |             1.568 |            3.5224 |             2.743 |            2.7217
 26316 |      8 | 2019-05-09 18:01:41.5 |       13.1218 |       18.3078 |       10.6807 |            1.5855 |             3.565 |            2.7746 |            2.7556
 26316 |      9 | 2019-05-09 18:01:51   |       13.1293 |        18.307 |       11.1709 |            1.6538 |             3.731 |            2.8998 |            2.8863
 26316 |     10 | 2019-05-09 18:02:01   |       13.1327 |       18.3096 |       11.2977 |            1.6702 |            3.7743 |            2.9344 |            2.9189
 26316 |     11 | 2019-05-09 18:02:11   |       13.1248 |       18.3075 |       11.1341 |            1.6494 |            3.7202 |            2.8897 |            2.8748
 26316 |     12 | 2019-05-09 18:02:23.5 |       13.1256 |       18.3075 |       10.0794 |            1.5013 |            3.3615 |            2.6243 |            2.5924
 26316 |     13 | 2019-05-09 18:02:36   |       13.1261 |       18.3074 |       10.7553 |            1.5957 |              3.59 |            2.7939 |            2.7757
 26316 |     14 | 2019-05-09 18:02:45.5 |       13.1249 |       18.3078 |       10.8789 |            1.6127 |            3.6324 |            2.8252 |            2.8085
 26316 |     15 | 2019-05-09 18:02:55   |       13.1257 |       18.3072 |       11.0289 |            1.6335 |            3.6836 |            2.8636 |            2.8482
 26316 |     16 | 2019-05-09 18:03:05   |       13.1336 |       18.3077 |       11.3646 |            1.6811 |            3.7966 |            2.9502 |            2.9367
 26316 |     17 | 2019-05-09 18:03:16.5 |       13.1089 |       18.3117 |       11.5475 |            1.7002 |            3.8661 |            2.9912 |              2.99
 26316 |     18 | 2019-05-09 18:03:29   |       13.1259 |       18.3072 |        10.217 |              1.52 |            3.4077 |            2.6585 |            2.6308
 26316 |     19 | 2019-05-09 18:03:39.5 |       13.1242 |        18.307 |       10.7327 |            1.5924 |            3.5825 |             2.788 |            2.7698
 26316 |     20 | 2019-05-09 18:03:49   |        13.124 |       18.3074 |        10.904 |             1.616 |            3.6412 |            2.8314 |            2.8154
 26316 |     21 | 2019-05-09 18:03:59   |       13.1306 |       18.3077 |        11.304 |             1.672 |            3.7768 |            2.9339 |            2.9213
 26316 |     22 | 2019-05-09 18:04:09   |       13.1307 |       18.3079 |       11.3964 |            1.6862 |            3.8087 |            2.9569 |            2.9446
 26316 |     23 | 2019-05-09 18:04:21   |       13.1148 |       18.3068 |       10.5484 |            1.5672 |            3.5225 |            2.7403 |            2.7184
 26316 |     24 | 2019-05-09 18:04:33.5 |       13.1178 |       18.2983 |       10.6116 |             1.566 |            3.5495 |            2.7463 |            2.7499
 26316 |     25 | 2019-05-09 18:04:43.5 |       13.1273 |       18.3087 |        10.928 |            1.6204 |            3.6487 |            2.8376 |            2.8213
 26316 |     26 | 2019-05-09 18:04:53   |       13.1304 |       18.3093 |       11.0759 |            1.6392 |            3.6986 |            2.8778 |            2.8603
 26316 |     27 | 2019-05-09 18:05:03   |       13.1327 |       18.3088 |       11.4292 |            1.6875 |            3.8192 |            2.9679 |            2.9546
 26316 |     28 | 2019-05-09 18:05:12.5 |       13.1271 |       18.3085 |       11.0922 |            1.6427 |            3.7059 |            2.8802 |            2.8635
 26316 |     29 | 2019-05-09 18:05:25   |       13.1272 |       18.3081 |          9.96 |            1.4851 |            3.3201 |            2.5941 |            2.5608
 26316 |     30 | 2019-05-09 18:05:37.5 |       13.1231 |       18.3114 |       10.6697 |            1.5799 |            3.5636 |            2.7662 |              2.76
 26316 |     31 | 2019-05-09 18:05:47   |       13.1264 |       18.3066 |       10.9556 |            1.6259 |            3.6569 |            2.8465 |            2.8262
 26316 |     32 | 2019-05-09 18:05:57.5 |         13.13 |       18.3083 |       11.2651 |            1.6628 |            3.7661 |            2.9215 |            2.9147
 26316 |     33 | 2019-05-09 18:06:07.5 |       13.1298 |       18.3042 |       11.2989 |            1.6728 |            3.7755 |            2.9326 |             2.918
 26316 |     34 | 2019-05-09 18:06:18.5 |       13.1263 |        18.311 |       11.4688 |            1.6929 |             3.836 |            2.9726 |            2.9673
 26316 |     35 | 2019-05-09 18:06:31   |        13.126 |        18.308 |       10.3306 |            1.5364 |            3.4459 |            2.6869 |            2.6614
 26316 |     36 | 2019-05-09 18:06:41.5 |       13.1252 |       18.3083 |       10.7536 |            1.5956 |            3.5891 |             2.794 |            2.7749
 26316 |     37 | 2019-05-09 18:06:51   |       13.1267 |        18.307 |       11.0445 |            1.6361 |            3.6885 |            2.8675 |            2.8525
 26316 |     38 | 2019-05-09 18:07:01.5 |       13.1323 |       18.3102 |       11.2562 |            1.6645 |            3.7601 |            2.9237 |            2.9079
 26316 |     39 | 2019-05-09 18:07:11.5 |        13.129 |       18.3086 |       11.3225 |            1.6751 |            3.7837 |             2.939 |            2.9246
 26316 |     40 | 2019-05-09 18:07:23.5 |       13.1134 |       18.3073 |       10.1515 |            1.5112 |            3.3872 |            2.6409 |            2.6121
 26316 |     41 | 2019-05-09 18:07:35.5 |       13.1305 |       18.3097 |       10.7597 |            1.5963 |            3.5904 |             2.797 |            2.7759
 26316 |     42 | 2019-05-09 18:07:45   |       13.1239 |       18.3077 |       10.8209 |            1.6054 |            3.6122 |            2.8105 |            2.7928
 26316 |     43 | 2019-05-09 18:07:55   |       13.1294 |       18.3058 |       11.1963 |            1.6575 |            3.7402 |            2.9062 |            2.8924
 26316 |     44 | 2019-05-09 18:08:05   |       13.1255 |       18.3079 |       11.1114 |            1.6456 |            3.7118 |            2.8846 |            2.8694
 26316 |     45 | 2019-05-09 18:08:15   |       13.1266 |       18.3072 |       11.2435 |            1.6646 |            3.7571 |            2.9182 |            2.9036
 26316 |     46 | 2019-05-09 18:08:27.5 |       13.1254 |       18.3077 |         9.926 |            1.4799 |            3.3088 |            2.5853 |            2.5519
 26316 |     47 | 2019-05-09 18:08:40   |       13.1235 |       18.3077 |       10.7214 |            1.5914 |            3.5787 |            2.7852 |            2.7661
 26316 |     48 | 2019-05-09 18:08:49.5 |       13.1297 |       18.3035 |         11.13 |            1.6476 |            3.7174 |            2.8888 |            2.8762
 26316 |     49 | 2019-05-09 18:08:59   |       13.1239 |       18.3078 |       11.0164 |            1.6319 |            3.6795 |            2.8606 |            2.8444
 26316 |     50 | 2019-05-09 18:09:09   |       13.1222 |       18.3074 |       11.0103 |            1.6316 |            3.6784 |            2.8585 |            2.8419
 26316 |     51 | 2019-05-09 18:09:20.5 |       13.1263 |       18.3078 |       11.1513 |            1.6508 |            3.7264 |            2.8951 |            2.8789
 26316 |     52 | 2019-05-09 18:09:33   |       13.1272 |       18.3075 |       10.5733 |            1.5707 |            3.5277 |            2.7487 |            2.7261
 26316 |     53 | 2019-05-09 18:09:43.5 |       13.1292 |       18.3096 |       10.8807 |            1.6118 |            3.6321 |            2.8281 |            2.8086
 26316 |     54 | 2019-05-09 18:09:53   |        13.129 |       18.3076 |       11.1498 |            1.6509 |            3.7238 |            2.8946 |            2.8805
 26316 |     55 | 2019-05-09 18:10:02.5 |       13.1285 |       18.3095 |       11.1101 |            1.6473 |            3.7101 |            2.8857 |            2.8669
 26316 |     56 | 2019-05-09 18:10:12   |       13.1131 |       18.2994 |       11.1363 |            1.6419 |             3.726 |            2.8849 |            2.8836
 26316 |     57 | 2019-05-09 18:10:24.5 |       13.1307 |       18.3066 |       10.2836 |            1.5296 |            3.4303 |            2.6771 |            2.6467
 26316 |     58 | 2019-05-09 18:10:37   |       13.1274 |       18.3064 |       10.7666 |            1.5989 |            3.5927 |            2.7971 |            2.7779
 26316 |     59 | 2019-05-09 18:10:47   |       13.1256 |       18.3138 |       11.2101 |            1.6531 |             3.749 |            2.9072 |            2.9008
 26316 |     60 | 2019-05-09 18:10:57   |       13.1259 |       18.3091 |        11.184 |            1.6543 |            3.7362 |            2.9041 |            2.8895
 26316 |     61 | 2019-05-09 18:11:06.5 |        13.091 |       18.3064 |       11.1311 |            1.6466 |            3.7199 |            2.8861 |            2.8785
 26316 |     62 | 2019-05-09 18:11:17.5 |       13.1394 |       18.3128 |       11.5493 |            1.7023 |            3.8649 |            2.9948 |            2.9874
 26316 |     63 | 2019-05-09 18:11:30   |       13.1266 |       18.3074 |       10.2372 |            1.5232 |             3.414 |            2.6639 |            2.6361
 26316 |     64 | 2019-05-09 18:11:41   |       13.1238 |       18.3073 |       10.7275 |            1.5925 |            3.5802 |            2.7874 |            2.7675
 26316 |     65 | 2019-05-09 18:11:51   |       13.1268 |       18.3113 |       11.2304 |            1.6519 |            3.7582 |             2.907 |            2.9133
 26316 |     66 | 2019-05-09 18:12:01   |       13.1256 |       18.3086 |        11.116 |            1.6451 |            3.7138 |            2.8855 |            2.8716
 26316 |     67 | 2019-05-09 18:12:10.5 |       13.1315 |       18.3091 |       11.3743 |            1.6816 |            3.8007 |            2.9526 |            2.9395
 26316 |     68 | 2019-05-09 18:12:23   |       13.1274 |       18.3075 |       10.5091 |            1.5613 |            3.5076 |            2.7328 |            2.7074
 26316 |     69 | 2019-05-09 18:12:35   |       13.1264 |       18.3073 |       10.6807 |            1.5859 |            3.5644 |            2.7751 |            2.7553
 26316 |     70 | 2019-05-09 18:12:45.5 |       13.1254 |       18.3145 |       11.0236 |            1.6242 |            3.6879 |            2.8588 |            2.8527
 26316 |     71 | 2019-05-09 18:12:55   |       13.1256 |       18.3076 |       11.0285 |            1.6335 |            3.6833 |            2.8635 |            2.8482
 26316 |     72 | 2019-05-09 18:13:05   |       13.1246 |       18.3098 |       11.3822 |            1.6724 |             3.811 |            2.9452 |            2.9536
 26316 |     73 | 2019-05-09 18:13:14.5 |       13.1272 |       18.3072 |       11.2419 |            1.6646 |            3.7564 |            2.9179 |             2.903
 26316 |     74 | 2019-05-09 18:13:27.5 |       13.1142 |       18.3129 |       10.1039 |            1.4992 |            3.3738 |            2.6276 |            2.6032
 26316 |     75 | 2019-05-09 18:13:39.5 |       13.0867 |       18.3134 |        10.847 |            1.6019 |            3.6251 |            2.8167 |            2.8034
 26316 |     76 | 2019-05-09 18:13:48.5 |       13.1298 |       18.3068 |       10.9884 |             1.629 |            3.6689 |            2.8529 |            2.8376
 26316 |     77 | 2019-05-09 18:13:58.5 |       13.1292 |       18.3077 |       11.2295 |            1.6617 |            3.7509 |            2.9151 |            2.9017
 26316 |     78 | 2019-05-09 18:14:08   |       13.1184 |       18.2995 |       11.1057 |            1.6384 |            3.7163 |            2.8739 |            2.8771
 26316 |     79 | 2019-05-09 18:14:19.5 |       13.1284 |       18.3079 |       11.3947 |            1.6851 |            3.8084 |            2.9573 |             2.944
 26316 |     80 | 2019-05-09 18:14:32.5 |       13.1247 |       18.3071 |       10.4392 |            1.5522 |             3.482 |            2.7152 |            2.6898
 26316 |     81 | 2019-05-09 18:14:42.5 |       13.1258 |       18.3089 |        10.861 |            1.6069 |            3.6289 |            2.8155 |            2.8097
 26316 |     82 | 2019-05-09 18:14:52   |       13.1239 |       18.3077 |       10.9156 |             1.618 |             3.645 |             2.834 |            2.8186
 26316 |     83 | 2019-05-09 18:15:02   |       13.1303 |       18.3089 |       11.3085 |            1.6717 |            3.7781 |            2.9365 |            2.9223
 26316 |     84 | 2019-05-09 18:15:11.5 |       13.1227 |       18.3074 |       11.0635 |             1.639 |            3.6967 |            2.8714 |            2.8563
 26316 |     85 | 2019-05-09 18:15:24   |       13.0982 |        18.293 |        10.443 |            1.5416 |            3.4911 |            2.7091 |            2.7011
 26316 |     86 | 2019-05-09 18:15:37   |       13.1252 |       18.3064 |       10.7672 |            1.5976 |             3.594 |            2.7964 |            2.7792
 26316 |     87 | 2019-05-09 18:15:47   |       13.1313 |       18.3084 |       11.2002 |            1.6571 |            3.7404 |            2.9081 |            2.8945
 26316 |     88 | 2019-05-09 18:15:57   |       13.1114 |       18.2996 |       11.1049 |            1.6391 |            3.7126 |            2.8789 |            2.8742
 26316 |     89 | 2019-05-09 18:16:06.5 |       13.1393 |       18.3121 |       11.2158 |            1.6595 |            3.7461 |            2.9146 |            2.8955
 26316 |     90 | 2019-05-09 18:16:15.5 |       13.1255 |       18.3076 |       11.2406 |             1.664 |            3.7563 |            2.9171 |            2.9031
 26316 |     91 | 2019-05-09 18:16:29.5 |       13.0804 |       18.3143 |       10.2181 |             1.509 |            3.4144 |            2.6504 |            2.6443
 26316 |     92 | 2019-05-09 18:16:40.5 |       13.0307 |       18.3144 |       10.7375 |             1.586 |            3.5895 |            2.7788 |            2.7832
 26316 |     93 | 2019-05-09 18:16:50.5 |       13.1174 |       18.3081 |       10.9911 |            1.6281 |            3.6711 |            2.8526 |            2.8393
 26316 |     94 | 2019-05-09 18:17:00   |        13.132 |       18.3097 |        11.358 |            1.6788 |            3.7944 |            2.9487 |            2.9361
 26316 |     95 | 2019-05-09 18:17:09.5 |       13.1248 |       18.3074 |       11.1616 |            1.6535 |            3.7292 |            2.8964 |            2.8826
 26316 |     96 | 2019-05-09 18:17:21.5 |       13.1268 |       18.3065 |       10.9587 |            1.6244 |            3.6607 |            2.8462 |            2.8274
 26316 |     97 | 2019-05-09 18:17:34   |       13.1299 |        18.306 |       10.7596 |            1.5963 |            3.5914 |            2.7954 |            2.7766
 26316 |     98 | 2019-05-09 18:17:44   |       13.1288 |       18.3091 |       10.8616 |            1.6102 |            3.6257 |            2.8221 |            2.8037
 26316 |     99 | 2019-05-09 18:17:54   |       13.1293 |       18.3078 |       11.1364 |              1.65 |            3.7189 |             2.892 |            2.8755
 26316 |    100 | 2019-05-09 18:18:03.5 |       13.1264 |       18.3101 |       11.1723 |            1.6493 |            3.7342 |            2.8985 |            2.8903
 26316 |    101 | 2019-05-09 18:18:13   |       13.1282 |       18.3083 |       11.1963 |            1.6573 |            3.7412 |            2.9061 |            2.8918
 26316 |    102 | 2019-05-09 18:18:25.5 |       13.1302 |       18.3062 |       10.2493 |            1.5245 |            3.4188 |            2.6679 |             2.638
 26316 |    103 | 2019-05-09 18:18:38   |       13.1273 |       18.3065 |       10.8136 |            1.5988 |            3.6132 |            2.8055 |             2.796
 26316 |    104 | 2019-05-09 18:18:47.5 |       13.1296 |       18.3067 |       11.0761 |            1.6428 |            3.6971 |            2.8775 |            2.8587
 26316 |    105 | 2019-05-09 18:18:57   |       13.1241 |       18.3153 |       11.0761 |            1.6313 |            3.7062 |            2.8659 |            2.8727
 26316 |    106 | 2019-05-09 18:19:07   |       13.1268 |       18.3084 |       11.1622 |            1.6523 |            3.7293 |            2.8967 |            2.8838
 26316 |    107 | 2019-05-09 18:19:18.5 |       13.1256 |       18.3072 |       11.3331 |             1.677 |             3.788 |              2.94 |            2.9281
 26316 |    108 | 2019-05-09 18:19:31   |       13.1269 |       18.3069 |       10.2561 |             1.526 |            3.4205 |            2.6686 |             2.641
 26316 |    109 | 2019-05-09 18:19:41.5 |       13.1237 |       18.3082 |       10.6998 |            1.5877 |            3.5713 |            2.7797 |             2.761
 26316 |    110 | 2019-05-09 18:19:51   |       13.1309 |       18.3074 |       11.1815 |            1.6552 |            3.7342 |             2.903 |            2.8891
 26316 |    111 | 2019-05-09 18:20:01   |       13.1239 |       18.3075 |        11.015 |            1.6318 |             3.679 |            2.8596 |            2.8446
 26316 |    112 | 2019-05-09 18:20:11   |       13.1257 |       18.3065 |       11.1634 |            1.6537 |            3.7297 |            2.8973 |            2.8827
 26316 |    113 | 2019-05-09 18:20:23   |       13.1224 |       18.3069 |       10.6233 |            1.5776 |            3.5472 |            2.7606 |            2.7379
 26316 |    114 | 2019-05-09 18:20:35.5 |       13.1267 |       18.3075 |       10.6599 |            1.5826 |            3.5571 |            2.7704 |            2.7498
 26316 |    115 | 2019-05-09 18:20:46   |       13.1284 |       18.3078 |       11.0084 |            1.6314 |            3.6758 |            2.8582 |             2.843
 26316 |    116 | 2019-05-09 18:20:56   |        13.132 |       18.3095 |         11.32 |            1.6734 |            3.7816 |            2.9394 |            2.9256
 26316 |    117 | 2019-05-09 18:21:05.5 |       13.1252 |       18.3071 |       11.0748 |            1.6402 |            3.6993 |            2.8752 |              2.86
 26316 |    118 | 2019-05-09 18:21:14.5 |        13.127 |       18.3078 |       11.1882 |             1.658 |            3.7372 |            2.9054 |            2.8876
 26316 |    119 | 2019-05-09 18:21:26.5 |       13.1067 |       18.3055 |        9.8525 |            1.4691 |             3.286 |            2.5642 |            2.5331
 26316 |    120 | 2019-05-09 18:21:39   |       13.1267 |       18.3096 |       10.6132 |            1.5772 |            3.5409 |            2.7589 |            2.7362
 26316 |    121 | 2019-05-09 18:21:49   |         13.13 |        18.308 |       11.1056 |            1.6454 |             3.708 |            2.8844 |            2.8678
 26316 |    122 | 2019-05-09 18:21:59   |       13.1215 |       18.3036 |       11.1747 |            1.6506 |            3.7352 |            2.8964 |            2.8926
 26316 |    123 | 2019-05-09 18:22:09   |       13.0897 |       18.3064 |       11.1901 |            1.6537 |            3.7407 |            2.9003 |            2.8953
 26316 |    124 | 2019-05-09 18:22:20.5 |       13.1305 |       18.3078 |       11.3672 |            1.6819 |            3.7992 |            2.9496 |            2.9365
 26316 |    125 | 2019-05-09 18:22:32.5 |       13.1255 |       18.3068 |       10.4228 |            1.5492 |            3.4766 |            2.7103 |            2.6867
 26316 |    126 | 2019-05-09 18:22:43   |       13.0928 |       18.2998 |       10.7456 |            1.5922 |            3.5887 |            2.7875 |            2.7772
 26316 |    127 | 2019-05-09 18:22:53   |       13.1363 |       18.3154 |       11.1981 |            1.6518 |            3.7448 |            2.9002 |            2.9013
 26316 |    128 | 2019-05-09 18:23:03   |       13.1212 |       18.3072 |       10.9902 |            1.6276 |            3.6708 |            2.8533 |            2.8384
 26316 |    129 | 2019-05-09 18:23:12.5 |       13.1208 |       18.3053 |       11.3249 |            1.6757 |            3.7848 |            2.9372 |            2.9272
 26316 |    130 | 2019-05-09 18:23:24.5 |       13.1237 |       18.3098 |       10.2453 |            1.5237 |            3.4193 |            2.6657 |            2.6367
 26316 |    131 | 2019-05-09 18:23:37   |       13.1298 |       18.3092 |        10.756 |            1.5956 |            3.5895 |            2.7956 |            2.7752
 26316 |    132 | 2019-05-09 18:23:47   |        13.124 |       18.3072 |       10.8178 |            1.6043 |            3.6108 |              2.81 |            2.7926
 26316 |    133 | 2019-05-09 18:23:56.5 |       13.1242 |       18.3059 |        10.959 |            1.6239 |            3.6596 |            2.8454 |              2.83
 26316 |    134 | 2019-05-09 18:24:06   |       13.1321 |       18.3087 |        11.376 |            1.6817 |            3.8006 |            2.9533 |            2.9404
 26316 |    135 | 2019-05-09 18:24:16   |       13.1297 |       18.3057 |        11.353 |            1.6804 |            3.7942 |            2.9451 |            2.9333
 26316 |    136 | 2019-05-09 18:24:28.5 |       13.1307 |       18.3085 |        9.9598 |            1.4854 |            3.3188 |            2.5956 |            2.5599
 26316 |    137 | 2019-05-09 18:24:41   |        13.124 |       18.3081 |       10.7206 |            1.5914 |            3.5783 |            2.7846 |            2.7663
 26316 |    138 | 2019-05-09 18:24:51   |       13.1318 |       18.3089 |       11.2274 |             1.661 |            3.7498 |            2.9152 |            2.9014
 26316 |    139 | 2019-05-09 18:25:00.5 |       13.1222 |       18.3076 |       10.9563 |            1.6231 |            3.6593 |             2.845 |            2.8289
 26316 |    140 | 2019-05-09 18:25:10.5 |       13.1314 |        18.308 |        11.341 |            1.6766 |            3.7895 |            2.9439 |             2.931
 26316 |    141 | 2019-05-09 18:25:22   |       13.1259 |       18.3079 |       11.0143 |             1.632 |            3.6799 |            2.8602 |            2.8422
 26316 |    142 | 2019-05-09 18:25:34.5 |        13.126 |       18.3078 |       10.5553 |            1.5677 |            3.5224 |            2.7433 |            2.7219
 26316 |    143 | 2019-05-09 18:25:45   |       13.1306 |       18.3084 |       11.0631 |            1.6386 |            3.6941 |            2.8731 |            2.8573
 26316 |    144 | 2019-05-09 18:25:55   |       13.1242 |       18.3069 |       10.9689 |            1.6252 |            3.6637 |            2.8477 |            2.8324
 26316 |    145 | 2019-05-09 18:26:04.5 |       13.1309 |       18.3071 |       11.2869 |            1.6691 |             3.771 |              2.93 |            2.9168
 26316 |    146 | 2019-05-09 18:26:14.5 |       13.1311 |       18.3073 |        11.319 |            1.6745 |            3.7824 |             2.938 |            2.9241
 26316 |    147 | 2019-05-09 18:26:26.5 |        13.128 |       18.3076 |       10.0252 |            1.4937 |            3.3424 |            2.6109 |            2.5781
 26316 |    148 | 2019-05-09 18:26:39   |       13.0891 |       18.2948 |       10.7504 |            1.5882 |            3.5925 |            2.7863 |            2.7834
 26316 |    149 | 2019-05-09 18:26:48.5 |       13.1349 |       18.3139 |       11.1707 |            1.6508 |            3.7322 |            2.9008 |            2.8868
 26316 |    150 | 2019-05-09 18:26:59.5 |       13.1246 |       18.3098 |       10.9551 |            1.6208 |            3.6595 |            2.8398 |            2.8349
 26316 |    151 | 2019-05-09 18:27:09   |       13.1246 |       18.3088 |       11.4392 |            1.6861 |            3.8266 |            2.9658 |            2.9608
 26316 |    152 | 2019-05-09 18:27:19.5 |       13.1238 |       18.3075 |       11.2841 |            1.6694 |            3.7718 |            2.9277 |            2.9151
 26316 |    153 | 2019-05-09 18:27:32   |       13.1226 |       18.3131 |       10.2171 |             1.516 |            3.4105 |            2.6514 |            2.6392
 26316 |    154 | 2019-05-09 18:27:42.5 |       13.1225 |       18.3179 |       11.0323 |             1.625 |            3.6895 |            2.8571 |            2.8608
 26316 |    155 | 2019-05-09 18:27:52   |       13.1238 |       18.3074 |       10.9034 |            1.6159 |            3.6412 |            2.8311 |            2.8153
 26316 |    156 | 2019-05-09 18:28:02   |       13.1357 |       18.3089 |       11.3518 |            1.6792 |            3.7921 |            2.9473 |            2.9333
 26316 |    157 | 2019-05-09 18:28:12   |       13.0624 |       18.2941 |       11.1253 |            1.6397 |            3.7249 |            2.8753 |            2.8854
 26316 |    158 | 2019-05-09 18:28:24   |       13.1265 |       18.3054 |       10.5484 |            1.5661 |            3.5213 |            2.7427 |            2.7184
 26316 |    159 | 2019-05-09 18:28:36.5 |       13.1284 |       18.3071 |       10.7788 |            1.5989 |            3.5979 |               2.8 |             2.782
 26316 |    160 | 2019-05-09 18:28:46.5 |       13.1314 |       18.3097 |        11.205 |            1.6563 |            3.7422 |            2.9105 |             2.896
 26316 |    161 | 2019-05-09 18:28:56   |       13.1255 |       18.3071 |       11.0301 |             1.634 |             3.684 |            2.8639 |            2.8482
 26316 |    162 | 2019-05-09 18:29:06   |       13.0566 |       18.2921 |       11.0271 |            1.6245 |            3.6915 |            2.8501 |             2.861
 26316 |    163 | 2019-05-09 18:29:16   |       13.1224 |       18.3075 |       11.0756 |            1.6408 |            3.7008 |            2.8749 |            2.8591
 26316 |    164 | 2019-05-09 18:29:28.5 |       13.1301 |       18.3094 |       10.0972 |            1.5026 |            3.3668 |              2.63 |            2.5978
 26316 |    165 | 2019-05-09 18:29:40.5 |       13.1249 |       18.3073 |       10.7219 |            1.5918 |            3.5784 |            2.7859 |            2.7658
 26316 |    166 | 2019-05-09 18:29:50   |       13.1273 |       18.3064 |       11.1187 |            1.6438 |            3.7148 |            2.8849 |            2.8753
 26316 |    167 | 2019-05-09 18:29:59.5 |       13.1289 |       18.3088 |       11.1226 |            1.6457 |            3.7154 |            2.8883 |            2.8732
 26316 |    168 | 2019-05-09 18:30:09   |       13.1293 |       18.3085 |       11.1599 |            1.6511 |            3.7282 |            2.8979 |            2.8827
 26316 |    169 | 2019-05-09 18:30:21   |       13.0979 |       18.3119 |       11.4064 |            1.6781 |            3.8201 |            2.9541 |            2.9542
 26316 |    170 | 2019-05-09 18:30:33.5 |       13.1125 |       18.3066 |       10.6241 |            1.5749 |            3.5461 |            2.7601 |            2.7429
 26316 |    171 | 2019-05-09 18:30:44   |       13.1382 |       18.3086 |       10.8858 |            1.6141 |            3.6332 |            2.8298 |            2.8088
 26316 |    172 | 2019-05-09 18:30:54   |       13.1297 |       18.3071 |       11.2036 |            1.6588 |            3.7418 |             2.908 |             2.895
 26316 |    173 | 2019-05-09 18:31:03.5 |       13.1249 |       18.3083 |       11.0595 |            1.6373 |            3.6943 |            2.8714 |            2.8566
 26316 |    174 | 2019-05-09 18:31:13   |       13.1269 |       18.3105 |       11.3337 |            1.6756 |            3.7889 |            2.9386 |            2.9306
 26316 |    175 | 2019-05-09 18:31:25.5 |       13.1307 |       18.3052 |       10.4526 |            1.5543 |            3.4878 |            2.7192 |            2.6912
 26316 |    176 | 2019-05-09 18:31:38   |       13.1294 |       18.3078 |       10.8369 |            1.6074 |            3.6174 |            2.8153 |            2.7968
 26316 |    177 | 2019-05-09 18:31:48   |       13.1074 |       18.3003 |       10.9881 |            1.6182 |            3.6749 |            2.8449 |            2.8501
 26316 |    178 | 2019-05-09 18:31:58   |       13.1238 |       18.3073 |       11.0145 |             1.631 |            3.6793 |            2.8593 |            2.8449
 26316 |    179 | 2019-05-09 18:32:07.5 |       13.1312 |       18.3092 |        11.197 |            1.6565 |            3.7402 |            2.9083 |             2.892
 26316 |    180 | 2019-05-09 18:32:18.5 |       13.1248 |       18.3081 |       11.2715 |            1.6677 |            3.7669 |            2.9253 |            2.9115
 26316 |    181 | 2019-05-09 18:32:31.5 |       13.1297 |       18.3047 |       10.3267 |            1.5359 |             3.444 |            2.6869 |            2.6599
 26316 |    182 | 2019-05-09 18:32:43   |       13.1273 |       18.3059 |        10.845 |            1.6095 |            3.6195 |            2.8184 |            2.7977
 26316 |    183 | 2019-05-09 18:32:52   |       13.1224 |        18.309 |       11.0674 |            1.6279 |            3.7045 |            2.8663 |            2.8687
 26316 |    184 | 2019-05-09 18:33:01   |       13.1298 |       18.3078 |       11.2415 |             1.664 |            3.7549 |             2.918 |            2.9046
 26316 |    185 | 2019-05-09 18:33:11   |       13.1288 |       18.3056 |       11.2949 |            1.6715 |            3.7746 |            2.9306 |            2.9182
 26316 |    186 | 2019-05-09 18:33:23   |       13.1231 |       18.3074 |       10.9095 |            1.6171 |            3.6444 |            2.8333 |            2.8147
 26316 |    187 | 2019-05-09 18:33:35.5 |       13.1247 |       18.3067 |       10.5726 |            1.5697 |            3.5281 |            2.7476 |            2.7271
 26316 |    188 | 2019-05-09 18:33:46   |       13.0876 |       18.2994 |       10.7588 |            1.5881 |            3.5982 |            2.7827 |            2.7899
 26316 |    189 | 2019-05-09 18:33:55.5 |       13.1332 |       18.3088 |       11.1566 |             1.652 |            3.7257 |            2.8978 |            2.8811
 26316 |    190 | 2019-05-09 18:34:05   |       13.1469 |       18.3091 |       11.0514 |            1.6381 |            3.6907 |            2.8711 |            2.8516
 26316 |    191 | 2019-05-09 18:34:15   |       13.0731 |       18.3035 |       11.2098 |            1.6562 |             3.749 |            2.9037 |            2.9009
 26316 |    192 | 2019-05-09 18:34:27.5 |       13.1275 |       18.3071 |        9.9766 |             1.486 |            3.3268 |            2.5987 |             2.565
 26316 |    193 | 2019-05-09 18:34:39.5 |       13.1248 |       18.3072 |       10.7389 |            1.5935 |            3.5847 |            2.7893 |            2.7714
 26316 |    194 | 2019-05-09 18:34:49   |       13.1323 |        18.308 |       11.0774 |            1.6402 |            3.6987 |            2.8772 |            2.8613
 26316 |    195 | 2019-05-09 18:34:59   |       13.1209 |       18.3081 |       10.9259 |            1.6188 |            3.6491 |            2.8371 |            2.8209
 26316 |    196 | 2019-05-09 18:35:09   |       13.1038 |        18.309 |       11.4221 |            1.6854 |            3.8197 |             2.962 |            2.9549
 26316 |    197 | 2019-05-09 18:35:20.5 |       13.1035 |       18.2933 |        11.478 |            1.6889 |            3.8429 |            2.9696 |            2.9766
 26316 |    198 | 2019-05-09 18:35:32.5 |       13.1232 |       18.3075 |       10.1894 |            1.5169 |            3.3982 |            2.6505 |            2.6237
 26316 |    199 | 2019-05-09 18:35:43   |       13.1235 |       18.3082 |       10.6935 |            1.5868 |            3.5692 |            2.7783 |            2.7593
 26316 |    200 | 2019-05-09 18:35:53   |       13.1295 |       18.3075 |       11.1613 |            1.6522 |            3.7276 |            2.8974 |            2.8841
 26316 |    201 | 2019-05-09 18:36:03   |        13.122 |       18.3076 |       10.9404 |            1.6206 |            3.6545 |            2.8406 |            2.8247
 26316 |    202 | 2019-05-09 18:36:12.5 |       13.1327 |       18.3097 |       11.4679 |            1.6949 |             3.833 |            2.9762 |            2.9638
 26316 |    203 | 2019-05-09 18:36:24.5 |       13.1268 |       18.3074 |       10.6226 |            1.5771 |            3.5463 |            2.7615 |            2.7377
 26316 |    204 | 2019-05-09 18:36:37   |       13.1266 |       18.3076 |       10.6859 |             1.586 |            3.5662 |            2.7765 |            2.7572
 26316 |    205 | 2019-05-09 18:36:47   |       13.1305 |       18.3087 |       10.9455 |            1.6216 |            3.6541 |            2.8441 |            2.8257
 26316 |    206 | 2019-05-09 18:36:57   |       13.1257 |        18.308 |       11.0304 |            1.6335 |            3.6842 |            2.8638 |            2.8489
 26316 |    207 | 2019-05-09 18:37:06.5 |       13.1218 |       18.3078 |       10.9081 |             1.616 |            3.6428 |            2.8331 |            2.8162
 26316 |    208 | 2019-05-09 18:37:16   |       13.1284 |        18.307 |       11.2889 |            1.6713 |            3.7726 |            2.9291 |             2.916
 26316 |    209 | 2019-05-09 18:37:28.5 |       13.1273 |       18.3074 |        9.9694 |            1.4856 |            3.3234 |            2.5969 |            2.5636
 26316 |    210 | 2019-05-09 18:37:41   |        13.126 |       18.3074 |       10.7488 |            1.5959 |            3.5871 |            2.7934 |            2.7725
 26316 |    211 | 2019-05-09 18:37:50.5 |       13.1259 |       18.3097 |       11.1847 |            1.6505 |            3.7382 |            2.9013 |            2.8947
 26316 |    212 | 2019-05-09 18:38:00   |       13.1254 |       18.3054 |       11.0998 |            1.6435 |            3.7082 |            2.8803 |            2.8678
 26316 |    213 | 2019-05-09 18:38:10   |       13.1296 |       18.3083 |       11.1672 |            1.6527 |            3.7305 |               2.9 |             2.884
 26316 |    214 | 2019-05-09 18:38:21.5 |       13.1381 |       18.3069 |       11.5194 |            1.7036 |            3.8505 |            2.9898 |            2.9755
 26316 |    215 | 2019-05-09 18:38:34   |       13.1426 |       18.3099 |       10.7731 |            1.5966 |            3.5949 |            2.8026 |            2.7791
 26316 |    216 | 2019-05-09 18:38:44.5 |       13.1191 |       18.3145 |       10.9997 |            1.6216 |            3.6775 |            2.8554 |            2.8453
 26316 |    217 | 2019-05-09 18:38:54   |       13.1306 |       18.3069 |       10.9818 |            1.6281 |            3.6667 |            2.8521 |            2.8349
 26316 |    218 | 2019-05-09 18:39:04   |       13.0795 |       18.2972 |        11.223 |            1.6479 |            3.7582 |            2.9032 |            2.9137
 26316 |    219 | 2019-05-09 18:39:14   |       13.1288 |       18.3066 |       11.2422 |             1.665 |            3.7554 |            2.9185 |            2.9033
 26316 |    220 | 2019-05-09 18:39:26.5 |       13.1248 |       18.3078 |       10.2738 |            1.5278 |             3.428 |            2.6734 |            2.6446
 26316 |    221 | 2019-05-09 18:39:39   |       13.1256 |       18.3076 |       10.7056 |            1.5882 |            3.5732 |            2.7814 |            2.7628
 26316 |    222 | 2019-05-09 18:39:48.5 |       13.1312 |       18.3085 |       11.1469 |            1.6496 |            3.7226 |            2.8946 |            2.8802
 26316 |    223 | 2019-05-09 18:39:58   |       13.1242 |       18.3079 |       10.9767 |             1.626 |            3.6659 |              2.85 |            2.8348
 26316 |    224 | 2019-05-09 18:40:08   |       13.1398 |       18.3151 |       11.1448 |            1.6495 |            3.7224 |            2.8957 |            2.8773
 26316 |    225 | 2019-05-09 18:40:19.5 |        13.115 |        18.305 |       11.5307 |            1.6962 |              3.86 |            2.9857 |            2.9888
 26316 |    226 | 2019-05-09 18:40:32   |       13.1315 |       18.3081 |       10.6535 |            1.5814 |            3.5547 |              2.77 |            2.7474
 26316 |    227 | 2019-05-09 18:40:42.5 |       13.1349 |       18.3101 |       10.8934 |            1.6116 |            3.6367 |            2.8323 |            2.8128
 26316 |    228 | 2019-05-09 18:40:52   |       13.1276 |       18.3081 |        11.076 |            1.6402 |            3.6995 |            2.8751 |            2.8612
 26316 |    229 | 2019-05-09 18:41:02   |       13.1234 |       18.3151 |       11.1469 |            1.6424 |            3.7294 |             2.891 |            2.8842
 26316 |    230 | 2019-05-09 18:41:11.5 |       13.1272 |       18.3067 |       11.2034 |            1.6594 |            3.7425 |            2.9082 |            2.8933
 26316 |    231 | 2019-05-09 18:41:23.5 |       13.1278 |       18.3069 |       11.1967 |            1.6576 |             3.741 |            2.9069 |            2.8912
 26316 |    232 | 2019-05-09 18:41:36   |       13.1307 |       18.3057 |       10.7547 |            1.5974 |            3.5877 |             2.796 |            2.7736
 26316 |    233 | 2019-05-09 18:41:46   |       13.1221 |       18.3067 |       10.9891 |            1.6237 |            3.6733 |            2.8471 |             2.845
 26316 |    234 | 2019-05-09 18:41:56   |       13.1205 |       18.3118 |       11.0142 |            1.6235 |            3.6835 |            2.8526 |            2.8546
 26316 |    235 | 2019-05-09 18:42:06   |       13.1352 |        18.309 |       11.4304 |              1.69 |            3.8179 |            2.9694 |            2.9531
 26316 |    236 | 2019-05-09 18:42:15.5 |       13.1298 |       18.3087 |       11.1822 |            1.6527 |            3.7377 |            2.9027 |            2.8891
 26316 |    237 | 2019-05-09 18:42:27.5 |       13.1126 |       18.3057 |       10.3388 |            1.5274 |            3.4552 |            2.6809 |            2.6754
 26316 |    238 | 2019-05-09 18:42:40   |       13.1248 |       18.2923 |       10.7514 |            1.5923 |            3.5894 |            2.7884 |            2.7814
 26316 |    239 | 2019-05-09 18:42:49.5 |        13.127 |       18.3077 |       10.8893 |            1.6151 |            3.6351 |            2.8284 |            2.8108
 26316 |    240 | 2019-05-09 18:42:59   |       13.1015 |        18.299 |        11.113 |            1.6359 |            3.7189 |            2.8758 |            2.8823
 26316 |    241 | 2019-05-09 18:43:09   |       13.1325 |       18.3106 |       11.2003 |            1.6579 |             3.741 |            2.9092 |            2.8922
 26316 |    242 | 2019-05-09 18:43:20.5 |       13.1326 |       18.3102 |       11.5458 |            1.7047 |            3.8594 |            2.9974 |            2.9843
 26316 |    243 | 2019-05-09 18:43:33   |       13.1292 |       18.3058 |       10.4175 |            1.5485 |            3.4751 |            2.7087 |            2.6852
 26316 |    244 | 2019-05-09 18:43:44   |        13.131 |       18.3081 |       10.9123 |            1.6186 |            3.6425 |            2.8349 |            2.8163
 26316 |    245 | 2019-05-09 18:43:53.5 |       13.1235 |       18.3077 |       10.8798 |            1.6126 |            3.6326 |            2.8256 |             2.809
 26316 |    246 | 2019-05-09 18:44:03   |        13.127 |       18.3073 |       11.1673 |            1.6527 |            3.7304 |            2.8988 |            2.8854
 26316 |    247 | 2019-05-09 18:44:13   |       13.1309 |       18.3088 |       11.2416 |            1.6634 |            3.7558 |            2.9189 |            2.9035
 26316 |    248 | 2019-05-09 18:44:25   |       13.1251 |       18.3078 |       10.7185 |            1.5899 |            3.5792 |            2.7856 |            2.7638
 26316 |    249 | 2019-05-09 18:44:37.5 |       13.1254 |       18.3095 |       10.6588 |            1.5821 |            3.5572 |              2.77 |            2.7496
 26316 |    250 | 2019-05-09 18:44:48   |       13.1319 |       18.3094 |       11.1471 |              1.65 |            3.7223 |            2.8951 |            2.8797
 26316 |    251 | 2019-05-09 18:44:57.5 |       13.1229 |       18.3078 |       10.9215 |            1.6189 |            3.6471 |            2.8357 |            2.8198
 26316 |    252 | 2019-05-09 18:45:07   |       13.1301 |       18.3071 |        11.279 |             1.668 |            3.7681 |            2.9277 |            2.9153
 26316 |    253 | 2019-05-09 18:45:17   |       13.1237 |        18.307 |        11.145 |            1.6509 |            3.7238 |            2.8921 |            2.8782
 26316 |    254 | 2019-05-09 18:45:29   |       13.0945 |          18.3 |       10.2131 |            1.5096 |            3.4127 |             2.649 |            2.6419
 26316 |    255 | 2019-05-09 18:45:41   |       13.1236 |       18.3064 |        10.748 |            1.5956 |             3.587 |            2.7914 |             2.774
 26316 |    256 | 2019-05-09 18:45:51   |       13.1295 |       18.3085 |       11.0412 |            1.6348 |            3.6871 |            2.8671 |            2.8522
 26316 |    257 | 2019-05-09 18:46:00.5 |       13.1238 |       18.3054 |       11.0017 |            1.6278 |            3.6753 |            2.8529 |            2.8457
 26316 |    258 | 2019-05-09 18:46:10   |       13.1238 |       18.3053 |       11.0702 |            1.6372 |            3.6992 |            2.8693 |            2.8645
 26316 |    259 | 2019-05-09 18:46:21.5 |       13.1207 |       18.3073 |       11.1393 |            1.6494 |            3.7225 |             2.891 |            2.8765
 26316 |    260 | 2019-05-09 18:46:34   |       13.1305 |       18.3097 |       10.4165 |            1.5474 |            3.4741 |            2.7107 |            2.6844
 26316 |    261 | 2019-05-09 18:46:45   |       13.1318 |       18.3094 |       11.0203 |            1.6307 |            3.6794 |            2.8636 |            2.8466
 26316 |    262 | 2019-05-09 18:46:55   |       13.1238 |       18.3023 |       10.9112 |            1.6154 |            3.6443 |              2.83 |            2.8215
 26316 |    263 | 2019-05-09 18:47:04.5 |        13.139 |       18.3122 |       11.4732 |            1.6932 |            3.8333 |            2.9818 |            2.9649
 26316 |    264 | 2019-05-09 18:47:14   |       13.0867 |        18.294 |       11.1004 |             1.639 |            3.7134 |            2.8724 |            2.8757
 26316 |    265 | 2019-05-09 18:47:26.5 |       13.1288 |       18.3071 |       10.4105 |            1.5472 |            3.4737 |            2.7084 |            2.6811
 26316 |    266 | 2019-05-09 18:47:39   |       13.1265 |        18.307 |        10.723 |            1.5914 |            3.5788 |            2.7856 |            2.7672
 26316 |    267 | 2019-05-09 18:47:48.5 |        13.132 |       18.3097 |       11.2045 |            1.6558 |             3.742 |            2.9108 |            2.8959
 26316 |    268 | 2019-05-09 18:47:57.5 |       13.1244 |        18.308 |       10.9957 |            1.6291 |            3.6725 |            2.8544 |            2.8398
(269 rows)

  run  | subrun |         time          | step1_voltage | step2_voltage | total_current | pos_2step_current | pos_1step_current | neg_2step_current | neg_1step_current 
-------+--------+-----------------------+---------------+---------------+---------------+-------------------+-------------------+-------------------+-------------------
 26316 |      0 | 2019-05-09 18:00:13.5 |       13.1243 |       18.3069 |        11.121 |            1.6482 |            3.7156 |            2.8865 |            2.8707
 26316 |      1 | 2019-05-09 18:00:25.5 |       13.1267 |       18.3075 |        9.9319 |            1.4807 |            3.3112 |            2.5871 |            2.5529
 26316 |      2 | 2019-05-09 18:00:38   |       13.1305 |       18.3099 |       10.8285 |            1.6057 |            3.6139 |            2.8146 |            2.7943
 26316 |      3 | 2019-05-09 18:00:48   |       13.1253 |       18.3065 |       10.9688 |             1.626 |             3.663 |            2.8474 |            2.8324
 26316 |      4 | 2019-05-09 18:00:57.5 |       13.1309 |       18.3071 |       11.2525 |            1.6649 |            3.7589 |            2.9214 |            2.9073
 26316 |      5 | 2019-05-09 18:01:07   |       13.1235 |       18.3071 |       11.0303 |            1.6344 |            3.6843 |            2.8636 |             2.848
 26316 |      6 | 2019-05-09 18:01:19   |       13.1283 |       18.3081 |       11.3358 |            1.6775 |            3.7892 |            2.9413 |            2.9278
 26316 |      7 | 2019-05-09 18:01:31.5 |       13.1276 |       18.3057 |       10.5551 |             1.568 |            3.5224 |             2.743 |            2.7217
 26316 |      8 | 2019-05-09 18:01:41.5 |       13.1218 |       18.3078 |       10.6807 |            1.5855 |             3.565 |            2.7746 |            2.7556
 26316 |      9 | 2019-05-09 18:01:51   |       13.1293 |        18.307 |       11.1709 |            1.6538 |             3.731 |            2.8998 |            2.8863
 26316 |     10 | 2019-05-09 18:02:01   |       13.1327 |       18.3096 |       11.2977 |            1.6702 |            3.7743 |            2.9344 |            2.9189
 26316 |     11 | 2019-05-09 18:02:11   |       13.1248 |       18.3075 |       11.1341 |            1.6494 |            3.7202 |            2.8897 |            2.8748
 26316 |     12 | 2019-05-09 18:02:23.5 |       13.1256 |       18.3075 |       10.0794 |            1.5013 |            3.3615 |            2.6243 |            2.5924
 26316 |     13 | 2019-05-09 18:02:36   |       13.1261 |       18.3074 |       10.7553 |            1.5957 |              3.59 |            2.7939 |            2.7757
 26316 |     14 | 2019-05-09 18:02:45.5 |       13.1249 |       18.3078 |       10.8789 |            1.6127 |            3.6324 |            2.8252 |            2.8085
 26316 |     15 | 2019-05-09 18:02:55   |       13.1257 |       18.3072 |       11.0289 |            1.6335 |            3.6836 |            2.8636 |            2.8482
 26316 |     16 | 2019-05-09 18:03:05   |       13.1336 |       18.3077 |       11.3646 |            1.6811 |            3.7966 |            2.9502 |            2.9367
 26316 |     17 | 2019-05-09 18:03:16.5 |       13.1089 |       18.3117 |       11.5475 |            1.7002 |            3.8661 |            2.9912 |              2.99
 26316 |     18 | 2019-05-09 18:03:29   |       13.1259 |       18.3072 |        10.217 |              1.52 |            3.4077 |            2.6585 |            2.6308
 26316 |     19 | 2019-05-09 18:03:39.5 |       13.1242 |        18.307 |       10.7327 |            1.5924 |            3.5825 |             2.788 |            2.7698
 26316 |     20 | 2019-05-09 18:03:49   |        13.124 |       18.3074 |        10.904 |             1.616 |            3.6412 |            2.8314 |            2.8154
 26316 |     21 | 2019-05-09 18:03:59   |       13.1306 |       18.3077 |        11.304 |             1.672 |            3.7768 |            2.9339 |            2.9213
 26316 |     22 | 2019-05-09 18:04:09   |       13.1307 |       18.3079 |       11.3964 |            1.6862 |            3.8087 |            2.9569 |            2.9446
 26316 |     23 | 2019-05-09 18:04:21   |       13.1148 |       18.3068 |       10.5484 |            1.5672 |            3.5225 |            2.7403 |            2.7184
 26316 |     24 | 2019-05-09 18:04:33.5 |       13.1178 |       18.2983 |       10.6116 |             1.566 |            3.5495 |            2.7463 |            2.7499
 26316 |     25 | 2019-05-09 18:04:43.5 |       13.1273 |       18.3087 |        10.928 |            1.6204 |            3.6487 |            2.8376 |            2.8213
 26316 |     26 | 2019-05-09 18:04:53   |       13.1304 |       18.3093 |       11.0759 |            1.6392 |            3.6986 |            2.8778 |            2.8603
 26316 |     27 | 2019-05-09 18:05:03   |       13.1327 |       18.3088 |       11.4292 |            1.6875 |            3.8192 |            2.9679 |            2.9546
 26316 |     28 | 2019-05-09 18:05:12.5 |       13.1271 |       18.3085 |       11.0922 |            1.6427 |            3.7059 |            2.8802 |            2.8635
 26316 |     29 | 2019-05-09 18:05:25   |       13.1272 |       18.3081 |          9.96 |            1.4851 |            3.3201 |            2.5941 |            2.5608
 26316 |     30 | 2019-05-09 18:05:37.5 |       13.1231 |       18.3114 |       10.6697 |            1.5799 |            3.5636 |            2.7662 |              2.76
 26316 |     31 | 2019-05-09 18:05:47   |       13.1264 |       18.3066 |       10.9556 |            1.6259 |            3.6569 |            2.8465 |            2.8262
 26316 |     32 | 2019-05-09 18:05:57.5 |         13.13 |       18.3083 |       11.2651 |            1.6628 |            3.7661 |            2.9215 |            2.9147
 26316 |     33 | 2019-05-09 18:06:07.5 |       13.1298 |       18.3042 |       11.2989 |            1.6728 |            3.7755 |            2.9326 |             2.918
 26316 |     34 | 2019-05-09 18:06:18.5 |       13.1263 |        18.311 |       11.4688 |            1.6929 |             3.836 |            2.9726 |            2.9673
 26316 |     35 | 2019-05-09 18:06:31   |        13.126 |        18.308 |       10.3306 |            1.5364 |            3.4459 |            2.6869 |            2.6614
 26316 |     36 | 2019-05-09 18:06:41.5 |       13.1252 |       18.3083 |       10.7536 |            1.5956 |            3.5891 |             2.794 |            2.7749
 26316 |     37 | 2019-05-09 18:06:51   |       13.1267 |        18.307 |       11.0445 |            1.6361 |            3.6885 |            2.8675 |            2.8525
 26316 |     38 | 2019-05-09 18:07:01.5 |       13.1323 |       18.3102 |       11.2562 |            1.6645 |            3.7601 |            2.9237 |            2.9079
 26316 |     39 | 2019-05-09 18:07:11.5 |        13.129 |       18.3086 |       11.3225 |            1.6751 |            3.7837 |             2.939 |            2.9246
 26316 |     40 | 2019-05-09 18:07:23.5 |       13.1134 |       18.3073 |       10.1515 |            1.5112 |            3.3872 |            2.6409 |            2.6121
 26316 |     41 | 2019-05-09 18:07:35.5 |       13.1305 |       18.3097 |       10.7597 |            1.5963 |            3.5904 |             2.797 |            2.7759
 26316 |     42 | 2019-05-09 18:07:45   |       13.1239 |       18.3077 |       10.8209 |            1.6054 |            3.6122 |            2.8105 |            2.7928
 26316 |     43 | 2019-05-09 18:07:55   |       13.1294 |       18.3058 |       11.1963 |            1.6575 |            3.7402 |            2.9062 |            2.8924
 26316 |     44 | 2019-05-09 18:08:05   |       13.1255 |       18.3079 |       11.1114 |            1.6456 |            3.7118 |            2.8846 |            2.8694
 26316 |     45 | 2019-05-09 18:08:15   |       13.1266 |       18.3072 |       11.2435 |            1.6646 |            3.7571 |            2.9182 |            2.9036
 26316 |     46 | 2019-05-09 18:08:27.5 |       13.1254 |       18.3077 |         9.926 |            1.4799 |            3.3088 |            2.5853 |            2.5519
 26316 |     47 | 2019-05-09 18:08:40   |       13.1235 |       18.3077 |       10.7214 |            1.5914 |            3.5787 |            2.7852 |            2.7661
 26316 |     48 | 2019-05-09 18:08:49.5 |       13.1297 |       18.3035 |         11.13 |            1.6476 |            3.7174 |            2.8888 |            2.8762
 26316 |     49 | 2019-05-09 18:08:59   |       13.1239 |       18.3078 |       11.0164 |            1.6319 |            3.6795 |            2.8606 |            2.8444
 26316 |     50 | 2019-05-09 18:09:09   |       13.1222 |       18.3074 |       11.0103 |            1.6316 |            3.6784 |            2.8585 |            2.8419
 26316 |     51 | 2019-05-09 18:09:20.5 |       13.1263 |       18.3078 |       11.1513 |            1.6508 |            3.7264 |            2.8951 |            2.8789
 26316 |     52 | 2019-05-09 18:09:33   |       13.1272 |       18.3075 |       10.5733 |            1.5707 |            3.5277 |            2.7487 |            2.7261
 26316 |     53 | 2019-05-09 18:09:43.5 |       13.1292 |       18.3096 |       10.8807 |            1.6118 |            3.6321 |            2.8281 |            2.8086
 26316 |     54 | 2019-05-09 18:09:53   |        13.129 |       18.3076 |       11.1498 |            1.6509 |            3.7238 |            2.8946 |            2.8805
 26316 |     55 | 2019-05-09 18:10:02.5 |       13.1285 |       18.3095 |       11.1101 |            1.6473 |            3.7101 |            2.8857 |            2.8669
 26316 |     56 | 2019-05-09 18:10:12   |       13.1131 |       18.2994 |       11.1363 |            1.6419 |             3.726 |            2.8849 |            2.8836
 26316 |     57 | 2019-05-09 18:10:24.5 |       13.1307 |       18.3066 |       10.2836 |            1.5296 |            3.4303 |            2.6771 |            2.6467
 26316 |     58 | 2019-05-09 18:10:37   |       13.1274 |       18.3064 |       10.7666 |            1.5989 |            3.5927 |            2.7971 |            2.7779
 26316 |     59 | 2019-05-09 18:10:47   |       13.1256 |       18.3138 |       11.2101 |            1.6531 |             3.749 |            2.9072 |            2.9008
 26316 |     60 | 2019-05-09 18:10:57   |       13.1259 |       18.3091 |        11.184 |            1.6543 |            3.7362 |            2.9041 |            2.8895
 26316 |     61 | 2019-05-09 18:11:06.5 |        13.091 |       18.3064 |       11.1311 |            1.6466 |            3.7199 |            2.8861 |            2.8785
 26316 |     62 | 2019-05-09 18:11:17.5 |       13.1394 |       18.3128 |       11.5493 |            1.7023 |            3.8649 |            2.9948 |            2.9874
 26316 |     63 | 2019-05-09 18:11:30   |       13.1266 |       18.3074 |       10.2372 |            1.5232 |             3.414 |            2.6639 |            2.6361
 26316 |     64 | 2019-05-09 18:11:41   |       13.1238 |       18.3073 |       10.7275 |            1.5925 |            3.5802 |            2.7874 |            2.7675
 26316 |     65 | 2019-05-09 18:11:51   |       13.1268 |       18.3113 |       11.2304 |            1.6519 |            3.7582 |             2.907 |            2.9133
 26316 |     66 | 2019-05-09 18:12:01   |       13.1256 |       18.3086 |        11.116 |            1.6451 |            3.7138 |            2.8855 |            2.8716
 26316 |     67 | 2019-05-09 18:12:10.5 |       13.1315 |       18.3091 |       11.3743 |            1.6816 |            3.8007 |            2.9526 |            2.9395
 26316 |     68 | 2019-05-09 18:12:23   |       13.1274 |       18.3075 |       10.5091 |            1.5613 |            3.5076 |            2.7328 |            2.7074
 26316 |     69 | 2019-05-09 18:12:35   |       13.1264 |       18.3073 |       10.6807 |            1.5859 |            3.5644 |            2.7751 |            2.7553
 26316 |     70 | 2019-05-09 18:12:45.5 |       13.1254 |       18.3145 |       11.0236 |            1.6242 |            3.6879 |            2.8588 |            2.8527
 26316 |     71 | 2019-05-09 18:12:55   |       13.1256 |       18.3076 |       11.0285 |            1.6335 |            3.6833 |            2.8635 |            2.8482
 26316 |     72 | 2019-05-09 18:13:05   |       13.1246 |       18.3098 |       11.3822 |            1.6724 |             3.811 |            2.9452 |            2.9536
 26316 |     73 | 2019-05-09 18:13:14.5 |       13.1272 |       18.3072 |       11.2419 |            1.6646 |            3.7564 |            2.9179 |             2.903
 26316 |     74 | 2019-05-09 18:13:27.5 |       13.1142 |       18.3129 |       10.1039 |            1.4992 |            3.3738 |            2.6276 |            2.6032
 26316 |     75 | 2019-05-09 18:13:39.5 |       13.0867 |       18.3134 |        10.847 |            1.6019 |            3.6251 |            2.8167 |            2.8034
 26316 |     76 | 2019-05-09 18:13:48.5 |       13.1298 |       18.3068 |       10.9884 |             1.629 |            3.6689 |            2.8529 |            2.8376
 26316 |     77 | 2019-05-09 18:13:58.5 |       13.1292 |       18.3077 |       11.2295 |            1.6617 |            3.7509 |            2.9151 |            2.9017
 26316 |     78 | 2019-05-09 18:14:08   |       13.1184 |       18.2995 |       11.1057 |            1.6384 |            3.7163 |            2.8739 |            2.8771
 26316 |     79 | 2019-05-09 18:14:19.5 |       13.1284 |       18.3079 |       11.3947 |            1.6851 |            3.8084 |            2.9573 |             2.944
 26316 |     80 | 2019-05-09 18:14:32.5 |       13.1247 |       18.3071 |       10.4392 |            1.5522 |             3.482 |            2.7152 |            2.6898
 26316 |     81 | 2019-05-09 18:14:42.5 |       13.1258 |       18.3089 |        10.861 |            1.6069 |            3.6289 |            2.8155 |            2.8097
 26316 |     82 | 2019-05-09 18:14:52   |       13.1239 |       18.3077 |       10.9156 |             1.618 |             3.645 |             2.834 |            2.8186
 26316 |     83 | 2019-05-09 18:15:02   |       13.1303 |       18.3089 |       11.3085 |            1.6717 |            3.7781 |            2.9365 |            2.9223
 26316 |     84 | 2019-05-09 18:15:11.5 |       13.1227 |       18.3074 |       11.0635 |             1.639 |            3.6967 |            2.8714 |            2.8563
 26316 |     85 | 2019-05-09 18:15:24   |       13.0982 |        18.293 |        10.443 |            1.5416 |            3.4911 |            2.7091 |            2.7011
 26316 |     86 | 2019-05-09 18:15:37   |       13.1252 |       18.3064 |       10.7672 |            1.5976 |             3.594 |            2.7964 |            2.7792
 26316 |     87 | 2019-05-09 18:15:47   |       13.1313 |       18.3084 |       11.2002 |            1.6571 |            3.7404 |            2.9081 |            2.8945
 26316 |     88 | 2019-05-09 18:15:57   |       13.1114 |       18.2996 |       11.1049 |            1.6391 |            3.7126 |            2.8789 |            2.8742
 26316 |     89 | 2019-05-09 18:16:06.5 |       13.1393 |       18.3121 |       11.2158 |            1.6595 |            3.7461 |            2.9146 |            2.8955
 26316 |     90 | 2019-05-09 18:16:15.5 |       13.1255 |       18.3076 |       11.2406 |             1.664 |            3.7563 |            2.9171 |            2.9031
 26316 |     91 | 2019-05-09 18:16:29.5 |       13.0804 |       18.3143 |       10.2181 |             1.509 |            3.4144 |            2.6504 |            2.6443
 26316 |     92 | 2019-05-09 18:16:40.5 |       13.0307 |       18.3144 |       10.7375 |             1.586 |            3.5895 |            2.7788 |            2.7832
 26316 |     93 | 2019-05-09 18:16:50.5 |       13.1174 |       18.3081 |       10.9911 |            1.6281 |            3.6711 |            2.8526 |            2.8393
 26316 |     94 | 2019-05-09 18:17:00   |        13.132 |       18.3097 |        11.358 |            1.6788 |            3.7944 |            2.9487 |            2.9361
 26316 |     95 | 2019-05-09 18:17:09.5 |       13.1248 |       18.3074 |       11.1616 |            1.6535 |            3.7292 |            2.8964 |            2.8826
 26316 |     96 | 2019-05-09 18:17:21.5 |       13.1268 |       18.3065 |       10.9587 |            1.6244 |            3.6607 |            2.8462 |            2.8274
 26316 |     97 | 2019-05-09 18:17:34   |       13.1299 |        18.306 |       10.7596 |            1.5963 |            3.5914 |            2.7954 |            2.7766
 26316 |     98 | 2019-05-09 18:17:44   |       13.1288 |       18.3091 |       10.8616 |            1.6102 |            3.6257 |            2.8221 |            2.8037
 26316 |     99 | 2019-05-09 18:17:54   |       13.1293 |       18.3078 |       11.1364 |              1.65 |            3.7189 |             2.892 |            2.8755
 26316 |    100 | 2019-05-09 18:18:03.5 |       13.1264 |       18.3101 |       11.1723 |            1.6493 |            3.7342 |            2.8985 |            2.8903
 26316 |    101 | 2019-05-09 18:18:13   |       13.1282 |       18.3083 |       11.1963 |            1.6573 |            3.7412 |            2.9061 |            2.8918
 26316 |    102 | 2019-05-09 18:18:25.5 |       13.1302 |       18.3062 |       10.2493 |            1.5245 |            3.4188 |            2.6679 |             2.638
 26316 |    103 | 2019-05-09 18:18:38   |       13.1273 |       18.3065 |       10.8136 |            1.5988 |            3.6132 |            2.8055 |             2.796
 26316 |    104 | 2019-05-09 18:18:47.5 |       13.1296 |       18.3067 |       11.0761 |            1.6428 |            3.6971 |            2.8775 |            2.8587
 26316 |    105 | 2019-05-09 18:18:57   |       13.1241 |       18.3153 |       11.0761 |            1.6313 |            3.7062 |            2.8659 |            2.8727
 26316 |    106 | 2019-05-09 18:19:07   |       13.1268 |       18.3084 |       11.1622 |            1.6523 |            3.7293 |            2.8967 |            2.8838
 26316 |    107 | 2019-05-09 18:19:18.5 |       13.1256 |       18.3072 |       11.3331 |             1.677 |             3.788 |              2.94 |            2.9281
 26316 |    108 | 2019-05-09 18:19:31   |       13.1269 |       18.3069 |       10.2561 |             1.526 |            3.4205 |            2.6686 |             2.641
 26316 |    109 | 2019-05-09 18:19:41.5 |       13.1237 |       18.3082 |       10.6998 |            1.5877 |            3.5713 |            2.7797 |             2.761
 26316 |    110 | 2019-05-09 18:19:51   |       13.1309 |       18.3074 |       11.1815 |            1.6552 |            3.7342 |             2.903 |            2.8891
 26316 |    111 | 2019-05-09 18:20:01   |       13.1239 |       18.3075 |        11.015 |            1.6318 |             3.679 |            2.8596 |            2.8446
 26316 |    112 | 2019-05-09 18:20:11   |       13.1257 |       18.3065 |       11.1634 |            1.6537 |            3.7297 |            2.8973 |            2.8827
 26316 |    113 | 2019-05-09 18:20:23   |       13.1224 |       18.3069 |       10.6233 |            1.5776 |            3.5472 |            2.7606 |            2.7379
 26316 |    114 | 2019-05-09 18:20:35.5 |       13.1267 |       18.3075 |       10.6599 |            1.5826 |            3.5571 |            2.7704 |            2.7498
 26316 |    115 | 2019-05-09 18:20:46   |       13.1284 |       18.3078 |       11.0084 |            1.6314 |            3.6758 |            2.8582 |             2.843
 26316 |    116 | 2019-05-09 18:20:56   |        13.132 |       18.3095 |         11.32 |            1.6734 |            3.7816 |            2.9394 |            2.9256
 26316 |    117 | 2019-05-09 18:21:05.5 |       13.1252 |       18.3071 |       11.0748 |            1.6402 |            3.6993 |            2.8752 |              2.86
 26316 |    118 | 2019-05-09 18:21:14.5 |        13.127 |       18.3078 |       11.1882 |             1.658 |            3.7372 |            2.9054 |            2.8876
 26316 |    119 | 2019-05-09 18:21:26.5 |       13.1067 |       18.3055 |        9.8525 |            1.4691 |             3.286 |            2.5642 |            2.5331
 26316 |    120 | 2019-05-09 18:21:39   |       13.1267 |       18.3096 |       10.6132 |            1.5772 |            3.5409 |            2.7589 |            2.7362
 26316 |    121 | 2019-05-09 18:21:49   |         13.13 |        18.308 |       11.1056 |            1.6454 |             3.708 |            2.8844 |            2.8678
 26316 |    122 | 2019-05-09 18:21:59   |       13.1215 |       18.3036 |       11.1747 |            1.6506 |            3.7352 |            2.8964 |            2.8926
 26316 |    123 | 2019-05-09 18:22:09   |       13.0897 |       18.3064 |       11.1901 |            1.6537 |            3.7407 |            2.9003 |            2.8953
 26316 |    124 | 2019-05-09 18:22:20.5 |       13.1305 |       18.3078 |       11.3672 |            1.6819 |            3.7992 |            2.9496 |            2.9365
 26316 |    125 | 2019-05-09 18:22:32.5 |       13.1255 |       18.3068 |       10.4228 |            1.5492 |            3.4766 |            2.7103 |            2.6867
 26316 |    126 | 2019-05-09 18:22:43   |       13.0928 |       18.2998 |       10.7456 |            1.5922 |            3.5887 |            2.7875 |            2.7772
 26316 |    127 | 2019-05-09 18:22:53   |       13.1363 |       18.3154 |       11.1981 |            1.6518 |            3.7448 |            2.9002 |            2.9013
 26316 |    128 | 2019-05-09 18:23:03   |       13.1212 |       18.3072 |       10.9902 |            1.6276 |            3.6708 |            2.8533 |            2.8384
 26316 |    129 | 2019-05-09 18:23:12.5 |       13.1208 |       18.3053 |       11.3249 |            1.6757 |            3.7848 |            2.9372 |            2.9272
 26316 |    130 | 2019-05-09 18:23:24.5 |       13.1237 |       18.3098 |       10.2453 |            1.5237 |            3.4193 |            2.6657 |            2.6367
 26316 |    131 | 2019-05-09 18:23:37   |       13.1298 |       18.3092 |        10.756 |            1.5956 |            3.5895 |            2.7956 |            2.7752
 26316 |    132 | 2019-05-09 18:23:47   |        13.124 |       18.3072 |       10.8178 |            1.6043 |            3.6108 |              2.81 |            2.7926
 26316 |    133 | 2019-05-09 18:23:56.5 |       13.1242 |       18.3059 |        10.959 |            1.6239 |            3.6596 |            2.8454 |              2.83
 26316 |    134 | 2019-05-09 18:24:06   |       13.1321 |       18.3087 |        11.376 |            1.6817 |            3.8006 |            2.9533 |            2.9404
 26316 |    135 | 2019-05-09 18:24:16   |       13.1297 |       18.3057 |        11.353 |            1.6804 |            3.7942 |            2.9451 |            2.9333
 26316 |    136 | 2019-05-09 18:24:28.5 |       13.1307 |       18.3085 |        9.9598 |            1.4854 |            3.3188 |            2.5956 |            2.5599
 26316 |    137 | 2019-05-09 18:24:41   |        13.124 |       18.3081 |       10.7206 |            1.5914 |            3.5783 |            2.7846 |            2.7663
 26316 |    138 | 2019-05-09 18:24:51   |       13.1318 |       18.3089 |       11.2274 |             1.661 |            3.7498 |            2.9152 |            2.9014
 26316 |    139 | 2019-05-09 18:25:00.5 |       13.1222 |       18.3076 |       10.9563 |            1.6231 |            3.6593 |             2.845 |            2.8289
 26316 |    140 | 2019-05-09 18:25:10.5 |       13.1314 |        18.308 |        11.341 |            1.6766 |            3.7895 |            2.9439 |             2.931
 26316 |    141 | 2019-05-09 18:25:22   |       13.1259 |       18.3079 |       11.0143 |             1.632 |            3.6799 |            2.8602 |            2.8422
 26316 |    142 | 2019-05-09 18:25:34.5 |        13.126 |       18.3078 |       10.5553 |            1.5677 |            3.5224 |            2.7433 |            2.7219
 26316 |    143 | 2019-05-09 18:25:45   |       13.1306 |       18.3084 |       11.0631 |            1.6386 |            3.6941 |            2.8731 |            2.8573
 26316 |    144 | 2019-05-09 18:25:55   |       13.1242 |       18.3069 |       10.9689 |            1.6252 |            3.6637 |            2.8477 |            2.8324
 26316 |    145 | 2019-05-09 18:26:04.5 |       13.1309 |       18.3071 |       11.2869 |            1.6691 |             3.771 |              2.93 |            2.9168
 26316 |    146 | 2019-05-09 18:26:14.5 |       13.1311 |       18.3073 |        11.319 |            1.6745 |            3.7824 |             2.938 |            2.9241
 26316 |    147 | 2019-05-09 18:26:26.5 |        13.128 |       18.3076 |       10.0252 |            1.4937 |            3.3424 |            2.6109 |            2.5781
 26316 |    148 | 2019-05-09 18:26:39   |       13.0891 |       18.2948 |       10.7504 |            1.5882 |            3.5925 |            2.7863 |            2.7834
 26316 |    149 | 2019-05-09 18:26:48.5 |       13.1349 |       18.3139 |       11.1707 |            1.6508 |            3.7322 |            2.9008 |            2.8868
 26316 |    150 | 2019-05-09 18:26:59.5 |       13.1246 |       18.3098 |       10.9551 |            1.6208 |            3.6595 |            2.8398 |            2.8349
 26316 |    151 | 2019-05-09 18:27:09   |       13.1246 |       18.3088 |       11.4392 |            1.6861 |            3.8266 |            2.9658 |            2.9608
 26316 |    152 | 2019-05-09 18:27:19.5 |       13.1238 |       18.3075 |       11.2841 |            1.6694 |            3.7718 |            2.9277 |            2.9151
 26316 |    153 | 2019-05-09 18:27:32   |       13.1226 |       18.3131 |       10.2171 |             1.516 |            3.4105 |            2.6514 |            2.6392
 26316 |    154 | 2019-05-09 18:27:42.5 |       13.1225 |       18.3179 |       11.0323 |             1.625 |            3.6895 |            2.8571 |            2.8608
 26316 |    155 | 2019-05-09 18:27:52   |       13.1238 |       18.3074 |       10.9034 |            1.6159 |            3.6412 |            2.8311 |            2.8153
 26316 |    156 | 2019-05-09 18:28:02   |       13.1357 |       18.3089 |       11.3518 |            1.6792 |            3.7921 |            2.9473 |            2.9333
 26316 |    157 | 2019-05-09 18:28:12   |       13.0624 |       18.2941 |       11.1253 |            1.6397 |            3.7249 |            2.8753 |            2.8854
 26316 |    158 | 2019-05-09 18:28:24   |       13.1265 |       18.3054 |       10.5484 |            1.5661 |            3.5213 |            2.7427 |            2.7184
 26316 |    159 | 2019-05-09 18:28:36.5 |       13.1284 |       18.3071 |       10.7788 |            1.5989 |            3.5979 |               2.8 |             2.782
 26316 |    160 | 2019-05-09 18:28:46.5 |       13.1314 |       18.3097 |        11.205 |            1.6563 |            3.7422 |            2.9105 |             2.896
 26316 |    161 | 2019-05-09 18:28:56   |       13.1255 |       18.3071 |       11.0301 |             1.634 |             3.684 |            2.8639 |            2.8482
 26316 |    162 | 2019-05-09 18:29:06   |       13.0566 |       18.2921 |       11.0271 |            1.6245 |            3.6915 |            2.8501 |             2.861
 26316 |    163 | 2019-05-09 18:29:16   |       13.1224 |       18.3075 |       11.0756 |            1.6408 |            3.7008 |            2.8749 |            2.8591
 26316 |    164 | 2019-05-09 18:29:28.5 |       13.1301 |       18.3094 |       10.0972 |            1.5026 |            3.3668 |              2.63 |            2.5978
 26316 |    165 | 2019-05-09 18:29:40.5 |       13.1249 |       18.3073 |       10.7219 |            1.5918 |            3.5784 |            2.7859 |            2.7658
 26316 |    166 | 2019-05-09 18:29:50   |       13.1273 |       18.3064 |       11.1187 |            1.6438 |            3.7148 |            2.8849 |            2.8753
 26316 |    167 | 2019-05-09 18:29:59.5 |       13.1289 |       18.3088 |       11.1226 |            1.6457 |            3.7154 |            2.8883 |            2.8732
 26316 |    168 | 2019-05-09 18:30:09   |       13.1293 |       18.3085 |       11.1599 |            1.6511 |            3.7282 |            2.8979 |            2.8827
 26316 |    169 | 2019-05-09 18:30:21   |       13.0979 |       18.3119 |       11.4064 |            1.6781 |            3.8201 |            2.9541 |            2.9542
 26316 |    170 | 2019-05-09 18:30:33.5 |       13.1125 |       18.3066 |       10.6241 |            1.5749 |            3.5461 |            2.7601 |            2.7429
 26316 |    171 | 2019-05-09 18:30:44   |       13.1382 |       18.3086 |       10.8858 |            1.6141 |            3.6332 |            2.8298 |            2.8088
 26316 |    172 | 2019-05-09 18:30:54   |       13.1297 |       18.3071 |       11.2036 |            1.6588 |            3.7418 |             2.908 |             2.895
 26316 |    173 | 2019-05-09 18:31:03.5 |       13.1249 |       18.3083 |       11.0595 |            1.6373 |            3.6943 |            2.8714 |            2.8566
 26316 |    174 | 2019-05-09 18:31:13   |       13.1269 |       18.3105 |       11.3337 |            1.6756 |            3.7889 |            2.9386 |            2.9306
 26316 |    175 | 2019-05-09 18:31:25.5 |       13.1307 |       18.3052 |       10.4526 |            1.5543 |            3.4878 |            2.7192 |            2.6912
 26316 |    176 | 2019-05-09 18:31:38   |       13.1294 |       18.3078 |       10.8369 |            1.6074 |            3.6174 |            2.8153 |            2.7968
 26316 |    177 | 2019-05-09 18:31:48   |       13.1074 |       18.3003 |       10.9881 |            1.6182 |            3.6749 |            2.8449 |            2.8501
 26316 |    178 | 2019-05-09 18:31:58   |       13.1238 |       18.3073 |       11.0145 |             1.631 |            3.6793 |            2.8593 |            2.8449
 26316 |    179 | 2019-05-09 18:32:07.5 |       13.1312 |       18.3092 |        11.197 |            1.6565 |            3.7402 |            2.9083 |             2.892
 26316 |    180 | 2019-05-09 18:32:18.5 |       13.1248 |       18.3081 |       11.2715 |            1.6677 |            3.7669 |            2.9253 |            2.9115
 26316 |    181 | 2019-05-09 18:32:31.5 |       13.1297 |       18.3047 |       10.3267 |            1.5359 |             3.444 |            2.6869 |            2.6599
 26316 |    182 | 2019-05-09 18:32:43   |       13.1273 |       18.3059 |        10.845 |            1.6095 |            3.6195 |            2.8184 |            2.7977
 26316 |    183 | 2019-05-09 18:32:52   |       13.1224 |        18.309 |       11.0674 |            1.6279 |            3.7045 |            2.8663 |            2.8687
 26316 |    184 | 2019-05-09 18:33:01   |       13.1298 |       18.3078 |       11.2415 |             1.664 |            3.7549 |             2.918 |            2.9046
 26316 |    185 | 2019-05-09 18:33:11   |       13.1288 |       18.3056 |       11.2949 |            1.6715 |            3.7746 |            2.9306 |            2.9182
 26316 |    186 | 2019-05-09 18:33:23   |       13.1231 |       18.3074 |       10.9095 |            1.6171 |            3.6444 |            2.8333 |            2.8147
 26316 |    187 | 2019-05-09 18:33:35.5 |       13.1247 |       18.3067 |       10.5726 |            1.5697 |            3.5281 |            2.7476 |            2.7271
 26316 |    188 | 2019-05-09 18:33:46   |       13.0876 |       18.2994 |       10.7588 |            1.5881 |            3.5982 |            2.7827 |            2.7899
 26316 |    189 | 2019-05-09 18:33:55.5 |       13.1332 |       18.3088 |       11.1566 |             1.652 |            3.7257 |            2.8978 |            2.8811
 26316 |    190 | 2019-05-09 18:34:05   |       13.1469 |       18.3091 |       11.0514 |            1.6381 |            3.6907 |            2.8711 |            2.8516
 26316 |    191 | 2019-05-09 18:34:15   |       13.0731 |       18.3035 |       11.2098 |            1.6562 |             3.749 |            2.9037 |            2.9009
 26316 |    192 | 2019-05-09 18:34:27.5 |       13.1275 |       18.3071 |        9.9766 |             1.486 |            3.3268 |            2.5987 |             2.565
 26316 |    193 | 2019-05-09 18:34:39.5 |       13.1248 |       18.3072 |       10.7389 |            1.5935 |            3.5847 |            2.7893 |            2.7714
 26316 |    194 | 2019-05-09 18:34:49   |       13.1323 |        18.308 |       11.0774 |            1.6402 |            3.6987 |            2.8772 |            2.8613
 26316 |    195 | 2019-05-09 18:34:59   |       13.1209 |       18.3081 |       10.9259 |            1.6188 |            3.6491 |            2.8371 |            2.8209
 26316 |    196 | 2019-05-09 18:35:09   |       13.1038 |        18.309 |       11.4221 |            1.6854 |            3.8197 |             2.962 |            2.9549
 26316 |    197 | 2019-05-09 18:35:20.5 |       13.1035 |       18.2933 |        11.478 |            1.6889 |            3.8429 |            2.9696 |            2.9766
 26316 |    198 | 2019-05-09 18:35:32.5 |       13.1232 |       18.3075 |       10.1894 |            1.5169 |            3.3982 |            2.6505 |            2.6237
 26316 |    199 | 2019-05-09 18:35:43   |       13.1235 |       18.3082 |       10.6935 |            1.5868 |            3.5692 |            2.7783 |            2.7593
 26316 |    200 | 2019-05-09 18:35:53   |       13.1295 |       18.3075 |       11.1613 |            1.6522 |            3.7276 |            2.8974 |            2.8841
 26316 |    201 | 2019-05-09 18:36:03   |        13.122 |       18.3076 |       10.9404 |            1.6206 |            3.6545 |            2.8406 |            2.8247
 26316 |    202 | 2019-05-09 18:36:12.5 |       13.1327 |       18.3097 |       11.4679 |            1.6949 |             3.833 |            2.9762 |            2.9638
 26316 |    203 | 2019-05-09 18:36:24.5 |       13.1268 |       18.3074 |       10.6226 |            1.5771 |            3.5463 |            2.7615 |            2.7377
 26316 |    204 | 2019-05-09 18:36:37   |       13.1266 |       18.3076 |       10.6859 |             1.586 |            3.5662 |            2.7765 |            2.7572
 26316 |    205 | 2019-05-09 18:36:47   |       13.1305 |       18.3087 |       10.9455 |            1.6216 |            3.6541 |            2.8441 |            2.8257
 26316 |    206 | 2019-05-09 18:36:57   |       13.1257 |        18.308 |       11.0304 |            1.6335 |            3.6842 |            2.8638 |            2.8489
 26316 |    207 | 2019-05-09 18:37:06.5 |       13.1218 |       18.3078 |       10.9081 |             1.616 |            3.6428 |            2.8331 |            2.8162
 26316 |    208 | 2019-05-09 18:37:16   |       13.1284 |        18.307 |       11.2889 |            1.6713 |            3.7726 |            2.9291 |             2.916
 26316 |    209 | 2019-05-09 18:37:28.5 |       13.1273 |       18.3074 |        9.9694 |            1.4856 |            3.3234 |            2.5969 |            2.5636
 26316 |    210 | 2019-05-09 18:37:41   |        13.126 |       18.3074 |       10.7488 |            1.5959 |            3.5871 |            2.7934 |            2.7725
 26316 |    211 | 2019-05-09 18:37:50.5 |       13.1259 |       18.3097 |       11.1847 |            1.6505 |            3.7382 |            2.9013 |            2.8947
 26316 |    212 | 2019-05-09 18:38:00   |       13.1254 |       18.3054 |       11.0998 |            1.6435 |            3.7082 |            2.8803 |            2.8678
 26316 |    213 | 2019-05-09 18:38:10   |       13.1296 |       18.3083 |       11.1672 |            1.6527 |            3.7305 |               2.9 |             2.884
 26316 |    214 | 2019-05-09 18:38:21.5 |       13.1381 |       18.3069 |       11.5194 |            1.7036 |            3.8505 |            2.9898 |            2.9755
 26316 |    215 | 2019-05-09 18:38:34   |       13.1426 |       18.3099 |       10.7731 |            1.5966 |            3.5949 |            2.8026 |            2.7791
 26316 |    216 | 2019-05-09 18:38:44.5 |       13.1191 |       18.3145 |       10.9997 |            1.6216 |            3.6775 |            2.8554 |            2.8453
 26316 |    217 | 2019-05-09 18:38:54   |       13.1306 |       18.3069 |       10.9818 |            1.6281 |            3.6667 |            2.8521 |            2.8349
 26316 |    218 | 2019-05-09 18:39:04   |       13.0795 |       18.2972 |        11.223 |            1.6479 |            3.7582 |            2.9032 |            2.9137
 26316 |    219 | 2019-05-09 18:39:14   |       13.1288 |       18.3066 |       11.2422 |             1.665 |            3.7554 |            2.9185 |            2.9033
 26316 |    220 | 2019-05-09 18:39:26.5 |       13.1248 |       18.3078 |       10.2738 |            1.5278 |             3.428 |            2.6734 |            2.6446
 26316 |    221 | 2019-05-09 18:39:39   |       13.1256 |       18.3076 |       10.7056 |            1.5882 |            3.5732 |            2.7814 |            2.7628
 26316 |    222 | 2019-05-09 18:39:48.5 |       13.1312 |       18.3085 |       11.1469 |            1.6496 |            3.7226 |            2.8946 |            2.8802
 26316 |    223 | 2019-05-09 18:39:58   |       13.1242 |       18.3079 |       10.9767 |             1.626 |            3.6659 |              2.85 |            2.8348
 26316 |    224 | 2019-05-09 18:40:08   |       13.1398 |       18.3151 |       11.1448 |            1.6495 |            3.7224 |            2.8957 |            2.8773
 26316 |    225 | 2019-05-09 18:40:19.5 |        13.115 |        18.305 |       11.5307 |            1.6962 |              3.86 |            2.9857 |            2.9888
 26316 |    226 | 2019-05-09 18:40:32   |       13.1315 |       18.3081 |       10.6535 |            1.5814 |            3.5547 |              2.77 |            2.7474
 26316 |    227 | 2019-05-09 18:40:42.5 |       13.1349 |       18.3101 |       10.8934 |            1.6116 |            3.6367 |            2.8323 |            2.8128
 26316 |    228 | 2019-05-09 18:40:52   |       13.1276 |       18.3081 |        11.076 |            1.6402 |            3.6995 |            2.8751 |            2.8612
 26316 |    229 | 2019-05-09 18:41:02   |       13.1234 |       18.3151 |       11.1469 |            1.6424 |            3.7294 |             2.891 |            2.8842
 26316 |    230 | 2019-05-09 18:41:11.5 |       13.1272 |       18.3067 |       11.2034 |            1.6594 |            3.7425 |            2.9082 |            2.8933
 26316 |    231 | 2019-05-09 18:41:23.5 |       13.1278 |       18.3069 |       11.1967 |            1.6576 |             3.741 |            2.9069 |            2.8912
 26316 |    232 | 2019-05-09 18:41:36   |       13.1307 |       18.3057 |       10.7547 |            1.5974 |            3.5877 |             2.796 |            2.7736
 26316 |    233 | 2019-05-09 18:41:46   |       13.1221 |       18.3067 |       10.9891 |            1.6237 |            3.6733 |            2.8471 |             2.845
 26316 |    234 | 2019-05-09 18:41:56   |       13.1205 |       18.3118 |       11.0142 |            1.6235 |            3.6835 |            2.8526 |            2.8546
 26316 |    235 | 2019-05-09 18:42:06   |       13.1352 |        18.309 |       11.4304 |              1.69 |            3.8179 |            2.9694 |            2.9531
 26316 |    236 | 2019-05-09 18:42:15.5 |       13.1298 |       18.3087 |       11.1822 |            1.6527 |            3.7377 |            2.9027 |            2.8891
 26316 |    237 | 2019-05-09 18:42:27.5 |       13.1126 |       18.3057 |       10.3388 |            1.5274 |            3.4552 |            2.6809 |            2.6754
 26316 |    238 | 2019-05-09 18:42:40   |       13.1248 |       18.2923 |       10.7514 |            1.5923 |            3.5894 |            2.7884 |            2.7814
 26316 |    239 | 2019-05-09 18:42:49.5 |        13.127 |       18.3077 |       10.8893 |            1.6151 |            3.6351 |            2.8284 |            2.8108
 26316 |    240 | 2019-05-09 18:42:59   |       13.1015 |        18.299 |        11.113 |            1.6359 |            3.7189 |            2.8758 |            2.8823
 26316 |    241 | 2019-05-09 18:43:09   |       13.1325 |       18.3106 |       11.2003 |            1.6579 |             3.741 |            2.9092 |            2.8922
 26316 |    242 | 2019-05-09 18:43:20.5 |       13.1326 |       18.3102 |       11.5458 |            1.7047 |            3.8594 |            2.9974 |            2.9843
 26316 |    243 | 2019-05-09 18:43:33   |       13.1292 |       18.3058 |       10.4175 |            1.5485 |            3.4751 |            2.7087 |            2.6852
 26316 |    244 | 2019-05-09 18:43:44   |        13.131 |       18.3081 |       10.9123 |            1.6186 |            3.6425 |            2.8349 |            2.8163
 26316 |    245 | 2019-05-09 18:43:53.5 |       13.1235 |       18.3077 |       10.8798 |            1.6126 |            3.6326 |            2.8256 |             2.809
 26316 |    246 | 2019-05-09 18:44:03   |        13.127 |       18.3073 |       11.1673 |            1.6527 |            3.7304 |            2.8988 |            2.8854
 26316 |    247 | 2019-05-09 18:44:13   |       13.1309 |       18.3088 |       11.2416 |            1.6634 |            3.7558 |            2.9189 |            2.9035
 26316 |    248 | 2019-05-09 18:44:25   |       13.1251 |       18.3078 |       10.7185 |            1.5899 |            3.5792 |            2.7856 |            2.7638
 26316 |    249 | 2019-05-09 18:44:37.5 |       13.1254 |       18.3095 |       10.6588 |            1.5821 |            3.5572 |              2.77 |            2.7496
 26316 |    250 | 2019-05-09 18:44:48   |       13.1319 |       18.3094 |       11.1471 |              1.65 |            3.7223 |            2.8951 |            2.8797
 26316 |    251 | 2019-05-09 18:44:57.5 |       13.1229 |       18.3078 |       10.9215 |            1.6189 |            3.6471 |            2.8357 |            2.8198
 26316 |    252 | 2019-05-09 18:45:07   |       13.1301 |       18.3071 |        11.279 |             1.668 |            3.7681 |            2.9277 |            2.9153
 26316 |    253 | 2019-05-09 18:45:17   |       13.1237 |        18.307 |        11.145 |            1.6509 |            3.7238 |            2.8921 |            2.8782
 26316 |    254 | 2019-05-09 18:45:29   |       13.0945 |          18.3 |       10.2131 |            1.5096 |            3.4127 |             2.649 |            2.6419
 26316 |    255 | 2019-05-09 18:45:41   |       13.1236 |       18.3064 |        10.748 |            1.5956 |             3.587 |            2.7914 |             2.774
 26316 |    256 | 2019-05-09 18:45:51   |       13.1295 |       18.3085 |       11.0412 |            1.6348 |            3.6871 |            2.8671 |            2.8522
 26316 |    257 | 2019-05-09 18:46:00.5 |       13.1238 |       18.3054 |       11.0017 |            1.6278 |            3.6753 |            2.8529 |            2.8457
 26316 |    258 | 2019-05-09 18:46:10   |       13.1238 |       18.3053 |       11.0702 |            1.6372 |            3.6992 |            2.8693 |            2.8645
 26316 |    259 | 2019-05-09 18:46:21.5 |       13.1207 |       18.3073 |       11.1393 |            1.6494 |            3.7225 |             2.891 |            2.8765
 26316 |    260 | 2019-05-09 18:46:34   |       13.1305 |       18.3097 |       10.4165 |            1.5474 |            3.4741 |            2.7107 |            2.6844
 26316 |    261 | 2019-05-09 18:46:45   |       13.1318 |       18.3094 |       11.0203 |            1.6307 |            3.6794 |            2.8636 |            2.8466
 26316 |    262 | 2019-05-09 18:46:55   |       13.1238 |       18.3023 |       10.9112 |            1.6154 |            3.6443 |              2.83 |            2.8215
 26316 |    263 | 2019-05-09 18:47:04.5 |        13.139 |       18.3122 |       11.4732 |            1.6932 |            3.8333 |            2.9818 |            2.9649
 26316 |    264 | 2019-05-09 18:47:14   |       13.0867 |        18.294 |       11.1004 |             1.639 |            3.7134 |            2.8724 |            2.8757
 26316 |    265 | 2019-05-09 18:47:26.5 |       13.1288 |       18.3071 |       10.4105 |            1.5472 |            3.4737 |            2.7084 |            2.6811
 26316 |    266 | 2019-05-09 18:47:39   |       13.1265 |        18.307 |        10.723 |            1.5914 |            3.5788 |            2.7856 |            2.7672
 26316 |    267 | 2019-05-09 18:47:48.5 |        13.132 |       18.3097 |       11.2045 |            1.6558 |             3.742 |            2.9108 |            2.8959
 26316 |    268 | 2019-05-09 18:47:57.5 |       13.1244 |        18.308 |       10.9957 |            1.6291 |            3.6725 |            2.8544 |            2.8398
(269 rows)

