  run  | subrun |         time          | step1_voltage | step2_voltage | total_current | pos_2step_current | pos_1step_current | neg_2step_current | neg_1step_current 
-------+--------+-----------------------+---------------+---------------+---------------+-------------------+-------------------+-------------------+-------------------
 27188 |      0 | 2019-06-21 18:42:15   |       13.1442 |       18.3104 |       11.0151 |            1.6375 |            3.6775 |            2.8589 |            2.8412
 27188 |      1 | 2019-06-21 18:42:26   |       13.1416 |         18.31 |       11.2308 |            1.6669 |            3.7511 |            2.9137 |            2.8992
 27188 |      2 | 2019-06-21 18:42:38.5 |       13.0605 |       18.2941 |       10.4458 |            1.5509 |            3.4868 |            2.7058 |            2.7023
 27188 |      3 | 2019-06-21 18:42:49   |       13.1436 |       18.3097 |       10.7321 |             1.597 |            3.5801 |            2.7874 |            2.7677
 27188 |      4 | 2019-06-21 18:42:59   |       13.1473 |        18.311 |       10.9398 |            1.6258 |            3.6507 |            2.8408 |            2.8226
 27188 |      5 | 2019-06-21 18:43:08.5 |        13.149 |       18.3106 |       11.1355 |            1.6544 |            3.7174 |            2.8898 |            2.8738
 27188 |      6 | 2019-06-21 18:43:18   |       13.1483 |       18.3102 |       11.1788 |            1.6602 |            3.7328 |            2.9014 |            2.8844
 27188 |      7 | 2019-06-21 18:43:30   |        13.151 |       18.3109 |       10.8459 |            1.6116 |            3.6199 |            2.8195 |             2.795
 27188 |      8 | 2019-06-21 18:43:42.5 |       13.1491 |       18.3101 |       10.6954 |            1.5922 |            3.5668 |            2.7794 |             2.757
 27188 |      9 | 2019-06-21 18:43:53   |       13.1484 |       18.3101 |       10.9144 |            1.6222 |            3.6417 |            2.8345 |             2.816
 27188 |     10 | 2019-06-21 18:44:02.5 |       13.1476 |       18.3105 |       11.0017 |            1.6348 |            3.6716 |            2.8563 |            2.8389
 27188 |     11 | 2019-06-21 18:44:12   |       13.1464 |       18.3104 |       11.0127 |            1.6368 |            3.6759 |            2.8588 |            2.8412
 27188 |     12 | 2019-06-21 18:44:22   |       13.1467 |       18.3105 |       11.1174 |            1.6512 |            3.7121 |            2.8858 |            2.8682
 27188 |     13 | 2019-06-21 18:44:34.5 |       13.1522 |       18.3088 |        10.044 |            1.5006 |            3.3456 |            2.6168 |             2.581
 27188 |     14 | 2019-06-21 18:44:47   |       13.1451 |       18.3101 |       10.6402 |            1.5843 |            3.5481 |            2.7651 |            2.7427
 27188 |     15 | 2019-06-21 18:44:56.5 |       13.1464 |         18.31 |       10.8731 |            1.6163 |            3.6281 |            2.8238 |             2.805
 27188 |     16 | 2019-06-21 18:45:06   |       13.1548 |       18.3134 |       11.1202 |            1.6502 |            3.7104 |            2.8897 |            2.8698
 27188 |     17 | 2019-06-21 18:45:16   |       13.1431 |       18.3095 |       10.9861 |            1.6342 |            3.6672 |            2.8515 |            2.8332
 27188 |     18 | 2019-06-21 18:45:28   |       13.1466 |       18.3096 |       11.2713 |            1.6729 |            3.7644 |            2.9246 |            2.9094
 27188 |     19 | 2019-06-21 18:45:40.5 |       13.1495 |       18.3097 |       10.4791 |            1.5616 |             3.493 |            2.7252 |            2.6993
 27188 |     20 | 2019-06-21 18:45:51   |       13.1456 |       18.3104 |       10.7528 |            1.6002 |            3.5863 |            2.7935 |            2.7728
 27188 |     21 | 2019-06-21 18:46:00.5 |       13.1467 |       18.3105 |       10.9219 |            1.6227 |            3.6445 |            2.8366 |            2.8181
 27188 |     22 | 2019-06-21 18:46:10   |       13.1508 |       18.3124 |       11.1338 |            1.6532 |            3.7178 |            2.8891 |            2.8737
 27188 |     23 | 2019-06-21 18:46:20   |       13.0671 |       18.2956 |       11.0588 |            1.6351 |            3.6993 |            2.8594 |             2.865
 27188 |     24 | 2019-06-21 18:46:32.5 |       13.1479 |       18.3094 |       10.2961 |            1.5358 |            3.4327 |            2.6792 |            2.6485
 27188 |     25 | 2019-06-21 18:46:45   |       13.1176 |       18.3135 |       10.7048 |            1.5848 |            3.5768 |             2.777 |            2.7662
 27188 |     26 | 2019-06-21 18:46:54.5 |       13.1447 |       18.3103 |       10.7887 |            1.6043 |            3.5994 |            2.8024 |            2.7827
 27188 |     27 | 2019-06-21 18:47:04   |       13.1449 |       18.3103 |        10.902 |            1.6206 |            3.6379 |            2.8312 |            2.8123
 27188 |     28 | 2019-06-21 18:47:14   |       13.1451 |       18.3105 |       11.0219 |             1.638 |            3.6796 |            2.8608 |            2.8435
 27188 |     29 | 2019-06-21 18:47:25.5 |        13.146 |       18.3101 |       11.2637 |            1.6714 |            3.7622 |            2.9225 |            2.9075
 27188 |     30 | 2019-06-21 18:47:38   |       13.0922 |       18.2987 |       10.2945 |            1.5259 |            3.4377 |            2.6694 |            2.6616
 27188 |     31 | 2019-06-21 18:47:48.5 |       13.1505 |       18.3107 |       10.8276 |            1.6103 |            3.6117 |            2.8128 |            2.7928
 27188 |     32 | 2019-06-21 18:47:58   |       13.1498 |       18.3101 |       11.0393 |            1.6396 |            3.6842 |            2.8662 |            2.8493
 27188 |     33 | 2019-06-21 18:48:08   |       13.1502 |       18.3099 |       11.1209 |            1.6505 |            3.7118 |            2.8876 |            2.8711
 27188 |     34 | 2019-06-21 18:48:17.5 |       13.1439 |       18.3108 |       11.0042 |             1.635 |            3.6741 |            2.8566 |            2.8386
 27188 |     35 | 2019-06-21 18:48:29   |        13.147 |       18.3105 |       11.1848 |            1.6593 |             3.736 |            2.9032 |            2.8863
 27188 |     36 | 2019-06-21 18:48:42   |       13.1483 |       18.3104 |       10.5793 |            1.5752 |             3.528 |            2.7501 |             2.726
 27188 |     37 | 2019-06-21 18:48:52   |       13.1465 |       18.3105 |       10.7871 |            1.6046 |            3.5985 |            2.8021 |            2.7818
 27188 |     38 | 2019-06-21 18:49:02   |       13.1469 |       18.3102 |       10.9459 |            1.6263 |            3.6526 |            2.8426 |            2.8243
 27188 |     39 | 2019-06-21 18:49:12   |       13.1528 |       18.3108 |       11.3161 |            1.6794 |            3.7786 |            2.9367 |            2.9214
 27188 |     40 | 2019-06-21 18:49:21.5 |       13.1527 |       18.3112 |       11.3374 |            1.6817 |            3.7864 |            2.9426 |            2.9268
 27188 |     41 | 2019-06-21 18:49:33.5 |       13.1604 |       18.3129 |       10.2208 |            1.5214 |            3.4066 |            2.6644 |            2.6284
 27188 |     42 | 2019-06-21 18:49:46   |       13.1524 |       18.3091 |       10.9243 |             1.624 |            3.6444 |            2.8372 |            2.8186
 27188 |     43 | 2019-06-21 18:49:56   |        13.153 |       18.3105 |       11.1245 |            1.6517 |            3.7125 |            2.8886 |            2.8718
 27188 |     44 | 2019-06-21 18:50:06   |       13.1439 |       18.3099 |       10.8668 |            1.6151 |            3.6266 |            2.8221 |             2.803
 27188 |     45 | 2019-06-21 18:50:15.5 |       13.1547 |       18.3118 |       11.4321 |            1.6957 |             3.818 |            2.9664 |             2.952
 27188 |     46 | 2019-06-21 18:50:27   |       13.1638 |       18.3129 |       11.4255 |            1.6954 |             3.816 |            2.9652 |            2.9488
 27188 |     47 | 2019-06-21 18:50:39.5 |       13.1599 |       18.3134 |       10.5132 |            1.5666 |            3.5037 |            2.7359 |            2.7069
 27188 |     48 | 2019-06-21 18:50:50   |       13.1481 |       18.3101 |       10.7795 |            1.6034 |            3.5954 |            2.8005 |            2.7801
 27188 |     49 | 2019-06-21 18:50:59.5 |       13.1484 |       18.3107 |       10.9807 |            1.6313 |            3.6643 |            2.8512 |            2.8339
 27188 |     50 | 2019-06-21 18:51:09   |        13.148 |       18.3106 |       11.0189 |            1.6369 |            3.6774 |            2.8609 |            2.8437
 27188 |     51 | 2019-06-21 18:51:19   |       13.1532 |       18.3124 |       11.3951 |              1.69 |            3.8053 |            2.9572 |            2.9426
 27188 |     52 | 2019-06-21 18:51:31   |       13.1494 |       18.3129 |       10.8634 |             1.614 |            3.6252 |            2.8238 |            2.8004
 27188 |     53 | 2019-06-21 18:51:43   |        13.148 |       18.3101 |       10.6246 |            1.5825 |            3.5425 |             2.761 |            2.7385
 27188 |     54 | 2019-06-21 18:51:53   |       13.1498 |       18.3106 |       10.9242 |            1.6238 |            3.6445 |            2.8369 |            2.8189
 27188 |     55 | 2019-06-21 18:52:03   |       13.1509 |       18.3089 |       11.1222 |            1.6515 |            3.7122 |            2.8868 |            2.8717
 27188 |     56 | 2019-06-21 18:52:13   |        13.147 |       18.3104 |       11.0906 |             1.648 |            3.7026 |            2.8782 |            2.8617
 27188 |     57 | 2019-06-21 18:52:23   |       13.1494 |       18.3099 |       11.2072 |            1.6638 |            3.7423 |            2.9082 |            2.8928
 27188 |     58 | 2019-06-21 18:52:35.5 |       13.1529 |       18.2888 |        9.9735 |            1.4874 |            3.3211 |             2.595 |            2.5699
 27188 |     59 | 2019-06-21 18:52:47.5 |       13.1475 |       18.3109 |       10.7618 |            1.6013 |            3.5897 |            2.7957 |            2.7752
 27188 |     60 | 2019-06-21 18:52:57.5 |       13.1474 |       18.3099 |       10.9257 |            1.6236 |            3.6454 |            2.8373 |            2.8194
 27188 |     61 | 2019-06-21 18:53:07   |       13.1497 |       18.3108 |       11.1269 |            1.6521 |            3.7143 |            2.8882 |            2.8723
 27188 |     62 | 2019-06-21 18:53:16.5 |       13.1513 |        18.308 |       11.2573 |            1.6712 |            3.7592 |            2.9205 |            2.9064
 27188 |     63 | 2019-06-21 18:53:28   |       13.1666 |        18.311 |       11.5082 |            1.7064 |             3.844 |            2.9867 |            2.9711
 27188 |     64 | 2019-06-21 18:53:40.5 |       13.1705 |       18.3138 |       10.5017 |            1.5643 |            3.4994 |            2.7346 |            2.7034
 27188 |     65 | 2019-06-21 18:53:51   |       13.1528 |       18.3101 |       10.9695 |              1.63 |            3.6598 |            2.8487 |            2.8311
 27188 |     66 | 2019-06-21 18:54:01   |       13.1513 |       18.3104 |       11.1319 |            1.6524 |            3.7155 |            2.8895 |            2.8744
 27188 |     67 | 2019-06-21 18:54:10.5 |       13.1475 |       18.3096 |       11.0958 |            1.6491 |             3.704 |            2.8794 |            2.8632
 27188 |     68 | 2019-06-21 18:54:20   |        13.148 |         18.31 |       11.1622 |             1.658 |            3.7269 |            2.8966 |            2.8807
 27188 |     69 | 2019-06-21 18:54:33   |       13.1518 |        18.311 |       10.2277 |            1.5259 |            3.4084 |            2.6634 |            2.6301
 27188 |     70 | 2019-06-21 18:54:47   |       13.1482 |       18.3107 |       10.7768 |            1.6033 |            3.5946 |            2.7992 |            2.7798
 27188 |     71 | 2019-06-21 18:54:58.5 |       13.1472 |       18.3105 |       10.9504 |            1.6273 |            3.6539 |            2.8433 |             2.826
 27188 |     72 | 2019-06-21 18:55:09   |       13.1105 |       18.3125 |       11.1605 |            1.6473 |            3.7324 |            2.8856 |            2.8951
 27188 |     73 | 2019-06-21 18:55:19   |       13.1526 |       18.3109 |       11.3605 |            1.6853 |            3.7943 |            2.9471 |            2.9338
 27188 |     74 | 2019-06-21 18:55:31   |       13.1481 |       18.2987 |       10.7706 |            1.6023 |            3.5932 |            2.7975 |            2.7777
 27188 |     75 | 2019-06-21 18:55:43.5 |       13.1519 |       18.3109 |       10.8154 |            1.6092 |            3.6072 |            2.8095 |            2.7895
 27188 |     76 | 2019-06-21 18:55:54   |       13.1484 |       18.3103 |       10.9175 |            1.6235 |            3.6426 |            2.8347 |            2.8167
 27188 |     77 | 2019-06-21 18:56:03.5 |       13.1494 |       18.3109 |       11.0646 |            1.6431 |             3.693 |            2.8719 |            2.8566
 27188 |     78 | 2019-06-21 18:56:13   |       13.1491 |       18.3106 |       11.1596 |            1.6573 |            3.7258 |            2.8959 |            2.8805
 27188 |     79 | 2019-06-21 18:56:23   |        13.148 |       18.3112 |       11.2268 |            1.6661 |            3.7495 |             2.913 |            2.8982
 27188 |     80 | 2019-06-21 18:56:35.5 |       13.0976 |       18.3207 |        9.9698 |            1.4799 |            3.3259 |            2.5913 |            2.5727
 27188 |     81 | 2019-06-21 18:56:48   |       13.1489 |       18.3108 |       10.8472 |            1.6129 |            3.6186 |            2.8168 |            2.7989
 27188 |     82 | 2019-06-21 18:56:57.5 |       13.1496 |       18.3114 |       11.0302 |            1.6389 |             3.681 |            2.8631 |            2.8472
 27188 |     83 | 2019-06-21 18:57:07.5 |       13.1519 |       18.3093 |       11.2202 |            1.6662 |            3.7458 |            2.9113 |            2.8969
 27188 |     84 | 2019-06-21 18:57:16.5 |       13.1498 |       18.3108 |       11.2032 |            1.6633 |            3.7408 |            2.9071 |             2.892
 27188 |     85 | 2019-06-21 18:57:28.5 |       13.1601 |       18.3099 |       11.4284 |            1.6949 |            3.8175 |            2.9654 |            2.9506
 27188 |     86 | 2019-06-21 18:57:40.5 |       13.1633 |       18.3124 |         10.33 |            1.5415 |             3.442 |            2.6887 |            2.6578
 27188 |     87 | 2019-06-21 18:57:51   |        13.153 |       18.3109 |       10.9844 |            1.6318 |            3.6648 |            2.8529 |             2.835
 27188 |     88 | 2019-06-21 18:58:01   |       13.1526 |       18.3114 |       11.1862 |            1.6596 |            3.7338 |            2.9041 |            2.8888
 27188 |     89 | 2019-06-21 18:58:11   |       13.1507 |       18.3089 |       11.2337 |            1.6685 |            3.7511 |            2.9138 |            2.9003
 27188 |     90 | 2019-06-21 18:58:21   |       13.1489 |       18.3101 |       11.2457 |            1.6691 |            3.7556 |            2.9177 |            2.9033
 27188 |     91 | 2019-06-21 18:58:33.5 |       13.0845 |        18.302 |       10.2356 |            1.5187 |            3.4198 |            2.6519 |            2.6452
 27188 |     92 | 2019-06-21 18:58:46   |       13.1543 |       18.3132 |       10.7835 |            1.6048 |            3.5962 |            2.8021 |            2.7805
 27188 |     93 | 2019-06-21 18:58:56   |       13.1516 |       18.3077 |       11.0522 |            1.6419 |            3.6887 |            2.8684 |            2.8532
 27188 |     94 | 2019-06-21 18:59:05.5 |       13.1529 |        18.305 |       11.1274 |            1.6511 |            3.7157 |            2.8847 |            2.8759
 27188 |     95 | 2019-06-21 18:59:15   |       13.1343 |       18.3159 |       11.4274 |              1.69 |            3.8191 |            2.9652 |            2.9532
 27188 |     96 | 2019-06-21 18:59:26.5 |       13.1537 |       18.3141 |       11.6336 |            1.7211 |             3.887 |            3.0189 |            3.0066
 27188 |     97 | 2019-06-21 18:59:39   |        13.146 |        18.311 |       10.1421 |            1.5142 |            3.3789 |            2.6398 |            2.6092
 27188 |     98 | 2019-06-21 18:59:50   |       13.1521 |       18.3113 |       10.9939 |            1.6335 |             3.668 |             2.855 |            2.8374
 27188 |     99 | 2019-06-21 18:59:59.5 |       13.1533 |       18.3101 |       11.1223 |            1.6517 |            3.7122 |            2.8871 |            2.8714
 27188 |    100 | 2019-06-21 19:00:09   |       13.0434 |        18.292 |       10.9669 |            1.6231 |             3.666 |            2.8343 |            2.8435
 27188 |    101 | 2019-06-21 19:00:19   |       13.1469 |        18.311 |       11.1274 |            1.6529 |            3.7155 |            2.8876 |            2.8714
 27188 |    102 | 2019-06-21 19:00:31   |       13.1496 |       18.3119 |       10.8133 |            1.6076 |             3.609 |              2.81 |            2.7867
 27188 |    103 | 2019-06-21 19:00:44.5 |       13.1445 |       18.3109 |       10.5407 |            1.5703 |             3.515 |            2.7391 |            2.7163
 27188 |    104 | 2019-06-21 19:00:56   |       13.1462 |       18.3108 |       10.8679 |            1.6155 |            3.6261 |            2.8223 |             2.804
 27188 |    105 | 2019-06-21 19:01:06   |       13.1489 |       18.3118 |       11.0648 |            1.6435 |            3.6934 |            2.8722 |            2.8558
 27188 |    106 | 2019-06-21 19:01:15.5 |       13.1614 |       18.3123 |       11.4066 |            1.6899 |            3.8092 |            2.9622 |            2.9453
 27188 |    107 | 2019-06-21 19:01:27   |       13.1199 |       18.3166 |        11.642 |            1.7184 |             3.893 |            3.0159 |            3.0148
 27188 |    108 | 2019-06-21 19:01:39.5 |       13.1544 |       18.3141 |        10.885 |            1.6165 |            3.6309 |            2.8296 |             2.808
 27188 |    109 | 2019-06-21 19:01:50   |       13.1537 |       18.3132 |       11.0418 |            1.6394 |            3.6838 |            2.8684 |            2.8502
 27188 |    110 | 2019-06-21 19:02:00   |       13.1527 |       18.3134 |        11.227 |            1.6642 |            3.7478 |            2.9154 |            2.8997
 27188 |    111 | 2019-06-21 19:02:10   |       13.1526 |        18.314 |       11.3455 |            1.6813 |            3.7885 |            2.9451 |            2.9306
 27188 |    112 | 2019-06-21 19:02:19.5 |       13.1578 |        18.313 |       11.4095 |            1.6906 |            3.8104 |            2.9616 |            2.9469
 27188 |    113 | 2019-06-21 19:02:31.5 |       13.1604 |         18.28 |       10.8629 |            1.6132 |            3.6251 |            2.8178 |            2.8068
 27188 |    114 | 2019-06-21 19:02:44   |       13.1501 |       18.3124 |       10.9084 |            1.6189 |            3.6393 |            2.8355 |            2.8148
 27188 |    115 | 2019-06-21 19:02:54   |       13.1479 |        18.304 |       10.9048 |            1.6186 |            3.6376 |            2.8314 |            2.8172
 27188 |    116 | 2019-06-21 19:03:03.5 |       13.1485 |       18.3039 |       11.0578 |            1.6397 |            3.6909 |              2.87 |            2.8572
 27188 |    117 | 2019-06-21 19:03:13.5 |       13.0978 |       18.3146 |       11.2847 |            1.6684 |            3.7733 |            2.9241 |             2.919
 27188 |    118 | 2019-06-21 19:03:22.5 |       13.1331 |        18.292 |       11.2177 |            1.6596 |            3.7488 |            2.9037 |            2.9057
 27188 |    119 | 2019-06-21 19:03:35   |       13.1471 |       18.3106 |        9.9707 |            1.4904 |            3.3212 |            2.5975 |            2.5616
 27188 |    120 | 2019-06-21 19:03:48   |       13.1448 |        18.314 |       10.9917 |            1.6294 |            3.6685 |            2.8555 |            2.8383
 27188 |    121 | 2019-06-21 19:03:57.5 |       13.1526 |       18.3125 |       11.1554 |            1.6554 |            3.7231 |            2.8964 |            2.8806
 27188 |    122 | 2019-06-21 19:04:07   |       13.1512 |       18.3096 |       11.1734 |            1.6587 |            3.7303 |            2.8992 |            2.8852
 27188 |    123 | 2019-06-21 19:04:17   |       13.1523 |       18.3107 |       11.3221 |            1.6795 |            3.7808 |             2.938 |            2.9239
 27188 |    124 | 2019-06-21 19:04:28.5 |       13.1533 |       18.3115 |       11.5638 |            1.7128 |            3.8635 |            2.9995 |             2.988
 27188 |    125 | 2019-06-21 19:04:40.5 |        13.146 |       18.3108 |       10.1976 |            1.5219 |            3.3979 |            2.6534 |            2.6244
 27188 |    126 | 2019-06-21 19:04:51.5 |       13.1518 |       18.3103 |       10.9577 |            1.6284 |            3.6561 |            2.8454 |            2.8279
 27188 |    127 | 2019-06-21 19:05:01   |       13.1515 |       18.3121 |       11.1435 |            1.6534 |            3.7193 |            2.8935 |            2.8773
 27188 |    128 | 2019-06-21 19:05:10.5 |       13.1504 |       18.3083 |        11.185 |            1.6613 |            3.7347 |            2.9014 |            2.8875
 27188 |    129 | 2019-06-21 19:05:20   |       13.1467 |       18.3106 |       11.1025 |            1.6488 |            3.7072 |            2.8815 |             2.865
 27188 |    130 | 2019-06-21 19:05:32   |       13.1492 |       18.3118 |        10.776 |            1.6026 |            3.5963 |            2.8004 |            2.7767
 27188 |    131 | 2019-06-21 19:05:44.5 |       13.1462 |       18.3109 |       10.5572 |            1.5725 |            3.5201 |            2.7437 |            2.7209
 27188 |    132 | 2019-06-21 19:05:55   |       13.1453 |       18.3102 |        10.799 |            1.6061 |            3.6025 |            2.8045 |            2.7859
 27188 |    133 | 2019-06-21 19:06:05   |       13.1448 |       18.3106 |       10.8679 |            1.6152 |            3.6266 |            2.8223 |            2.8038
 27188 |    134 | 2019-06-21 19:06:14.5 |       13.1491 |       18.3105 |       11.1764 |            1.6601 |            3.7319 |            2.8993 |            2.8851
 27188 |    135 | 2019-06-21 19:06:24   |         13.15 |       18.3084 |       11.2447 |            1.6687 |            3.7555 |            2.9173 |            2.9032
 27188 |    136 | 2019-06-21 19:06:36.5 |       13.1428 |       18.3107 |        9.7142 |            1.4542 |            3.2345 |            2.5315 |             2.494
 27188 |    137 | 2019-06-21 19:06:49   |       13.1513 |       18.3097 |       10.9129 |             1.622 |            3.6403 |            2.8343 |            2.8163
 27188 |    138 | 2019-06-21 19:06:59   |       13.1484 |       18.3101 |       10.9768 |            1.6304 |            3.6632 |              2.85 |            2.8332
 27188 |    139 | 2019-06-21 19:07:08.5 |       13.1472 |         18.31 |       10.9527 |            1.6275 |            3.6549 |            2.8438 |            2.8265
 27188 |    140 | 2019-06-21 19:07:18   |       13.1447 |       18.3109 |       11.0407 |            1.6403 |            3.6866 |            2.8648 |             2.849
 27188 |    141 | 2019-06-21 19:07:29.5 |       13.1465 |       18.3109 |       11.2421 |            1.6682 |            3.7552 |            2.9165 |            2.9021
 27188 |    142 | 2019-06-21 19:07:41.5 |       13.1342 |       18.3184 |       10.5497 |            1.5628 |            3.5235 |            2.7348 |            2.7286
 27188 |    143 | 2019-06-21 19:07:52   |       13.1481 |       18.3114 |        10.846 |            1.6121 |            3.6188 |            2.8164 |            2.7987
 27188 |    144 | 2019-06-21 19:08:02   |       13.1489 |       18.3111 |       11.0161 |            1.6356 |            3.6772 |            2.8598 |            2.8435
 27188 |    145 | 2019-06-21 19:08:11.5 |       13.1503 |       18.3083 |       11.2089 |            1.6647 |            3.7428 |            2.9072 |            2.8941
 27188 |    146 | 2019-06-21 19:08:21   |       13.1496 |       18.3113 |       11.2244 |            1.6657 |            3.7482 |            2.9127 |            2.8977
 27188 |    147 | 2019-06-21 19:08:33.5 |       13.1485 |       18.3194 |       10.4348 |            1.5489 |            3.4836 |            2.7139 |            2.6884
 27188 |    148 | 2019-06-21 19:08:46   |       13.1583 |       18.3112 |       10.8675 |            1.6167 |            3.6245 |            2.8233 |            2.8029
 27188 |    149 | 2019-06-21 19:08:56   |       13.1524 |        18.311 |       11.1002 |            1.6477 |             3.704 |            2.8822 |            2.8662
 27188 |    150 | 2019-06-21 19:09:06   |       13.1519 |       18.3111 |       11.1777 |            1.6587 |            3.7311 |            2.9015 |            2.8864
 27188 |    151 | 2019-06-21 19:09:15.5 |       13.1505 |       18.3084 |       11.2342 |            1.6676 |            3.7514 |            2.9142 |            2.9009
 27188 |    152 | 2019-06-21 19:09:26.5 |       13.1531 |       18.3094 |       11.4461 |            1.6975 |             3.823 |            2.9701 |            2.9554
 27188 |    153 | 2019-06-21 19:09:39   |       13.1405 |       18.3127 |        9.9312 |            1.4822 |            3.3092 |            2.5849 |            2.5549
 27188 |    154 | 2019-06-21 19:09:50.5 |       13.1524 |       18.3108 |       10.9698 |            1.6297 |            3.6598 |            2.8491 |            2.8313
 27188 |    155 | 2019-06-21 19:10:00.5 |       13.1515 |       18.3103 |       11.1462 |            1.6545 |            3.7205 |            2.8931 |            2.8781
 27188 |    156 | 2019-06-21 19:10:09.5 |       13.1451 |       18.3091 |       10.8248 |            1.6087 |            3.6118 |            2.8113 |             2.793
 27188 |    157 | 2019-06-21 19:10:19.5 |       13.1529 |       18.3109 |       11.3751 |            1.6873 |             3.799 |            2.9512 |            2.9376
 27188 |    158 | 2019-06-21 19:10:31   |       13.1264 |       18.3059 |       11.1116 |             1.648 |             3.712 |             2.882 |            2.8697
 27188 |    159 | 2019-06-21 19:10:43.5 |       13.1564 |       18.3112 |       10.5624 |            1.5735 |            3.5219 |            2.7461 |            2.7209
 27188 |    160 | 2019-06-21 19:10:54   |       13.1491 |       18.3106 |       10.9175 |            1.6222 |            3.6429 |             2.835 |            2.8173
 27188 |    161 | 2019-06-21 19:11:04   |       13.1469 |       18.3103 |       11.0226 |            1.6368 |            3.6793 |             2.861 |            2.8456
 27188 |    162 | 2019-06-21 19:11:13.5 |          13.1 |       18.2999 |       11.1023 |            1.6418 |            3.7117 |            2.8746 |            2.8742
 27188 |    163 | 2019-06-21 19:11:23.5 |       13.1362 |       18.3075 |       11.2404 |            1.6663 |            3.7554 |            2.9139 |            2.9049
 27188 |    164 | 2019-06-21 19:11:35.5 |       13.1438 |       18.3103 |        9.7928 |            1.4654 |            3.2614 |            2.5519 |            2.5141
 27188 |    165 | 2019-06-21 19:11:48   |       13.1517 |       18.3094 |       10.9244 |            1.6241 |            3.6445 |             2.837 |            2.8189
 27188 |    166 | 2019-06-21 19:11:58   |       13.1513 |       18.3096 |       11.1015 |            1.6483 |             3.705 |            2.8819 |            2.8664
 27188 |    167 | 2019-06-21 19:12:07.5 |       13.1518 |       18.3095 |        11.136 |            1.6534 |            3.7171 |            2.8902 |            2.8753
 27188 |    168 | 2019-06-21 19:12:17   |       13.1481 |       18.3104 |       11.1911 |            1.6622 |            3.7367 |             2.904 |            2.8882
 27188 |    169 | 2019-06-21 19:12:28.5 |        13.147 |       18.3107 |       11.3237 |              1.68 |            3.7828 |            2.9373 |            2.9236
 27188 |    170 | 2019-06-21 19:12:41   |       13.1518 |       18.3107 |       10.5162 |             1.567 |            3.5052 |             2.735 |             2.709
 27188 |    171 | 2019-06-21 19:12:51.5 |       13.1526 |       18.3131 |       10.9408 |            1.6241 |            3.6498 |            2.8438 |             2.823
 27188 |    172 | 2019-06-21 19:13:01.5 |       13.1535 |       18.3123 |       11.2144 |            1.6632 |            3.7432 |            2.9119 |            2.8961
 27188 |    173 | 2019-06-21 19:13:11.5 |       13.1505 |       18.3084 |       11.2099 |            1.6646 |            3.7431 |            2.9079 |            2.8942
 27188 |    174 | 2019-06-21 19:13:20.5 |       13.1507 |        18.309 |       11.2854 |            1.6742 |            3.7693 |            2.9277 |            2.9142
 27188 |    175 | 2019-06-21 19:13:32.5 |       13.1359 |       18.3164 |       10.6843 |            1.5841 |            3.5694 |             2.771 |            2.7598
 27188 |    176 | 2019-06-21 19:13:45   |       13.1508 |       18.3091 |        10.801 |            1.6062 |             3.603 |            2.8059 |            2.7859
 27188 |    177 | 2019-06-21 19:13:55   |         13.15 |       18.3103 |       10.9751 |            1.6305 |            3.6622 |            2.8495 |            2.8329
 27188 |    178 | 2019-06-21 19:14:05   |       13.1476 |       18.3105 |       10.9912 |            1.6333 |            3.6678 |            2.8538 |            2.8363
 27188 |    179 | 2019-06-21 19:14:14.5 |       13.1485 |       18.3108 |       11.1578 |            1.6573 |            3.7255 |             2.895 |              2.88
 27188 |    180 | 2019-06-21 19:14:24   |       13.1475 |         18.31 |       11.2098 |            1.6637 |            3.7432 |            2.9091 |            2.8938
 27188 |    181 | 2019-06-21 19:14:36.5 |       13.0982 |        18.295 |        9.9294 |            1.4785 |            3.3118 |            2.5792 |            2.5598
 27188 |    182 | 2019-06-21 19:14:49   |       13.1494 |       18.3097 |       10.8659 |            1.6154 |            3.6254 |            2.8212 |            2.8039
 27188 |    183 | 2019-06-21 19:14:59   |       13.1538 |       18.3071 |       11.0796 |            1.6463 |             3.697 |             2.877 |            2.8594
 27188 |    184 | 2019-06-21 19:15:08.5 |       13.1348 |       18.3152 |       11.0654 |            1.6391 |            3.6975 |            2.8663 |            2.8624
 27188 |    185 | 2019-06-21 19:15:18   |       13.1499 |       18.3108 |       11.2351 |            1.6678 |            3.7519 |            2.9151 |            2.9004
 27188 |    186 | 2019-06-21 19:15:29.5 |       13.1565 |        18.312 |       11.3189 |            1.6799 |            3.7804 |            2.9373 |            2.9213
 27188 |    187 | 2019-06-21 19:15:42   |         13.17 |       18.3146 |       10.6472 |             1.586 |            3.5478 |            2.7724 |            2.7411
 27188 |    188 | 2019-06-21 19:15:52.5 |       13.0652 |       18.3105 |       10.9514 |            1.6186 |            3.6629 |            2.8294 |            2.8405
 27188 |    189 | 2019-06-21 19:16:02   |       13.1503 |       18.3053 |       11.1961 |            1.6544 |            3.7422 |            2.9005 |            2.8989
 27188 |    190 | 2019-06-21 19:16:12   |       13.1523 |       18.3101 |       11.2812 |            1.6745 |            3.7669 |            2.9267 |            2.9132
 27188 |    191 | 2019-06-21 19:16:22   |       13.1481 |       18.3102 |       11.2396 |            1.6677 |            3.7543 |            2.9157 |            2.9019
 27188 |    192 | 2019-06-21 19:16:34.5 |         13.07 |       18.3167 |        9.9949 |            1.4866 |            3.3406 |            2.5867 |             2.581
 27188 |    193 | 2019-06-21 19:16:47.5 |       13.1093 |       18.3105 |        6.6552 |            1.0283 |            2.1912 |            1.7522 |            1.6835
 27188 |    194 | 2019-06-21 19:16:58.5 |       13.1109 |       18.3106 |        4.4876 |            0.7267 |            1.4443 |            1.2011 |            1.1156
 27188 |    195 | 2019-06-21 19:17:10   |       13.1111 |       18.3104 |        3.0749 |            0.5317 |             0.954 |            0.8388 |            0.7504
 27188 |    196 | 2019-06-21 19:17:21.5 |        13.111 |       18.3103 |        2.2426 |            0.4167 |            0.6632 |            0.6238 |             0.539
 27188 |    197 | 2019-06-21 19:17:35   |       13.1107 |       18.3107 |        1.6002 |            0.3286 |            0.4367 |            0.4567 |            0.3782
 27188 |    198 | 2019-06-21 19:17:48.5 |       13.1109 |       18.3111 |        1.2424 |            0.2793 |              0.31 |            0.3629 |            0.2901
 27188 |    199 | 2019-06-21 19:18:00   |        13.111 |       18.3109 |         1.031 |            0.2509 |            0.2342 |            0.3072 |            0.2387
 27188 |    200 | 2019-06-21 19:18:11.5 |       13.1107 |       18.3105 |        0.8969 |            0.2339 |            0.1861 |            0.2708 |            0.2061
 27188 |    201 | 2019-06-21 19:18:22.5 |       13.1109 |       18.3101 |        0.8289 |            0.2238 |            0.1621 |            0.2527 |            0.1903
 27188 |    202 | 2019-06-21 19:18:36   |       13.1108 |       18.3104 |        0.7692 |            0.2151 |            0.1408 |            0.2367 |            0.1766
 27188 |    203 | 2019-06-21 19:18:49.5 |       13.1108 |         18.31 |        0.7319 |            0.2102 |            0.1266 |             0.227 |            0.1681
 27188 |    204 | 2019-06-21 19:19:00.5 |        13.111 |       18.3106 |        0.7151 |            0.2083 |            0.1205 |             0.222 |            0.1643
 27188 |    205 | 2019-06-21 19:19:12.5 |        13.111 |       18.3105 |        0.6953 |            0.2065 |            0.1137 |            0.2159 |            0.1591
 27188 |    206 | 2019-06-21 19:19:23.5 |       13.1109 |       18.3106 |        0.6881 |             0.205 |            0.1109 |            0.2143 |            0.1579
 27188 |    207 | 2019-06-21 19:19:37   |       13.1098 |       18.3109 |         0.677 |            0.2034 |            0.1068 |            0.2114 |            0.1555
 27188 |    208 | 2019-06-21 19:19:50.5 |       13.1194 |       18.3099 |        0.8927 |            0.2329 |            0.1792 |             0.268 |            0.2127
 27188 |    209 | 2019-06-21 19:20:01.5 |       13.1104 |       18.3109 |        1.1156 |             0.264 |            0.2566 |            0.3228 |            0.2721
 27188 |    210 | 2019-06-21 19:20:12.5 |       13.1095 |       18.3097 |        1.1934 |            0.2754 |            0.2832 |            0.3423 |            0.2925
 27188 |    211 | 2019-06-21 19:20:24   |       13.1065 |       18.3101 |        1.2589 |            0.2853 |            0.3069 |            0.3584 |            0.3083
 27188 |    212 | 2019-06-21 19:20:37.5 |       13.0865 |       18.3119 |         2.633 |            0.4764 |            0.7768 |            0.7047 |            0.6751
 27188 |    213 | 2019-06-21 19:20:51   |       13.1141 |       18.3105 |        3.6795 |            0.6243 |            1.1336 |            0.9743 |            0.9473
 27188 |    214 | 2019-06-21 19:21:02.5 |       13.0878 |       18.3119 |        4.3187 |            0.7116 |            1.3561 |            1.1368 |            1.1141
 27188 |    215 | 2019-06-21 19:21:13.5 |       13.1035 |       18.3101 |        4.3671 |            0.7221 |            1.3737 |            1.1497 |            1.1217
 27188 |    216 | 2019-06-21 19:21:23.5 |       13.1501 |       18.3122 |        6.7338 |            1.0474 |            2.1802 |            1.7575 |            1.7487
 27188 |    217 | 2019-06-21 19:21:36   |       13.1512 |       18.2733 |        7.0973 |            1.0933 |            2.3131 |            1.8474 |            1.8435
 27188 |    218 | 2019-06-21 19:21:48.5 |       13.1511 |        18.309 |        8.9437 |            1.3544 |            2.9459 |            2.3207 |            2.3227
 27188 |    219 | 2019-06-21 19:21:57.5 |        13.149 |        18.311 |        9.7525 |            1.4654 |            3.2275 |            2.5273 |            2.5323
 27188 |    220 | 2019-06-21 19:22:07.5 |       13.1498 |        18.311 |       10.1679 |            1.5221 |            3.3722 |            2.6354 |            2.6383
 27188 |    221 | 2019-06-21 19:22:17   |       13.1506 |       18.3084 |       10.6548 |            1.5897 |            3.5433 |            2.7601 |            2.7616
 27188 |    222 | 2019-06-21 19:22:28.5 |       13.1497 |       18.3088 |       11.0572 |            1.6445 |            3.6841 |            2.8641 |            2.8646
 27188 |    223 | 2019-06-21 19:22:41   |       13.1525 |       18.3133 |       10.2697 |            1.5319 |            3.4162 |            2.6707 |            2.6509
 27188 |    224 | 2019-06-21 19:22:51.5 |       13.1486 |       18.3113 |       10.6703 |            1.5895 |            3.5546 |            2.7695 |            2.7566
 27188 |    225 | 2019-06-21 19:23:01.5 |       13.1486 |       18.3107 |       10.8811 |            1.6185 |            3.6275 |            2.8239 |            2.8112
 27188 |    226 | 2019-06-21 19:23:11   |       13.1521 |       18.3115 |       11.1882 |            1.6623 |            3.7333 |            2.9018 |            2.8908
 27188 |    227 | 2019-06-21 19:23:21   |       13.1519 |       18.3099 |       11.2805 |            1.6749 |            3.7654 |            2.9259 |            2.9143
 27188 |    228 | 2019-06-21 19:23:33   |       13.1358 |       18.3134 |       10.9061 |            1.6189 |            3.6405 |            2.8327 |            2.8141
 27188 |    229 | 2019-06-21 19:23:45   |       13.1506 |       18.3109 |       10.6107 |            1.5811 |            3.5369 |            2.7572 |            2.7355
 27188 |    230 | 2019-06-21 19:23:55.5 |        13.148 |       18.3105 |       10.8647 |            1.6161 |            3.6239 |            2.8216 |            2.8032
 27188 |    231 | 2019-06-21 19:24:05   |       13.1475 |       18.3104 |       10.9631 |            1.6295 |            3.6584 |            2.8462 |             2.829
 27188 |    232 | 2019-06-21 19:24:15   |       13.1458 |       18.3104 |       10.9983 |            1.6359 |            3.6707 |            2.8545 |            2.8372
 27188 |    233 | 2019-06-21 19:24:25   |       13.1472 |       18.3111 |       11.1213 |            1.6522 |            3.7133 |            2.8862 |            2.8697
 27188 |    234 | 2019-06-21 19:24:37.5 |       13.1489 |       18.3111 |        9.9488 |            1.4877 |            3.3139 |            2.5916 |            2.5556
 27188 |    235 | 2019-06-21 19:24:49.5 |       13.1398 |       18.3138 |       11.0226 |            1.6342 |            3.6793 |            2.8626 |            2.8465
 27188 |    236 | 2019-06-21 19:24:59.5 |        13.155 |       18.3137 |       11.2329 |            1.6651 |            3.7489 |            2.9178 |            2.9012
 27188 |    237 | 2019-06-21 19:25:09   |       13.1487 |       18.3072 |       11.0687 |            1.6442 |            3.6944 |            2.8727 |            2.8574
 27188 |    238 | 2019-06-21 19:25:18.5 |       13.1299 |       18.3149 |       11.4221 |            1.6881 |            3.8201 |            2.9587 |            2.9552
 27188 |    239 | 2019-06-21 19:25:30.5 |       13.1543 |       18.3124 |       11.5096 |             1.706 |            3.8451 |            2.9866 |             2.972
 27188 |    240 | 2019-06-21 19:25:42.5 |       13.1492 |       18.3093 |       10.4765 |            1.5613 |            3.4929 |            2.7235 |            2.6989
 27188 |    241 | 2019-06-21 19:25:53   |       13.1458 |       18.3107 |        10.737 |            1.5977 |            3.5817 |            2.7889 |            2.7687
 27188 |    242 | 2019-06-21 19:26:03   |       13.1466 |       18.3107 |       10.9193 |            1.6227 |             3.644 |            2.8352 |            2.8174
 27188 |    243 | 2019-06-21 19:26:13   |       13.1539 |       18.3134 |       11.3402 |            1.6817 |            3.7863 |            2.9438 |            2.9284
 27188 |    244 | 2019-06-21 19:26:22.5 |       13.1178 |       18.3152 |       11.3928 |            1.6804 |            3.8123 |            2.9501 |              2.95
 27188 |    245 | 2019-06-21 19:26:34.5 |       13.1461 |       18.3115 |       10.3092 |            1.5376 |            3.4372 |            2.6825 |            2.6518
 27188 |    246 | 2019-06-21 19:26:47   |       13.1548 |        18.314 |       11.0016 |            1.6334 |            3.6702 |            2.8589 |            2.8391
 27188 |    247 | 2019-06-21 19:26:57   |       13.1517 |       18.3098 |       11.0698 |            1.6442 |            3.6942 |            2.8741 |            2.8573
 27188 |    248 | 2019-06-21 19:27:06.5 |       13.1509 |       18.3095 |       11.1289 |            1.6522 |            3.7148 |            2.8888 |            2.8731
 27188 |    249 | 2019-06-21 19:27:16   |       13.1499 |       18.3112 |       11.2099 |            1.6646 |            3.7431 |            2.9088 |            2.8934
 27188 |    250 | 2019-06-21 19:27:27.5 |       13.1498 |        18.309 |       11.3509 |            1.6838 |            3.7919 |            2.9447 |            2.9305
 27188 |    251 | 2019-06-21 19:27:40   |       13.1527 |       18.3103 |       10.3177 |             1.539 |            3.4383 |            2.6855 |            2.6549
 27188 |    252 | 2019-06-21 19:27:51   |       13.1446 |       18.3107 |       10.6571 |            1.5866 |            3.5545 |            2.7691 |            2.7469
 27188 |    253 | 2019-06-21 19:28:01   |       13.1465 |       18.3105 |       10.9173 |            1.6229 |            3.6432 |            2.8347 |            2.8165
 27188 |    254 | 2019-06-21 19:28:10.5 |       13.1471 |       18.3106 |       11.0503 |            1.6424 |            3.6884 |            2.8685 |             2.851
 27188 |    255 | 2019-06-21 19:28:20   |       13.1479 |       18.3107 |       11.1612 |            1.6574 |            3.7271 |            2.8967 |              2.88
 27188 |    256 | 2019-06-21 19:28:32   |        13.145 |       18.3126 |       11.1157 |            1.6485 |             3.713 |            2.8848 |            2.8693
 27188 |    257 | 2019-06-21 19:28:44.5 |       13.1454 |       18.3131 |       10.6849 |            1.5876 |             3.566 |            2.7738 |            2.7574
 27188 |    258 | 2019-06-21 19:28:55   |       13.1498 |       18.3105 |        10.971 |            1.6299 |            3.6613 |            2.8485 |            2.8313
 27188 |    259 | 2019-06-21 19:29:04.5 |       13.1507 |       18.3106 |       11.0721 |            1.6437 |             3.696 |            2.8749 |            2.8576
 27188 |    260 | 2019-06-21 19:29:14   |       13.1455 |       18.3102 |       11.0193 |            1.6379 |            3.6788 |            2.8597 |            2.8429
 27188 |    261 | 2019-06-21 19:29:24   |       13.1462 |       18.3104 |       11.0813 |            1.6457 |            3.7006 |            2.8764 |            2.8585
 27188 |    262 | 2019-06-21 19:29:36.5 |       13.1537 |       18.3118 |       10.1605 |            1.5155 |            3.3858 |            2.6477 |            2.6115
 27188 |    263 | 2019-06-21 19:29:49   |       13.1449 |        18.311 |       10.6381 |            1.5834 |            3.5483 |            2.7643 |            2.7421
 27188 |    264 | 2019-06-21 19:29:59   |       13.1448 |       18.3112 |       10.8166 |            1.6086 |            3.6092 |             2.809 |            2.7897
 27188 |    265 | 2019-06-21 19:30:08.5 |       13.1486 |       18.3106 |       11.0385 |            1.6396 |            3.6845 |            2.8659 |            2.8486
 27188 |    266 | 2019-06-21 19:30:18   |       13.1485 |       18.3104 |       11.1902 |            1.6619 |             3.737 |            2.9034 |            2.8878
 27188 |    267 | 2019-06-21 19:30:29.5 |       13.1502 |       18.3114 |       11.4167 |            1.6926 |            3.8144 |            2.9615 |            2.9482
 27188 |    268 | 2019-06-21 19:30:42   |       13.1391 |         18.31 |       10.5026 |            1.5629 |             3.503 |            2.7288 |            2.7078
 27188 |    269 | 2019-06-21 19:30:53   |        13.107 |       18.3025 |       10.6797 |            1.5836 |            3.5669 |             2.765 |            2.7641
 27188 |    270 | 2019-06-21 19:31:02.5 |       13.1655 |       18.3137 |       11.1269 |            1.6458 |            3.7165 |            2.8899 |            2.8747
 27188 |    271 | 2019-06-21 19:31:12   |       13.1401 |       18.3104 |       11.2208 |            1.6561 |             3.753 |            2.9056 |            2.9062
 27188 |    272 | 2019-06-21 19:31:22.5 |       13.1498 |       18.3107 |        11.242 |            1.6681 |            3.7553 |            2.9164 |            2.9023
 27188 |    273 | 2019-06-21 19:31:35.5 |       13.1511 |       18.3119 |       10.0543 |            1.5018 |            3.3498 |            2.6203 |            2.5824
 27188 |    274 | 2019-06-21 19:31:48   |       13.1475 |       18.3104 |       10.6936 |            1.5918 |             3.567 |            2.7783 |            2.7565
 27188 |    275 | 2019-06-21 19:31:57.5 |       13.1485 |       18.3106 |       10.9454 |            1.6264 |            3.6526 |            2.8423 |             2.824
 27188 |    276 | 2019-06-21 19:32:07   |         13.15 |       18.3112 |       11.0982 |            1.6477 |            3.7047 |            2.8813 |            2.8646
 27188 |    277 | 2019-06-21 19:32:17   |       13.1521 |        18.311 |        11.312 |            1.6783 |            3.7777 |            2.9352 |            2.9208
 27188 |    278 | 2019-06-21 19:32:26.5 |       13.1526 |       18.3116 |       11.4213 |            1.6932 |            3.8151 |            2.9639 |            2.9491
 27188 |    279 | 2019-06-21 19:32:38.5 |       13.1431 |       18.3108 |        9.7682 |            1.4618 |            3.2529 |            2.5458 |            2.5077
 27188 |    280 | 2019-06-21 19:32:51   |       13.1515 |         18.31 |       10.9288 |            1.6246 |            3.6466 |            2.8382 |            2.8194
 27188 |    281 | 2019-06-21 19:33:01   |       13.1515 |       18.3095 |       11.1042 |            1.6493 |            3.7064 |            2.8823 |            2.8662
 27188 |    282 | 2019-06-21 19:33:10.5 |       13.1334 |       18.2903 |       11.1217 |            1.6471 |            3.7182 |            2.8768 |            2.8796
 27188 |    283 | 2019-06-21 19:33:20   |       13.1508 |       18.3156 |       11.4084 |            1.6896 |             3.812 |            2.9594 |            2.9474
 27188 |    284 | 2019-06-21 19:33:32   |       13.1531 |       18.3115 |       11.1512 |            1.6558 |            3.7237 |            2.8957 |            2.8759
 27188 |    285 | 2019-06-21 19:33:44.5 |        13.136 |       18.3074 |       10.6187 |            1.5783 |            3.5438 |            2.7561 |            2.7406
 27188 |    286 | 2019-06-21 19:33:55   |       13.1501 |       18.3077 |       10.9728 |            1.6304 |            3.6623 |            2.8484 |            2.8316
 27188 |    287 | 2019-06-21 19:34:04.5 |       13.1484 |        18.311 |       10.9917 |            1.6329 |             3.669 |            2.8534 |            2.8364
 27188 |    288 | 2019-06-21 19:34:14   |       13.1529 |       18.3108 |       11.3158 |            1.6797 |             3.779 |             2.936 |            2.9211
 27188 |    289 | 2019-06-21 19:34:24   |       13.1522 |       18.3093 |       11.3181 |            1.6793 |            3.7805 |            2.9365 |            2.9219
 27188 |    290 | 2019-06-21 19:34:36.5 |       13.1534 |       18.3093 |       10.0999 |            1.5085 |            3.3659 |            2.6305 |             2.595
 27188 |    291 | 2019-06-21 19:34:49   |       13.1424 |       18.3171 |       10.8348 |            1.6045 |            3.6189 |            2.8149 |            2.7965
 27188 |    292 | 2019-06-21 19:34:58.5 |       13.0967 |       18.3079 |       11.1328 |            1.6467 |            3.7213 |            2.8823 |            2.8825
 27188 |    293 | 2019-06-21 19:35:08.5 |       13.1483 |       18.3091 |       11.0814 |            1.6457 |            3.7002 |            2.8759 |            2.8597
 27188 |    294 | 2019-06-21 19:35:19   |       13.1524 |       18.3105 |       11.3662 |            1.6863 |            3.7966 |            2.9486 |            2.9347
 27188 |    295 | 2019-06-21 19:35:30.5 |       13.1491 |       18.3109 |        11.346 |            1.6834 |            3.7908 |            2.9433 |            2.9285
 27188 |    296 | 2019-06-21 19:35:43   |       13.1508 |       18.3116 |       10.6076 |            1.5793 |            3.5373 |            2.7579 |            2.7332
 27188 |    297 | 2019-06-21 19:35:53   |       13.1488 |       18.3109 |       10.8631 |            1.6155 |            3.6247 |            2.8209 |             2.802
 27188 |    298 | 2019-06-21 19:36:02   |       13.1497 |       18.3085 |       11.0395 |            1.6398 |            3.6849 |            2.8652 |            2.8496
 27188 |    299 | 2019-06-21 19:36:12   |       13.1518 |       18.3097 |       11.2609 |            1.6718 |             3.761 |            2.9211 |             2.907
 27188 |    300 | 2019-06-21 19:36:22   |       13.1506 |       18.3108 |       11.3157 |            1.6784 |            3.7799 |            2.9359 |            2.9214
 27188 |    301 | 2019-06-21 19:36:34   |       13.0943 |       18.3152 |       10.5511 |            1.5658 |            3.5236 |            2.7432 |            2.7186
 27188 |    302 | 2019-06-21 19:36:46.5 |       13.1478 |       18.3104 |       10.7602 |            1.6008 |            3.5895 |            2.7954 |            2.7745
 27188 |    303 | 2019-06-21 19:36:56.5 |       13.1493 |       18.3104 |       10.9706 |            1.6295 |            3.6619 |            2.8476 |            2.8315
 27188 |    304 | 2019-06-21 19:37:06   |       13.1494 |        18.311 |       11.0399 |            1.6394 |            3.6856 |            2.8654 |            2.8495
 27188 |    305 | 2019-06-21 19:37:16   |       13.1536 |       18.3129 |       11.3655 |            1.6843 |            3.7964 |            2.9498 |             2.935
 27188 |    306 | 2019-06-21 19:37:26   |       13.1536 |       18.3135 |       11.4348 |            1.6941 |              3.82 |            2.9678 |            2.9529
 27188 |    307 | 2019-06-21 19:37:38.5 |       13.1432 |       18.3105 |        9.7588 |            1.4603 |            3.2507 |            2.5427 |            2.5052
 27188 |    308 | 2019-06-21 19:37:50.5 |       13.1529 |        18.311 |       10.9729 |            1.6304 |            3.6616 |            2.8494 |            2.8315
 27188 |    309 | 2019-06-21 19:38:00.5 |       13.1522 |       18.3101 |       11.1307 |            1.6525 |            3.7155 |            2.8896 |            2.8731
 27188 |    310 | 2019-06-21 19:38:10   |       13.1492 |       18.3112 |       11.0909 |            1.6476 |            3.7028 |            2.8779 |            2.8626
 27188 |    311 | 2019-06-21 19:38:20   |       13.1503 |       18.3093 |       11.2508 |            1.6701 |            3.7578 |            2.9184 |            2.9044
 27188 |    312 | 2019-06-21 19:38:32   |       13.1513 |       18.3097 |       11.3579 |            1.6843 |            3.7946 |            2.9466 |            2.9324
 27188 |    313 | 2019-06-21 19:38:44.5 |       13.1504 |       18.3129 |       10.5109 |             1.567 |            3.5037 |            2.7341 |            2.7061
 27188 |    314 | 2019-06-21 19:38:54.5 |       13.1492 |       18.3109 |       10.8806 |            1.6175 |            3.6308 |            2.8254 |             2.807
 27188 |    315 | 2019-06-21 19:39:04.5 |       13.1496 |       18.3102 |       11.0301 |            1.6383 |            3.6819 |            2.8631 |            2.8468
 27188 |    316 | 2019-06-21 19:39:14   |       13.1516 |       18.3111 |       11.2716 |            1.6732 |            3.7643 |             2.924 |            2.9101
 27188 |    317 | 2019-06-21 19:39:24   |        13.151 |       18.3079 |       11.2799 |            1.6737 |             3.768 |            2.9262 |             2.912
 27188 |    318 | 2019-06-21 19:39:36.5 |       13.1514 |       18.3124 |       10.0654 |            1.5026 |            3.3543 |            2.6226 |             2.586
 27188 |    319 | 2019-06-21 19:39:48.5 |       13.1578 |       18.3129 |        10.793 |            1.6041 |            3.5993 |            2.8076 |             2.782
 27188 |    320 | 2019-06-21 19:39:58   |       13.1036 |       18.3165 |       10.7689 |            1.5938 |            3.6008 |            2.7841 |            2.7902
 27188 |    321 | 2019-06-21 19:40:08   |       13.1519 |       18.3146 |        11.284 |            1.6723 |            3.7679 |            2.9292 |            2.9146
 27188 |    322 | 2019-06-21 19:40:18   |       13.1313 |       18.3088 |       11.1604 |            1.6563 |             3.728 |             2.894 |            2.8822
 27188 |    323 | 2019-06-21 19:40:29.5 |       13.1667 |        18.314 |       11.5852 |            1.7175 |              3.87 |            3.0066 |            2.9911
 27188 |    324 | 2019-06-21 19:40:42   |       13.1453 |       18.3105 |       10.1121 |            1.5102 |            3.3699 |            2.6317 |            2.6003
 27188 |    325 | 2019-06-21 19:40:52.5 |       13.1517 |       18.3101 |       10.9516 |             1.628 |            3.6541 |            2.8441 |            2.8255
 27188 |    326 | 2019-06-21 19:41:02   |       13.1522 |       18.3112 |       11.1447 |            1.6541 |              3.72 |            2.8931 |            2.8775
 27188 |    327 | 2019-06-21 19:41:12   |       13.1456 |       18.3105 |       10.9772 |            1.6318 |            3.6645 |            2.8493 |            2.8316
 27188 |    328 | 2019-06-21 19:41:22   |        13.147 |       18.3102 |       11.1345 |            1.6536 |            3.7183 |            2.8897 |            2.8729
 27188 |    329 | 2019-06-21 19:41:34   |       13.1472 |       18.3106 |       10.7003 |            1.5923 |            3.5711 |            2.7809 |            2.7561
 27188 |    330 | 2019-06-21 19:41:46   |       13.1461 |       18.3103 |       10.5392 |            1.5701 |            3.5146 |             2.739 |            2.7155
 27188 |    331 | 2019-06-21 19:41:56   |        13.146 |       18.3103 |       10.7781 |            1.6038 |            3.5958 |            2.7989 |            2.7795
 27188 |    332 | 2019-06-21 19:42:06   |       13.1457 |       18.3106 |       10.8719 |            1.6158 |            3.6281 |            2.8235 |            2.8046
 27188 |    333 | 2019-06-21 19:42:15.5 |       13.1466 |       18.3108 |       11.0668 |            1.6444 |            3.6952 |            2.8718 |            2.8554
 27188 |    334 | 2019-06-21 19:42:25   |       13.1488 |       18.3112 |       11.1751 |            1.6588 |            3.7322 |            2.9004 |            2.8837
 27188 |    335 | 2019-06-21 19:42:37.5 |        13.149 |         18.31 |         9.972 |            1.4904 |            3.3221 |            2.5981 |            2.5614
 27188 |    336 | 2019-06-21 19:42:50   |        13.144 |       18.2837 |       10.8641 |            1.6082 |             3.629 |            2.8132 |            2.8138
 27188 |    337 | 2019-06-21 19:43:00   |       13.1514 |       18.3178 |       11.2068 |             1.662 |            3.7413 |              2.91 |            2.8935
 27188 |    338 | 2019-06-21 19:43:09.5 |       13.1365 |       18.3161 |       11.2219 |            1.6601 |            3.7505 |            2.9063 |            2.9049
 27188 |    339 | 2019-06-21 19:43:19   |       13.1528 |       18.3002 |       11.3333 |            1.6781 |             3.786 |            2.9412 |             2.928
 27188 |    340 | 2019-06-21 19:43:31   |       13.1386 |       18.3152 |       11.5275 |            1.6977 |            3.8601 |            2.9793 |            2.9904
 27188 |    341 | 2019-06-21 19:43:43.5 |       13.1461 |       18.3116 |       10.3446 |            1.5422 |            3.4489 |              2.69 |            2.6634
 27188 |    342 | 2019-06-21 19:43:54   |       13.1522 |       18.3112 |       10.9972 |            1.6334 |            3.6696 |            2.8562 |             2.838
 27188 |    343 | 2019-06-21 19:44:04   |       13.1509 |       18.3103 |       11.0951 |            1.6475 |            3.7035 |            2.8796 |            2.8645
 27188 |    344 | 2019-06-21 19:44:13.5 |        13.153 |       18.3111 |        11.319 |            1.6796 |              3.78 |            2.9368 |            2.9226
 27188 |    345 | 2019-06-21 19:44:23   |        13.152 |       18.3111 |       11.3429 |            1.6827 |            3.7884 |            2.9434 |            2.9284
 27188 |    346 | 2019-06-21 19:44:35.5 |        13.146 |       18.3102 |       10.2635 |             1.531 |            3.4225 |            2.6704 |            2.6395
 27188 |    347 | 2019-06-21 19:44:48   |       13.1529 |       18.3108 |       10.9287 |            1.6243 |            3.6461 |            2.8386 |            2.8196
 27188 |    348 | 2019-06-21 19:44:58   |       13.1532 |        18.312 |       11.1307 |            1.6522 |            3.7151 |            2.8902 |            2.8733
 27188 |    349 | 2019-06-21 19:45:07.5 |       13.1529 |       18.3124 |       11.0566 |            1.6417 |              3.69 |            2.8722 |            2.8527
 27188 |    350 | 2019-06-21 19:45:17   |       13.1526 |       18.3113 |       11.3166 |            1.6795 |            3.7793 |            2.9362 |            2.9216
 27188 |    351 | 2019-06-21 19:45:27   |       13.1514 |       18.3089 |       11.3278 |            1.6807 |            3.7837 |            2.9388 |            2.9246
 27188 |    352 | 2019-06-21 19:45:41   |       13.1444 |        18.311 |        9.9738 |            1.4912 |            3.3227 |            2.5968 |             2.563
 27188 |    353 | 2019-06-21 19:45:51.5 |       13.1524 |       18.3105 |       10.9605 |            1.6289 |             3.657 |            2.8464 |            2.8282
 27188 |    354 | 2019-06-21 19:46:01.5 |       13.1531 |       18.3117 |       11.1692 |            1.6578 |            3.7284 |            2.8995 |            2.8835
 27188 |    355 | 2019-06-21 19:46:11   |       13.1491 |       18.3105 |       11.1094 |             1.651 |             3.709 |            2.8824 |             2.867
 27188 |    356 | 2019-06-21 19:46:21   |       13.1507 |       18.3092 |       11.2918 |            1.6756 |            3.7718 |            2.9289 |            2.9155
 27188 |    357 | 2019-06-21 19:46:32.5 |       13.1493 |        18.311 |       11.1787 |            1.6598 |            3.7335 |            2.9014 |             2.884
 27188 |    358 | 2019-06-21 19:46:45   |       13.1506 |       18.3012 |       10.6195 |            1.5791 |            3.5424 |            2.7565 |            2.7415
 27188 |    359 | 2019-06-21 19:46:55.5 |       13.1512 |       18.3086 |       10.9988 |            1.6337 |            3.6708 |            2.8555 |            2.8388
 27188 |    360 | 2019-06-21 19:47:05   |       13.1495 |       18.3097 |       11.1118 |            1.6491 |            3.7095 |            2.8842 |             2.869
 27188 |    361 | 2019-06-21 19:47:15   |       13.1111 |       18.3152 |        11.371 |            1.6803 |            3.8038 |            2.9449 |             2.942
 27188 |    362 | 2019-06-21 19:47:25   |       13.1536 |       18.3114 |       11.0546 |            1.6425 |            3.6903 |            2.8712 |            2.8506
 27188 |    363 | 2019-06-21 19:47:37   |        13.152 |       18.3115 |       10.1597 |             1.516 |             3.386 |            2.6463 |            2.6114
 27188 |    364 | 2019-06-21 19:47:49.5 |       13.1438 |       18.3101 |       10.5823 |            1.5765 |            3.5295 |            2.7495 |            2.7269
 27188 |    365 | 2019-06-21 19:47:59   |       13.1478 |       18.3107 |        10.954 |            1.6278 |            3.6557 |             2.844 |            2.8264
 27188 |    366 | 2019-06-21 19:48:09   |        13.143 |        18.312 |       10.9983 |            1.6329 |            3.6717 |            2.8552 |            2.8385
 27188 |    367 | 2019-06-21 19:48:18.5 |       13.1464 |       18.3101 |       10.9926 |            1.6344 |            3.6696 |            2.8533 |            2.8354
 27188 |    368 | 2019-06-21 19:48:30   |       13.1458 |       18.3103 |       11.2683 |            1.6718 |            3.7644 |            2.9234 |            2.9087
 27188 |    369 | 2019-06-21 19:48:42.5 |       13.1528 |       18.3131 |       10.5144 |            1.5653 |            3.5057 |            2.7352 |            2.7082
 27188 |    370 | 2019-06-21 19:48:53   |       13.1471 |       18.3108 |       10.7717 |            1.6025 |            3.5934 |            2.7981 |            2.7777
 27188 |    371 | 2019-06-21 19:49:03   |       13.1427 |        18.318 |       10.7706 |            1.6003 |            3.5919 |            2.7941 |            2.7844
 27188 |    372 | 2019-06-21 19:49:13   |       13.1525 |       18.3087 |       11.2872 |            1.6755 |            3.7697 |            2.9282 |            2.9138
 27188 |    373 | 2019-06-21 19:49:22.5 |       13.1525 |       18.3105 |        11.342 |            1.6818 |            3.7887 |            2.9431 |            2.9285
 27188 |    374 | 2019-06-21 19:49:34.5 |        13.154 |       18.3124 |       10.6855 |            1.5908 |            3.5642 |            2.7799 |            2.7505
 27188 |    375 | 2019-06-21 19:49:47   |       13.1513 |       18.3094 |       10.8144 |             1.608 |            3.6078 |            2.8092 |            2.7894
 27188 |    376 | 2019-06-21 19:49:57   |       13.1514 |        18.309 |       11.0197 |            1.6373 |            3.6776 |            2.8609 |            2.8439
 27188 |    377 | 2019-06-21 19:50:07   |       13.1457 |       18.3112 |       10.8819 |            1.6181 |            3.6316 |            2.8253 |            2.8069
 27188 |    378 | 2019-06-21 19:50:17   |       13.1494 |       18.3106 |       11.1911 |            1.6629 |            3.7369 |            2.9033 |             2.888
 27188 |    379 | 2019-06-21 19:50:26.5 |       13.1482 |       18.3105 |       11.1842 |             1.661 |            3.7354 |            2.9019 |            2.8859
 27188 |    380 | 2019-06-21 19:50:39   |       13.1537 |       18.3121 |       10.0239 |            1.4973 |            3.3393 |            2.6129 |            2.5744
 27188 |    381 | 2019-06-21 19:50:51.5 |       13.1558 |        18.312 |       11.0077 |            1.6365 |            3.6725 |            2.8595 |            2.8392
 27188 |    382 | 2019-06-21 19:51:00.5 |       13.1406 |       18.3162 |       11.1525 |            1.6527 |            3.7247 |            2.8919 |            2.8832
 27188 |    383 | 2019-06-21 19:51:10.5 |       13.1514 |       18.3119 |       11.2751 |            1.6724 |            3.7653 |            2.9259 |            2.9114
 27188 |    384 | 2019-06-21 19:51:20   |       13.1544 |       18.3134 |       11.4161 |            1.6921 |            3.8131 |            2.9627 |            2.9482
 27188 |    385 | 2019-06-21 19:51:32   |       13.1509 |       18.3085 |       11.3452 |            1.6832 |            3.7902 |             2.943 |            2.9288
 27188 |    386 | 2019-06-21 19:51:44.5 |       13.1536 |       18.3099 |       10.4656 |            1.5572 |            3.4921 |            2.7152 |            2.7011
 27188 |    387 | 2019-06-21 19:51:54.5 |       13.1514 |       18.3084 |       10.9536 |            1.6276 |            3.6553 |            2.8438 |            2.8268
 27188 |    388 | 2019-06-21 19:52:04.5 |       13.1522 |       18.3104 |       11.1298 |            1.6521 |            3.7152 |            2.8889 |            2.8735
 27188 |    389 | 2019-06-21 19:52:14   |       13.1473 |       18.3103 |       11.0826 |            1.6471 |            3.7005 |            2.8755 |            2.8595
 27188 |    390 | 2019-06-21 19:52:24   |       13.1485 |        18.311 |       11.1654 |            1.6579 |            3.7288 |            2.8975 |            2.8812
 27188 |    391 | 2019-06-21 19:52:36.5 |       13.1515 |       18.3135 |       10.0778 |            1.5043 |            3.3588 |            2.6259 |            2.5888
 27188 |    392 | 2019-06-21 19:52:49   |       13.1481 |       18.3126 |       10.7468 |            1.5991 |            3.5852 |            2.7918 |            2.7708
 27188 |    393 | 2019-06-21 19:52:59   |       13.1469 |       18.3112 |       10.9011 |            1.6206 |            3.6382 |            2.8302 |            2.8121
 27188 |    394 | 2019-06-21 19:53:09   |       13.1495 |       18.3099 |       10.8733 |            1.6153 |            3.6271 |            2.8247 |            2.8063
 27188 |    395 | 2019-06-21 19:53:18.5 |       13.1466 |       18.3107 |       11.0655 |            1.6435 |            3.6947 |            2.8724 |             2.855
 27188 |    396 | 2019-06-21 19:53:29.5 |        13.147 |       18.3104 |        11.296 |            1.6756 |            3.7737 |            2.9307 |             2.916
 27188 |    397 | 2019-06-21 19:53:41.5 |       13.1533 |       18.3122 |       10.4078 |            1.5509 |            3.4693 |            2.7086 |             2.679
 27188 |    398 | 2019-06-21 19:53:52   |       13.1467 |       18.3108 |       10.7296 |            1.5963 |             3.579 |            2.7875 |            2.7668
 27188 |    399 | 2019-06-21 19:54:02   |       13.1465 |       18.3113 |       10.8858 |             1.618 |            3.6326 |            2.8269 |            2.8083
 27188 |    400 | 2019-06-21 19:54:12   |       13.1526 |        18.314 |       11.3449 |            1.6811 |            3.7889 |            2.9452 |            2.9297
 27188 |    401 | 2019-06-21 19:54:21.5 |       13.1535 |       18.3124 |       11.3826 |            1.6883 |            3.8015 |            2.9539 |            2.9389
 27188 |    402 | 2019-06-21 19:54:33   |       13.1501 |       18.3123 |        11.119 |            1.6507 |            3.7129 |            2.8877 |            2.8677
 27188 |    403 | 2019-06-21 19:54:45.5 |       13.1504 |       18.3049 |       10.6074 |            1.5783 |            3.5379 |            2.7548 |            2.7363
 27188 |    404 | 2019-06-21 19:54:56   |       13.1497 |       18.3106 |       10.9194 |            1.6232 |            3.6436 |            2.8355 |            2.8171
 27188 |    405 | 2019-06-21 19:55:05.5 |       13.1514 |       18.3125 |       11.0103 |             1.635 |            3.6741 |            2.8601 |            2.8411
 27188 |    406 | 2019-06-21 19:55:15.5 |       13.1514 |       18.3096 |       11.2686 |            1.6732 |            3.7633 |            2.9229 |            2.9093
 27188 |    407 | 2019-06-21 19:55:25   |       13.1489 |       18.3091 |       11.2577 |            1.6704 |            3.7605 |            2.9203 |            2.9065
 27188 |    408 | 2019-06-21 19:55:37.5 |       13.0867 |       18.3209 |        10.256 |            1.5193 |            3.4255 |            2.6613 |            2.6499
 27188 |    409 | 2019-06-21 19:55:50   |       13.1411 |       18.3113 |       10.5486 |             1.571 |            3.5183 |            2.7406 |            2.7188
 27188 |    410 | 2019-06-21 19:55:59.5 |        13.145 |       18.3106 |       10.7945 |            1.6058 |            3.6018 |            2.8033 |            2.7836
 27188 |    411 | 2019-06-21 19:56:09   |       13.1461 |       18.3113 |       10.8926 |            1.6195 |            3.6351 |            2.8283 |            2.8097
 27188 |    412 | 2019-06-21 19:56:19   |       13.1455 |       18.3111 |       11.0346 |            1.6398 |            3.6839 |            2.8643 |            2.8466
 27188 |    413 | 2019-06-21 19:56:30.5 |       13.1469 |       18.3115 |       11.2925 |            1.6751 |            3.7726 |            2.9297 |            2.9151
 27188 |    414 | 2019-06-21 19:56:42.5 |       13.1525 |       18.3106 |        10.366 |            1.5456 |             3.455 |            2.6973 |             2.668
 27188 |    415 | 2019-06-21 19:56:53.5 |       13.1471 |       18.3109 |       10.7545 |               1.6 |            3.5874 |            2.7936 |            2.7735
 27188 |    416 | 2019-06-21 19:57:03.5 |       13.1463 |       18.3105 |       10.9067 |            1.6214 |            3.6395 |            2.8321 |            2.8137
 27188 |    417 | 2019-06-21 19:57:13   |       13.1528 |       18.3129 |       11.1203 |            1.6515 |             3.712 |            2.8877 |            2.8691
 27188 |    418 | 2019-06-21 19:57:23   |       13.1525 |       18.2873 |       11.1865 |            1.6601 |             3.733 |            2.9034 |              2.89
 27188 |    419 | 2019-06-21 19:57:35   |       13.1506 |       18.3106 |        10.751 |             1.599 |            3.5872 |             2.795 |            2.7698
 27188 |    420 | 2019-06-21 19:57:47.5 |       13.1519 |       18.2929 |       10.6691 |            1.5866 |            3.5561 |             2.772 |            2.7544
 27188 |    421 | 2019-06-21 19:57:58   |        13.132 |       18.3175 |       11.1394 |            1.6445 |            3.7255 |             2.887 |            2.8824
 27188 |    422 | 2019-06-21 19:58:07.5 |       13.1511 |       18.3106 |       11.0492 |             1.642 |            3.6877 |            2.8683 |            2.8512
 27188 |    423 | 2019-06-21 19:58:17   |       13.1519 |       18.3132 |       11.1676 |            1.6576 |            3.7286 |            2.8995 |            2.8819
 27188 |    424 | 2019-06-21 19:58:27   |       13.0931 |       18.3055 |       11.2517 |            1.6609 |            3.7652 |            2.9082 |            2.9174
 27188 |    425 | 2019-06-21 19:58:39.5 |       13.1187 |       18.3158 |        9.9337 |            1.4783 |             3.313 |            2.5884 |             2.554
 27188 |    426 | 2019-06-21 19:58:52   |       13.1476 |        18.311 |       10.7632 |            1.6009 |             3.591 |            2.7955 |            2.7758
 27188 |    427 | 2019-06-21 19:59:02   |       13.1493 |       18.3111 |        11.008 |            1.6353 |            3.6742 |            2.8576 |            2.8409
 27188 |    428 | 2019-06-21 19:59:11.5 |       13.1513 |       18.3117 |       11.1495 |            1.6556 |             3.722 |            2.8939 |             2.878
 27188 |    429 | 2019-06-21 19:59:21   |       13.1523 |       18.3112 |       11.3418 |            1.6822 |            3.7882 |            2.9431 |            2.9283
 27188 |    430 | 2019-06-21 19:59:33   |       13.1512 |       18.3089 |        11.343 |            1.6827 |            3.7894 |            2.9428 |            2.9281
 27188 |    431 | 2019-06-21 19:59:45.5 |        13.118 |       18.3174 |       10.5982 |            1.5723 |            3.5376 |            2.7496 |            2.7386
 27188 |    432 | 2019-06-21 19:59:55.5 |       13.1506 |       18.3117 |       11.0071 |            1.6352 |            3.6728 |            2.8585 |            2.8407
 27188 |    433 | 2019-06-21 20:00:05   |       13.1495 |       18.3106 |        11.025 |            1.6385 |            3.6791 |            2.8627 |            2.8448
 27188 |    434 | 2019-06-21 20:00:15   |       13.1522 |       18.3122 |       11.2973 |            1.6771 |            3.7726 |            2.9312 |            2.9164
 27188 |    435 | 2019-06-21 20:00:25   |       13.1501 |       18.3111 |       11.2289 |            1.6669 |            3.7501 |            2.9139 |             2.898
 27188 |    436 | 2019-06-21 20:00:37.5 |       13.1526 |        18.312 |       10.2467 |            1.5289 |            3.4154 |            2.6686 |            2.6339
 27188 |    437 | 2019-06-21 20:00:50   |       13.1444 |       18.3107 |       10.5972 |            1.5786 |            3.5342 |            2.7538 |            2.7306
 27188 |    438 | 2019-06-21 20:00:59.5 |       13.1471 |       18.3108 |       10.8655 |            1.6158 |            3.6255 |            2.8215 |            2.8026
 27188 |    439 | 2019-06-21 20:01:09   |        13.148 |       18.3108 |       10.9687 |            1.6301 |            3.6607 |            2.8482 |            2.8296
 27188 |    440 | 2019-06-21 20:01:19   |       13.1582 |       18.3098 |       11.1656 |            1.6531 |             3.729 |            2.8997 |            2.8839
 27188 |    441 | 2019-06-21 20:01:30.5 |       13.1557 |        18.316 |       11.4399 |            1.6944 |            3.8216 |            2.9709 |             2.953
 27188 |    442 | 2019-06-21 20:01:43   |       13.1488 |       18.3108 |       10.2441 |            1.5289 |            3.4139 |            2.6656 |            2.6357
 27188 |    443 | 2019-06-21 20:01:53.5 |       13.1092 |       18.3024 |       10.9694 |            1.6205 |            3.6676 |            2.8382 |            2.8432
 27188 |    444 | 2019-06-21 20:02:03   |       13.1514 |       18.3099 |       11.0942 |            1.6478 |            3.7029 |            2.8796 |            2.8639
 27188 |    445 | 2019-06-21 20:02:13   |       13.1535 |       18.3127 |       11.3085 |            1.6776 |            3.7758 |             2.935 |            2.9201
 27188 |    446 | 2019-06-21 20:02:23   |        13.153 |       18.3119 |       11.3769 |            1.6871 |            3.7999 |            2.9522 |            2.9377
 27188 |    447 | 2019-06-21 20:02:35   |       13.1502 |       18.3117 |       10.8502 |            1.6135 |            3.6213 |            2.8194 |             2.796
 27188 |    448 | 2019-06-21 20:02:47.5 |       13.1525 |       18.3117 |       10.8348 |            1.6108 |            3.6143 |            2.8154 |            2.7943
 27188 |    449 | 2019-06-21 20:02:57.5 |       13.1529 |       18.3118 |       11.0792 |            1.6453 |            3.6975 |            2.8768 |            2.8595
 27188 |    450 | 2019-06-21 20:03:07   |       13.1496 |        18.311 |       11.0132 |            1.6359 |            3.6755 |             2.859 |            2.8428
 27188 |    451 | 2019-06-21 20:03:17   |       13.1499 |       18.3106 |       11.2024 |            1.6639 |            3.7411 |            2.9061 |            2.8913
 27188 |    452 | 2019-06-21 20:03:26.5 |        13.151 |       18.3092 |        11.271 |            1.6725 |            3.7649 |            2.9241 |            2.9095
 27188 |    453 | 2019-06-21 20:03:39   |       13.1513 |       18.3075 |       10.0272 |            1.4983 |            3.3415 |             2.611 |            2.5764
 27188 |    454 | 2019-06-21 20:03:51.5 |       13.1441 |       18.3103 |       10.6145 |            1.5808 |            3.5403 |            2.7579 |            2.7356
 27188 |    455 | 2019-06-21 20:04:01   |       13.1455 |       18.3104 |       10.8326 |            1.6111 |            3.6144 |            2.8133 |            2.7938
 27188 |    456 | 2019-06-21 20:04:11   |       13.1456 |       18.3104 |       10.8389 |            1.6119 |            3.6167 |             2.815 |            2.7953
 27188 |    457 | 2019-06-21 20:04:21   |       13.1523 |       18.3102 |       11.2929 |             1.676 |            3.7716 |              2.93 |            2.9153
 27188 |    458 | 2019-06-21 20:04:32.5 |       13.1618 |       18.3106 |       11.4548 |            1.6984 |            3.8266 |            2.9729 |            2.9569
 27188 |    459 | 2019-06-21 20:04:44.5 |       13.1653 |       18.3156 |       10.3259 |            1.5409 |            3.4408 |            2.6876 |            2.6567
 27188 |    460 | 2019-06-21 20:04:55.5 |       13.1528 |       18.3096 |        10.987 |            1.6324 |            3.6664 |            2.8531 |            2.8351
 27188 |    461 | 2019-06-21 20:05:05   |        13.144 |       18.3098 |        10.808 |            1.6075 |            3.6063 |            2.8067 |            2.7875
 27188 |    462 | 2019-06-21 20:05:15   |       13.1541 |       18.3114 |       11.3553 |            1.6855 |            3.7917 |            2.9464 |            2.9317
 27188 |    463 | 2019-06-21 20:05:24.5 |       13.1505 |       18.3091 |       11.2691 |            1.6733 |            3.7642 |            2.9229 |            2.9087
 27188 |    464 | 2019-06-21 20:05:37   |       13.1503 |         18.31 |       10.2697 |            1.5323 |            3.4238 |            2.6731 |            2.6406
 27188 |    465 | 2019-06-21 20:05:49.5 |       13.1492 |       18.3087 |       10.7353 |            1.5958 |            3.5798 |            2.7902 |            2.7696
 27188 |    466 | 2019-06-21 20:05:59   |       13.1316 |       18.3135 |        10.778 |            1.6022 |            3.5971 |            2.7979 |            2.7807
 27188 |    467 | 2019-06-21 20:06:09   |       13.0525 |       18.3183 |       10.8456 |            1.6051 |            3.6258 |            2.8057 |             2.809
 27188 |    468 | 2019-06-21 20:06:19   |       13.1434 |       18.3112 |       11.0628 |            1.6431 |            3.6944 |            2.8709 |            2.8544
 27188 |    469 | 2019-06-21 20:06:30.5 |       13.1482 |       18.3118 |       11.3692 |            1.6859 |            3.7987 |            2.9498 |            2.9348
 27188 |    470 | 2019-06-21 20:06:43   |       13.1527 |       18.3119 |       10.3901 |            1.5483 |            3.4635 |            2.7041 |            2.6742
 27188 |    471 | 2019-06-21 20:06:53.5 |       13.1328 |       18.3142 |       11.0181 |            1.6261 |            3.6845 |            2.8526 |            2.8549
 27188 |    472 | 2019-06-21 20:07:03   |       13.0336 |       18.3007 |       11.0319 |            1.6307 |            3.6896 |            2.8504 |            2.8612
 27188 |    473 | 2019-06-21 20:07:13   |       13.1492 |       18.3111 |       11.1156 |            1.6515 |             3.711 |            2.8847 |            2.8684
 27188 |    474 | 2019-06-21 20:07:22.5 |       13.1496 |       18.3109 |       11.2151 |            1.6652 |            3.7455 |            2.9099 |            2.8945
 27188 |    475 | 2019-06-21 20:07:34.5 |       13.1502 |       18.3111 |       10.9178 |            1.6228 |            3.6442 |            2.8367 |            2.8141
 27188 |    476 | 2019-06-21 20:07:47   |       13.1484 |       18.3108 |       10.6243 |             1.582 |            3.5427 |            2.7616 |             2.738
 27188 |    477 | 2019-06-21 20:07:57   |       13.1473 |       18.3103 |       10.8207 |            1.6094 |            3.6099 |            2.8104 |            2.7909
 27188 |    478 | 2019-06-21 20:08:07   |       13.1486 |       18.3104 |       10.9758 |             1.631 |            3.6625 |              2.85 |            2.8324
 27188 |    479 | 2019-06-21 20:08:16.5 |       13.1441 |       18.3103 |       10.9636 |            1.6302 |            3.6598 |            2.8459 |            2.8277
 27188 |    480 | 2019-06-21 20:08:26   |       13.1462 |       18.3105 |       11.0793 |            1.6458 |            3.6994 |            2.8761 |            2.8579
 27188 |    481 | 2019-06-21 20:08:38.5 |       13.1538 |       18.3128 |       10.1613 |            1.5159 |            3.3862 |            2.6474 |            2.6118
 27188 |    482 | 2019-06-21 20:08:51   |       13.1441 |       18.3104 |       10.6138 |            1.5802 |              3.54 |            2.7579 |            2.7358
 27188 |    483 | 2019-06-21 20:09:01   |       13.1455 |       18.3106 |       10.8371 |            1.6117 |             3.616 |            2.8144 |            2.7949
 27188 |    484 | 2019-06-21 20:09:11   |       13.1452 |       18.3102 |        10.848 |            1.6133 |            3.6196 |            2.8172 |            2.7979
 27188 |    485 | 2019-06-21 20:09:20.5 |        13.137 |       18.3055 |       11.2104 |            1.6576 |            3.7469 |            2.9017 |            2.9043
 27188 |    486 | 2019-06-21 20:09:32   |       13.1148 |        18.301 |       11.5614 |            1.7036 |            3.8695 |            2.9907 |            2.9976
 27188 |    487 | 2019-06-21 20:09:44.5 |       13.1465 |       18.3103 |       10.3961 |            1.5495 |            3.4663 |            2.7035 |            2.6768
 27188 |    488 | 2019-06-21 20:09:55   |       13.1535 |       18.3124 |       11.0496 |            1.6404 |            3.6871 |            2.8702 |            2.8519
 27188 |    489 | 2019-06-21 20:10:05   |       13.1459 |       18.3037 |       10.8899 |            1.6189 |            3.6334 |            2.8273 |            2.8102
 27188 |    490 | 2019-06-21 20:10:15   |       13.1481 |       18.3134 |       11.1143 |            1.6518 |            3.7111 |            2.8844 |            2.8671
 27188 |    491 | 2019-06-21 20:10:25   |       13.1511 |       18.3106 |       11.2982 |            1.6767 |            3.7734 |            2.9315 |            2.9166
 27188 |    492 | 2019-06-21 20:10:37.5 |       13.1174 |       18.3112 |        9.8868 |            1.4799 |            3.2967 |            2.5708 |            2.5394
 27188 |    493 | 2019-06-21 20:10:50   |       13.1647 |       18.3114 |       10.8922 |              1.62 |            3.6334 |            2.8301 |            2.8087
 27188 |    494 | 2019-06-21 20:11:01   |       13.1522 |       18.3097 |       11.0717 |             1.644 |            3.6953 |            2.8743 |             2.858
(495 rows)

