  run  | subrun |         time          | step1_voltage | step2_voltage | total_current | pos_2step_current | pos_1step_current | neg_2step_current | neg_1step_current 
-------+--------+-----------------------+---------------+---------------+---------------+-------------------+-------------------+-------------------+-------------------
 27197 |      0 | 2019-06-22 06:32:37.5 |       13.1518 |       18.3099 |       11.1121 |            1.6498 |            3.7098 |            2.8842 |            2.8683
 27197 |      1 | 2019-06-22 06:32:46.5 |       13.1501 |        18.308 |       11.1769 |            1.6589 |            3.7327 |            2.8996 |            2.8857
 27197 |      2 | 2019-06-22 06:32:56.5 |        13.151 |       18.3092 |       11.3182 |            1.6783 |            3.7808 |            2.9365 |            2.9225
 27197 |      3 | 2019-06-22 06:33:07.5 |        13.147 |       18.3091 |       11.4603 |            1.6988 |            3.8301 |            2.9709 |            2.9605
 27197 |      4 | 2019-06-22 06:33:20   |       13.0582 |       18.3158 |       10.3058 |            1.5307 |             3.442 |            2.6688 |            2.6643
 27197 |      5 | 2019-06-22 06:33:31   |       13.1471 |       18.3103 |       10.9048 |            1.6206 |              3.64 |            2.8301 |             2.814
 27197 |      6 | 2019-06-22 06:33:41   |       13.1459 |       18.3104 |       10.9302 |            1.6243 |            3.6489 |            2.8371 |            2.8199
 27197 |      7 | 2019-06-22 06:33:51   |       13.1468 |       18.3101 |       11.0824 |            1.6449 |            3.7013 |            2.8761 |            2.8601
 27197 |      8 | 2019-06-22 06:34:00   |       13.1487 |       18.3102 |       11.2074 |            1.6624 |            3.7439 |            2.9082 |             2.893
 27197 |      9 | 2019-06-22 06:34:11.5 |        13.152 |         18.31 |       11.0799 |            1.6455 |            3.7007 |            2.8767 |             2.857
 27197 |     10 | 2019-06-22 06:34:24   |       13.1465 |       18.3105 |       10.5702 |            1.5747 |            3.5257 |            2.7461 |            2.7237
 27197 |     11 | 2019-06-22 06:34:34   |       13.1462 |         18.31 |       10.8156 |            1.6085 |            3.6096 |            2.8081 |            2.7895
 27197 |     12 | 2019-06-22 06:34:44   |       13.1478 |       18.3093 |       11.0341 |            1.6388 |            3.6839 |            2.8638 |            2.8475
 27197 |     13 | 2019-06-22 06:34:54   |       13.1492 |       18.3076 |       11.2086 |            1.6632 |            3.7444 |            2.9076 |            2.8934
 27197 |     14 | 2019-06-22 06:35:03.5 |       13.1487 |       18.3097 |       11.1721 |            1.6582 |            3.7317 |            2.8992 |            2.8831
 27197 |     15 | 2019-06-22 06:35:15.5 |       13.1522 |       18.3101 |       10.0793 |            1.5057 |            3.3593 |            2.6253 |             2.589
 27197 |     16 | 2019-06-22 06:35:28   |       13.1446 |       18.3093 |       10.6557 |            1.5867 |            3.5549 |            2.7677 |            2.7465
 27197 |     17 | 2019-06-22 06:35:38   |       13.1465 |       18.3097 |       10.9086 |            1.6217 |             3.641 |            2.8315 |            2.8143
 27197 |     18 | 2019-06-22 06:35:47.5 |       13.1456 |       18.3098 |       10.9948 |            1.6333 |            3.6712 |            2.8537 |            2.8366
 27197 |     19 | 2019-06-22 06:35:57   |       13.1468 |       18.3097 |       11.1415 |            1.6535 |            3.7213 |             2.891 |            2.8757
 27197 |     20 | 2019-06-22 06:36:08.5 |       13.1462 |       18.3099 |       11.3938 |            1.6899 |            3.8076 |            2.9546 |            2.9417
 27197 |     21 | 2019-06-22 06:36:21   |       13.1507 |       18.3104 |        10.462 |            1.5597 |            3.4883 |            2.7204 |            2.6936
 27197 |     22 | 2019-06-22 06:36:32   |       13.1457 |       18.3096 |       10.7667 |            1.6018 |            3.5927 |            2.7959 |            2.7763
 27197 |     23 | 2019-06-22 06:36:41.5 |       13.1465 |       18.3099 |       10.9597 |            1.6286 |            3.6588 |            2.8445 |            2.8277
 27197 |     24 | 2019-06-22 06:36:51   |       13.1483 |       18.3097 |       11.1422 |             1.654 |            3.7211 |            2.8912 |            2.8759
 27197 |     25 | 2019-06-22 06:37:01   |       13.1492 |       18.3095 |        11.234 |            1.6667 |            3.7526 |            2.9145 |            2.9002
 27197 |     26 | 2019-06-22 06:37:13   |       13.1508 |       18.3111 |       10.6009 |            1.5777 |            3.5376 |            2.7568 |            2.7288
 27197 |     27 | 2019-06-22 06:37:25.5 |       13.1469 |       18.3101 |       10.6706 |            1.5882 |            3.5602 |            2.7714 |            2.7508
 27197 |     28 | 2019-06-22 06:37:35.5 |       13.1475 |       18.3098 |       10.9036 |            1.6206 |            3.6395 |            2.8304 |            2.8131
 27197 |     29 | 2019-06-22 06:37:44.5 |        13.146 |       18.3097 |       10.9696 |            1.6297 |            3.6626 |            2.8468 |            2.8305
 27197 |     30 | 2019-06-22 06:37:54   |        13.149 |         18.31 |       11.1757 |            1.6587 |            3.7325 |            2.8997 |            2.8847
 27197 |     31 | 2019-06-22 06:38:04   |       13.1574 |       18.3091 |       11.1257 |            1.6515 |            3.7156 |            2.8888 |            2.8698
 27197 |     32 | 2019-06-22 06:38:16.5 |       13.1165 |       18.3056 |        9.8543 |            1.4711 |            3.2851 |            2.5655 |            2.5326
 27197 |     33 | 2019-06-22 06:38:29   |       13.1591 |       18.3109 |       10.9456 |            1.6272 |            3.6525 |            2.8424 |            2.8235
 27197 |     34 | 2019-06-22 06:38:38.5 |       13.1511 |        18.308 |       11.0693 |             1.644 |            3.6958 |            2.8722 |            2.8573
 27197 |     35 | 2019-06-22 06:38:48   |       13.1514 |       18.3099 |       11.2324 |            1.6662 |            3.7515 |            2.9146 |            2.9001
 27197 |     36 | 2019-06-22 06:38:58   |       13.1519 |       18.3104 |       11.3525 |            1.6827 |            3.7922 |            2.9459 |            2.9317
 27197 |     37 | 2019-06-22 06:39:09.5 |       13.1532 |        18.313 |       11.3625 |            1.6839 |            3.7964 |            2.9495 |            2.9327
 27197 |     38 | 2019-06-22 06:39:21.5 |       13.1407 |       18.3113 |       10.4755 |            1.5587 |            3.4948 |            2.7233 |            2.6987
 27197 |     39 | 2019-06-22 06:39:32.5 |       13.1466 |       18.3095 |       10.6494 |            1.5857 |            3.5528 |             2.766 |            2.7449
 27197 |     40 | 2019-06-22 06:39:42   |       13.1439 |       18.3112 |       10.8682 |            1.6146 |            3.6278 |            2.8196 |            2.8063
 27197 |     41 | 2019-06-22 06:39:51.5 |       13.1439 |       18.3099 |        10.976 |            1.6309 |            3.6649 |            2.8494 |            2.8309
 27197 |     42 | 2019-06-22 06:40:01   |       13.1453 |       18.3101 |       11.1248 |            1.6504 |            3.7164 |            2.8869 |            2.8711
 27197 |     43 | 2019-06-22 06:40:13.5 |       13.0996 |       18.3028 |       10.4003 |            1.5438 |            3.4755 |             2.695 |            2.6861
 27197 |     44 | 2019-06-22 06:40:26   |       13.1488 |       18.3082 |       10.8454 |            1.6126 |            3.6197 |            2.8154 |            2.7977
 27197 |     45 | 2019-06-22 06:40:36   |       13.1508 |       18.3092 |        11.027 |            1.6381 |            3.6811 |            2.8621 |            2.8456
 27197 |     46 | 2019-06-22 06:40:46   |       13.1486 |       18.3101 |       11.0815 |            1.6456 |            3.7003 |            2.8756 |              2.86
 27197 |     47 | 2019-06-22 06:40:55.5 |        13.144 |       18.3102 |       11.0304 |            1.6386 |            3.6839 |             2.862 |            2.8459
 27197 |     48 | 2019-06-22 06:41:05   |       13.1457 |       18.3096 |        11.113 |            1.6501 |            3.7119 |            2.8838 |            2.8672
 27197 |     49 | 2019-06-22 06:41:17.5 |       13.1674 |       18.3109 |       10.0779 |            1.5064 |             3.358 |             2.625 |            2.5885
 27197 |     50 | 2019-06-22 06:41:30   |       13.1446 |       18.3101 |       10.6548 |            1.5861 |            3.5552 |             2.767 |            2.7465
 27197 |     51 | 2019-06-22 06:41:40   |       13.1452 |       18.3094 |       10.8777 |             1.617 |            3.6311 |            2.8239 |            2.8057
 27197 |     52 | 2019-06-22 06:41:50   |        13.145 |       18.3098 |        10.995 |            1.6329 |            3.6715 |            2.8541 |            2.8365
 27197 |     53 | 2019-06-22 06:41:59.5 |        13.148 |       18.3097 |       11.1958 |             1.661 |            3.7399 |             2.905 |            2.8898
 27197 |     54 | 2019-06-22 06:42:11   |        13.149 |       18.3106 |       11.0981 |            1.6484 |            3.7072 |            2.8801 |            2.8625
 27197 |     55 | 2019-06-22 06:42:23.5 |       13.1457 |       18.3105 |       10.5147 |            1.5663 |            3.5075 |            2.7321 |            2.7088
 27197 |     56 | 2019-06-22 06:42:34   |       13.1367 |        18.319 |       10.8622 |            1.6067 |            3.6308 |            2.8134 |            2.8113
 27197 |     57 | 2019-06-22 06:42:44   |       13.1383 |        18.311 |        10.867 |            1.6123 |             3.629 |            2.8155 |            2.8101
 27197 |     58 | 2019-06-22 06:42:53.5 |       13.1435 |       18.3102 |       10.9759 |            1.6303 |            3.6654 |            2.8491 |            2.8311
 27197 |     59 | 2019-06-22 06:43:03   |       13.1511 |       18.3112 |       11.0479 |            1.6414 |            3.6889 |             2.869 |            2.8487
 27197 |     60 | 2019-06-22 06:43:15.5 |       13.1159 |       18.3107 |        9.7754 |            1.4648 |            3.2596 |             2.542 |             2.509
 27197 |     61 | 2019-06-22 06:43:28   |       13.1401 |       18.3161 |        10.809 |            1.6011 |            3.6114 |             2.805 |            2.7915
 27197 |     62 | 2019-06-22 06:43:37.5 |       13.1493 |       18.3052 |       10.8915 |            1.6168 |            3.6352 |            2.8263 |            2.8133
 27197 |     63 | 2019-06-22 06:43:47   |        13.144 |       18.3084 |        10.918 |            1.6212 |            3.6453 |            2.8317 |            2.8197
 27197 |     64 | 2019-06-22 06:43:57   |       13.1449 |       18.3091 |       11.0826 |            1.6453 |            3.7014 |            2.8759 |            2.8599
 27197 |     65 | 2019-06-22 06:44:10   |       13.1256 |       18.3001 |        11.527 |            1.6987 |             3.859 |            2.9809 |            2.9883
 27197 |     66 | 2019-06-22 06:44:23.5 |        13.153 |       18.3102 |       10.5731 |            1.5739 |            3.5264 |            2.7487 |            2.7242
 27197 |     67 | 2019-06-22 06:44:33.5 |       13.1555 |       18.3112 |       11.0573 |            1.6422 |            3.6899 |            2.8721 |            2.8531
 27197 |     68 | 2019-06-22 06:44:43   |       13.1368 |       18.3137 |       11.2121 |            1.6572 |            3.7497 |            2.9053 |            2.8998
 27197 |     69 | 2019-06-22 06:44:53   |       13.1498 |        18.311 |        11.298 |            1.6746 |            3.7741 |            2.9315 |            2.9178
 27197 |     70 | 2019-06-22 06:45:02.5 |       13.1335 |       18.3122 |       11.3139 |            1.6745 |             3.781 |             2.934 |            2.9244
 27197 |     71 | 2019-06-22 06:45:15   |       13.1393 |       18.3097 |       10.2949 |             1.534 |            3.4342 |            2.6776 |             2.649
 27197 |     72 | 2019-06-22 06:45:27.5 |       13.1433 |       18.3088 |       10.5658 |             1.574 |            3.5248 |            2.7447 |            2.7223
 27197 |     73 | 2019-06-22 06:45:37   |       13.1555 |       18.3075 |       10.9452 |            1.6242 |            3.6528 |            2.8445 |            2.8237
 27197 |     74 | 2019-06-22 06:45:47   |       13.1385 |       18.3135 |       11.3394 |            1.6712 |            3.7952 |            2.9344 |            2.9386
 27197 |     75 | 2019-06-22 06:45:56.5 |       13.1493 |       18.3074 |       11.2597 |            1.6701 |            3.7614 |            2.9212 |             2.907
 27197 |     76 | 2019-06-22 06:46:08   |       13.1171 |       18.3062 |       11.4309 |            1.6901 |            3.8231 |            2.9597 |             2.958
 27197 |     77 | 2019-06-22 06:46:20.5 |       13.1471 |       18.3102 |       10.0918 |            1.5085 |            3.3633 |            2.6268 |            2.5932
 27197 |     78 | 2019-06-22 06:46:31   |       13.1529 |       18.3121 |       11.0365 |             1.638 |            3.6835 |            2.8669 |            2.8481
 27197 |     79 | 2019-06-22 06:46:41   |       13.1517 |       18.3111 |        10.983 |            1.6311 |            3.6658 |            2.8527 |            2.8334
 27197 |     80 | 2019-06-22 06:46:50.5 |       13.0882 |       18.2897 |       11.1376 |            1.6468 |            3.7249 |            2.8798 |            2.8861
 27197 |     81 | 2019-06-22 06:47:00   |       13.1489 |       18.3078 |       11.3651 |            1.6834 |            3.7977 |            2.9473 |            2.9367
 27197 |     82 | 2019-06-22 06:47:12   |       13.1448 |       18.3122 |       11.0415 |            1.6395 |             3.688 |            2.8674 |            2.8466
 27197 |     83 | 2019-06-22 06:47:24.5 |       13.1538 |       18.3164 |        10.605 |            1.5791 |            3.5368 |             2.758 |            2.7311
 27197 |     84 | 2019-06-22 06:47:35   |       13.1523 |        18.305 |       10.9053 |            1.6197 |            3.6393 |            2.8319 |            2.8144
 27197 |     85 | 2019-06-22 06:47:45   |       13.1537 |       18.3157 |        11.099 |            1.6463 |            3.7052 |            2.8831 |            2.8643
 27197 |     86 | 2019-06-22 06:47:54.5 |       13.1435 |       18.3014 |       10.9611 |            1.6284 |              3.66 |            2.8453 |            2.8273
 27197 |     87 | 2019-06-22 06:48:04   |       13.1459 |       18.3093 |       11.0801 |            1.6449 |            3.7005 |            2.8759 |            2.8588
 27197 |     88 | 2019-06-22 06:48:16.5 |       13.1508 |       18.3086 |       10.0742 |            1.5053 |            3.3579 |            2.6228 |            2.5882
 27197 |     89 | 2019-06-22 06:48:29   |       13.1454 |       18.3106 |       10.6812 |            1.5901 |            3.5636 |            2.7742 |            2.7533
 27197 |     90 | 2019-06-22 06:48:38.5 |       13.1468 |         18.31 |       10.8991 |            1.6205 |             3.638 |            2.8294 |            2.8111
 27197 |     91 | 2019-06-22 06:48:48   |       13.1471 |       18.3101 |        11.033 |            1.6391 |            3.6837 |            2.8632 |             2.847
 27197 |     92 | 2019-06-22 06:48:57.5 |       13.1482 |       18.3097 |       11.1868 |            1.6604 |            3.7363 |            2.9028 |            2.8873
 27197 |     93 | 2019-06-22 06:49:08.5 |        13.147 |       18.3086 |       11.3106 |            1.6785 |            3.7789 |            2.9337 |            2.9195
 27197 |     94 | 2019-06-22 06:49:21   |       13.1519 |       18.3131 |       10.4418 |            1.5545 |            3.4816 |            2.7176 |            2.6881
 27197 |     95 | 2019-06-22 06:49:32   |       13.1488 |       18.3104 |       10.8583 |            1.6145 |            3.6239 |            2.8191 |            2.8008
 27197 |     96 | 2019-06-22 06:49:41.5 |       13.1496 |       18.3102 |       11.0528 |            1.6416 |            3.6904 |            2.8681 |            2.8527
 27197 |     97 | 2019-06-22 06:49:51.5 |       13.1501 |       18.3082 |       11.1932 |            1.6608 |            3.7388 |            2.9036 |              2.89
 27197 |     98 | 2019-06-22 06:50:01   |       13.1516 |         18.31 |       11.3477 |            1.6818 |             3.791 |            2.9445 |            2.9304
 27197 |     99 | 2019-06-22 06:50:13   |       13.1171 |       18.3074 |        10.835 |            1.6062 |            3.6205 |             2.811 |            2.7973
 27197 |    100 | 2019-06-22 06:50:25   |       13.1494 |       18.3107 |       10.5139 |            1.5671 |            3.5071 |            2.7323 |            2.7073
 27197 |    101 | 2019-06-22 06:50:35.5 |       13.1449 |       18.3094 |       10.7435 |            1.5984 |            3.5852 |            2.7899 |              2.77
 27197 |    102 | 2019-06-22 06:50:45   |       13.1461 |       18.3096 |       10.9514 |            1.6275 |            3.6562 |            2.8427 |             2.825
 27197 |    103 | 2019-06-22 06:50:55   |        13.145 |       18.3105 |       11.0239 |            1.6379 |            3.6814 |            2.8607 |            2.8439
 27197 |    104 | 2019-06-22 06:51:05   |       13.1478 |       18.3107 |       11.1571 |            1.6553 |            3.7269 |            2.8953 |            2.8796
 27197 |    105 | 2019-06-22 06:51:17.5 |       13.1522 |       18.3091 |       10.0804 |            1.5059 |            3.3597 |            2.6244 |            2.5904
 27197 |    106 | 2019-06-22 06:51:30   |        13.145 |       18.3098 |       10.6504 |            1.5858 |            3.5532 |             2.766 |            2.7454
 27197 |    107 | 2019-06-22 06:51:39.5 |       13.1475 |       18.3102 |         10.95 |             1.627 |            3.6557 |            2.8424 |            2.8249
 27197 |    108 | 2019-06-22 06:51:49   |       13.1465 |       18.3097 |       11.0164 |            1.6365 |            3.6781 |            2.8593 |            2.8425
 27197 |    109 | 2019-06-22 06:51:59   |       13.1477 |       18.3106 |       11.1457 |            1.6541 |             3.723 |            2.8923 |            2.8762
 27197 |    110 | 2019-06-22 06:52:10.5 |       13.1541 |       18.3113 |       11.2917 |            1.6764 |            3.7726 |            2.9291 |            2.9136
 27197 |    111 | 2019-06-22 06:52:23   |       13.1644 |       18.2974 |       10.4411 |            1.5562 |              3.48 |            2.7159 |             2.689
 27197 |    112 | 2019-06-22 06:52:33.5 |       13.1512 |       18.3076 |        10.954 |            1.6276 |            3.6561 |            2.8435 |            2.8267
 27197 |    113 | 2019-06-22 06:52:42.5 |       13.1517 |       18.3109 |       11.1666 |            1.6571 |            3.7284 |            2.8983 |            2.8828
 27197 |    114 | 2019-06-22 06:52:52.5 |       13.1527 |       18.3113 |       11.3083 |            1.6765 |            3.7766 |            2.9348 |            2.9204
 27197 |    115 | 2019-06-22 06:53:02   |       13.1504 |       18.3098 |       11.3192 |            1.6783 |            3.7814 |            2.9367 |            2.9227
 27197 |    116 | 2019-06-22 06:53:14   |       13.0905 |       18.2968 |       10.4325 |            1.5503 |            3.4858 |            2.7037 |            2.6927
 27197 |    117 | 2019-06-22 06:53:26   |        13.151 |       18.3091 |       10.7963 |            1.6066 |             3.602 |            2.8037 |             2.784
 27197 |    118 | 2019-06-22 06:53:36.5 |       13.1504 |       18.3088 |       10.9925 |            1.6329 |            3.6697 |            2.8528 |            2.8372
 27197 |    119 | 2019-06-22 06:53:46   |         13.15 |       18.3071 |       11.1243 |            1.6517 |            3.7147 |            2.8864 |            2.8715
 27197 |    120 | 2019-06-22 06:53:55.5 |       13.1516 |       18.3102 |       11.2999 |            1.6755 |            3.7745 |            2.9322 |            2.9178
 27197 |    121 | 2019-06-22 06:54:05   |       13.1586 |       18.3079 |       11.2881 |            1.6748 |            3.7697 |            2.9302 |            2.9134
 27197 |    122 | 2019-06-22 06:54:17.5 |        13.136 |       18.3102 |        9.7782 |            1.4665 |            3.2588 |            2.5444 |            2.5085
 27197 |    123 | 2019-06-22 06:54:30   |       13.1399 |       18.3094 |       11.0144 |            1.6308 |            3.6791 |            2.8583 |            2.8462
 27197 |    124 | 2019-06-22 06:54:40   |       13.1499 |       18.3099 |       11.1161 |            1.6508 |            3.7114 |            2.8844 |            2.8695
 27197 |    125 | 2019-06-22 06:54:50   |       13.1486 |       18.3098 |       11.1281 |            1.6522 |            3.7162 |            2.8876 |            2.8721
 27197 |    126 | 2019-06-22 06:54:59.5 |       13.1537 |       18.3077 |       11.3185 |            1.6796 |            3.7803 |            2.9373 |            2.9214
 27197 |    127 | 2019-06-22 06:55:10.5 |       13.1481 |       18.3086 |       11.3902 |            1.6888 |            3.8076 |            2.9517 |            2.9421
 27197 |    128 | 2019-06-22 06:55:23   |       13.1493 |       18.3098 |       10.4917 |            1.5643 |            3.4987 |            2.7269 |            2.7017
 27197 |    129 | 2019-06-22 06:55:34   |       13.1461 |         18.31 |       10.7788 |            1.6033 |            3.5974 |             2.799 |            2.7791
 27197 |    130 | 2019-06-22 06:55:44   |       13.1483 |       18.3099 |       11.0336 |            1.6384 |             3.684 |            2.8636 |            2.8477
 27197 |    131 | 2019-06-22 06:55:53.5 |       13.1491 |       18.3085 |       11.1796 |            1.6592 |            3.7341 |            2.9004 |            2.8858
 27197 |    132 | 2019-06-22 06:56:03   |        13.151 |       18.3098 |       11.2795 |            1.6727 |            3.7683 |            2.9263 |            2.9122
 27197 |    133 | 2019-06-22 06:56:15   |       13.1547 |       18.3113 |       10.3992 |            1.5498 |            3.4674 |            2.7085 |            2.6735
 27197 |    134 | 2019-06-22 06:56:27   |       13.1498 |       18.3088 |        10.687 |            1.5917 |            3.5649 |            2.7772 |            2.7532
 27197 |    135 | 2019-06-22 06:56:37   |       13.1494 |       18.3098 |       10.9756 |            1.6311 |            3.6638 |            2.8486 |             2.832
 27197 |    136 | 2019-06-22 06:56:47   |       13.1518 |       18.3109 |       11.2428 |            1.6678 |            3.7546 |            2.9174 |            2.9031
 27197 |    137 | 2019-06-22 06:56:56.5 |       13.1504 |       18.3082 |       11.2679 |            1.6713 |            3.7642 |            2.9229 |            2.9095
 27197 |    138 | 2019-06-22 06:57:06   |       13.1515 |       18.3106 |         11.37 |            1.6854 |            3.7986 |            2.9501 |            2.9359
 27197 |    139 | 2019-06-22 06:57:18.5 |       13.1583 |       18.3127 |       10.2023 |            1.5226 |            3.3995 |            2.6585 |            2.6216
 27197 |    140 | 2019-06-22 06:57:31   |       13.1432 |         18.31 |        10.614 |            1.5808 |            3.5411 |            2.7566 |            2.7355
 27197 |    141 | 2019-06-22 06:57:40.5 |       13.1469 |       18.3098 |       10.9573 |            1.6284 |            3.6579 |             2.844 |            2.8269
 27197 |    142 | 2019-06-22 06:57:50   |       13.1486 |       18.3095 |       11.1279 |            1.6516 |            3.7164 |            2.8875 |            2.8724
 27197 |    143 | 2019-06-22 06:58:00   |       13.1506 |       18.3084 |       11.2753 |             1.672 |            3.7672 |            2.9245 |            2.9115
 27197 |    144 | 2019-06-22 06:58:12   |       13.1279 |       18.3068 |       11.0667 |            1.6421 |            3.6983 |            2.8693 |            2.8571
 27197 |    145 | 2019-06-22 06:58:24   |       13.1595 |       18.3128 |       10.5858 |            1.5773 |            3.5298 |            2.7531 |            2.7255
 27197 |    146 | 2019-06-22 06:58:34   |       13.1482 |       18.3103 |       10.8527 |            1.6142 |            3.6219 |            2.8175 |            2.7992
 27197 |    147 | 2019-06-22 06:58:44   |       13.1476 |       18.3099 |        11.013 |            1.6362 |             3.677 |            2.8586 |            2.8413
 27197 |    148 | 2019-06-22 06:58:54   |       13.1493 |       18.3099 |       11.2043 |            1.6625 |            3.7424 |            2.9068 |            2.8926
 27197 |    149 | 2019-06-22 06:59:03.5 |       13.1493 |       18.3084 |        11.261 |            1.6707 |            3.7615 |            2.9218 |             2.907
 27197 |    150 | 2019-06-22 06:59:15.5 |       13.1118 |       18.3101 |        9.9475 |            1.4884 |            3.3188 |            2.5848 |            2.5555
 27197 |    151 | 2019-06-22 06:59:28   |       13.1554 |       18.3116 |       10.9936 |            1.6337 |            3.6682 |            2.8566 |            2.8352
 27197 |    152 | 2019-06-22 06:59:37.5 |       13.1312 |       18.3158 |       11.0545 |            1.6345 |            3.6975 |            2.8591 |            2.8634
 27197 |    153 | 2019-06-22 06:59:47   |       13.1528 |       18.3132 |       11.2913 |            1.6734 |            3.7713 |            2.9302 |            2.9164
 27197 |    154 | 2019-06-22 06:59:57   |       13.1525 |       18.3108 |       11.3447 |            1.6819 |            3.7895 |             2.944 |            2.9292
 27197 |    155 | 2019-06-22 07:00:06.5 |        13.149 |       18.3098 |       11.2403 |            1.6677 |            3.7549 |            2.9167 |             2.901
 27197 |    156 | 2019-06-22 07:00:19   |       13.1209 |       18.3158 |       10.2053 |            1.5152 |            3.4078 |            2.6501 |            2.6322
 27197 |    157 | 2019-06-22 07:00:31.5 |       13.1481 |       18.3098 |       10.8382 |            1.6124 |            3.6169 |            2.8139 |             2.795
 27197 |    158 | 2019-06-22 07:00:41   |       13.1496 |       18.3071 |       11.0629 |             1.643 |            3.6943 |            2.8703 |            2.8553
 27197 |    159 | 2019-06-22 07:00:51   |       13.1497 |       18.3101 |       11.1709 |            1.6578 |            3.7312 |            2.8981 |            2.8838
 27197 |    160 | 2019-06-22 07:01:01   |       13.1503 |       18.3083 |       11.2876 |            1.6743 |            3.7709 |             2.928 |            2.9144
 27197 |    161 | 2019-06-22 07:01:12.5 |       13.1428 |       18.3118 |       11.1597 |            1.6559 |            3.7286 |            2.8961 |            2.8791
 27197 |    162 | 2019-06-22 07:01:25   |       13.1534 |       18.3102 |       10.6292 |            1.5824 |            3.5452 |             2.763 |            2.7386
 27197 |    163 | 2019-06-22 07:01:35.5 |       13.1514 |        18.309 |       11.0093 |            1.6364 |            3.6746 |            2.8577 |            2.8407
 27197 |    164 | 2019-06-22 07:01:45   |       13.1511 |       18.3094 |       11.1766 |            1.6588 |            3.7321 |            2.9005 |            2.8852
 27197 |    165 | 2019-06-22 07:01:54   |       13.1514 |       18.3099 |       11.2745 |            1.6725 |            3.7656 |            2.9253 |            2.9111
 27197 |    166 | 2019-06-22 07:02:04   |       13.1512 |         18.31 |       11.2997 |            1.6756 |            3.7748 |            2.9321 |            2.9173
 27197 |    167 | 2019-06-22 07:02:16.5 |       13.1517 |       18.3112 |       10.2509 |            1.5296 |            3.4182 |            2.6683 |            2.6348
 27197 |    168 | 2019-06-22 07:02:29   |       13.1451 |       18.3097 |       10.6504 |            1.5854 |            3.5536 |            2.7663 |            2.7451
 27197 |    169 | 2019-06-22 07:02:39   |       13.1473 |       18.3099 |       10.9081 |            1.6214 |            3.6412 |            2.8319 |            2.8136
 27197 |    170 | 2019-06-22 07:02:48.5 |        13.145 |       18.3101 |       10.9539 |            1.6277 |            3.6571 |            2.8434 |            2.8256
 27197 |    171 | 2019-06-22 07:02:58   |       13.1465 |       18.3105 |       11.1084 |            1.6487 |            3.7105 |            2.8825 |            2.8666
 27197 |    172 | 2019-06-22 07:03:09.5 |       13.1494 |       18.3123 |       11.3626 |            1.6852 |            3.7968 |            2.9474 |            2.9332
 27197 |    173 | 2019-06-22 07:03:22   |       13.1522 |       18.3122 |       10.4435 |            1.5551 |            3.4828 |            2.7176 |             2.688
 27197 |    174 | 2019-06-22 07:03:32.5 |       13.1467 |         18.31 |       10.7858 |            1.6048 |            3.5997 |            2.8006 |            2.7807
 27197 |    175 | 2019-06-22 07:03:42   |       13.1477 |       18.3099 |       10.9875 |            1.6332 |            3.6679 |            2.8518 |            2.8346
 27197 |    176 | 2019-06-22 07:03:51.5 |       13.1494 |       18.3105 |       11.1604 |             1.657 |            3.7273 |            2.8957 |            2.8804
 27197 |    177 | 2019-06-22 07:04:01.5 |       13.1506 |       18.3088 |       11.3012 |            1.6763 |            3.7751 |            2.9319 |             2.918
 27197 |    178 | 2019-06-22 07:04:13   |       13.1428 |       18.3105 |       11.1022 |              1.65 |            3.7086 |            2.8804 |            2.8632
 27197 |    179 | 2019-06-22 07:04:25.5 |       13.1482 |        18.309 |        10.498 |             1.565 |            3.5009 |            2.7286 |            2.7035
 27197 |    180 | 2019-06-22 07:04:36   |       13.1448 |       18.3103 |       10.7542 |            1.6002 |            3.5886 |            2.7928 |            2.7727
 27197 |    181 | 2019-06-22 07:04:46   |       13.1479 |       18.3095 |       11.0387 |            1.6396 |            3.6855 |            2.8651 |            2.8484
 27197 |    182 | 2019-06-22 07:04:56   |       13.1495 |        18.308 |       11.2186 |            1.6649 |            3.7469 |            2.9106 |            2.8962
 27197 |    183 | 2019-06-22 07:05:05.5 |       13.1434 |       18.3096 |       11.0283 |            1.6371 |            3.6836 |            2.8625 |             2.845
 27197 |    184 | 2019-06-22 07:05:17.5 |       13.1036 |       18.3054 |        9.8455 |            1.4623 |            3.2883 |            2.5537 |            2.5412
 27197 |    185 | 2019-06-22 07:05:29.5 |       13.1526 |       18.3103 |       10.7732 |            1.6036 |             3.594 |            2.7993 |            2.7763
 27197 |    186 | 2019-06-22 07:05:39   |       13.1499 |       18.3118 |       11.0354 |            1.6371 |            3.6847 |            2.8656 |             2.848
 27197 |    187 | 2019-06-22 07:05:49   |       13.1562 |       18.3122 |       11.2925 |            1.6751 |            3.7701 |            2.9321 |            2.9151
 27197 |    188 | 2019-06-22 07:05:58.5 |       13.1359 |       18.3152 |       11.4084 |            1.6827 |            3.8178 |            2.9555 |            2.9524
 27197 |    189 | 2019-06-22 07:06:10   |       13.1497 |       18.3094 |       11.4621 |            1.6995 |            3.8306 |            2.9715 |            2.9605
 27197 |    190 | 2019-06-22 07:06:22.5 |       13.1523 |       18.3119 |       10.2876 |            1.5342 |            3.4292 |            2.6783 |             2.646
 27197 |    191 | 2019-06-22 07:06:33   |       13.1509 |       18.3089 |       10.9453 |            1.6269 |             3.653 |            2.8416 |            2.8238
 27197 |    192 | 2019-06-22 07:06:42.5 |       13.1532 |       18.3123 |       11.2151 |            1.6636 |            3.7445 |            2.9116 |            2.8954
 27197 |    193 | 2019-06-22 07:06:52   |       13.1518 |       18.3106 |       11.2757 |            1.6725 |            3.7656 |             2.926 |            2.9116
 27197 |    194 | 2019-06-22 07:07:01.5 |       13.1521 |       18.3105 |       11.3696 |            1.6854 |             3.798 |            2.9502 |            2.9359
 27197 |    195 | 2019-06-22 07:07:14   |       13.1501 |        18.311 |       10.7943 |            1.6056 |            3.6036 |            2.8047 |            2.7804
 27197 |    196 | 2019-06-22 07:07:26.5 |       13.1496 |       18.3103 |       10.7109 |            1.5943 |            3.5739 |            2.7819 |            2.7608
 27197 |    197 | 2019-06-22 07:07:36.5 |       13.1515 |       18.3098 |       11.0358 |            1.6392 |            3.6838 |            2.8646 |            2.8482
 27197 |    198 | 2019-06-22 07:07:46   |       13.1628 |       18.3144 |       11.2794 |            1.6721 |            3.7664 |            2.9293 |            2.9114
 27197 |    199 | 2019-06-22 07:07:55.5 |        13.123 |       18.3054 |       11.1745 |            1.6543 |            3.7345 |            2.8973 |            2.8885
 27197 |    200 | 2019-06-22 07:08:05.5 |       13.1493 |       18.3115 |       11.1555 |             1.654 |            3.7257 |            2.8968 |             2.879
 27197 |    201 | 2019-06-22 07:08:18.5 |       13.1137 |       18.3098 |        9.6453 |            1.4457 |             3.215 |             2.509 |            2.4756
 27197 |    202 | 2019-06-22 07:08:30.5 |       13.1523 |        18.311 |       10.9963 |            1.6335 |              3.67 |            2.8557 |             2.837
 27197 |    203 | 2019-06-22 07:08:39.5 |       13.1516 |       18.3105 |       11.0951 |            1.6475 |            3.7038 |            2.8796 |            2.8642
 27197 |    204 | 2019-06-22 07:08:49   |       13.1524 |       18.3105 |       11.2733 |            1.6719 |            3.7649 |            2.9258 |            2.9107
 27197 |    205 | 2019-06-22 07:08:59   |       13.1441 |       18.3103 |       11.1479 |            1.6541 |            3.7244 |            2.8917 |            2.8777
 27197 |    206 | 2019-06-22 07:09:10.5 |        13.156 |        18.308 |       11.0802 |            1.6493 |            3.6969 |            2.8781 |            2.8559
 27197 |    207 | 2019-06-22 07:09:22.5 |       13.1441 |       18.3099 |       10.2606 |            1.5301 |            3.4218 |            2.6678 |            2.6409
 27197 |    208 | 2019-06-22 07:09:33   |       13.0798 |       18.3029 |       10.9593 |            1.6195 |            3.6648 |            2.8345 |            2.8405
 27197 |    209 | 2019-06-22 07:09:43   |       13.1304 |       18.2998 |       11.0965 |            1.6399 |            3.7119 |            2.8696 |            2.8752
 27197 |    210 | 2019-06-22 07:09:52.5 |       13.1429 |       18.3104 |       10.9329 |            1.6253 |            3.6502 |            2.8374 |            2.8201
 27197 |    211 | 2019-06-22 07:10:02   |       13.1452 |       18.3095 |       11.0976 |            1.6473 |            3.7069 |            2.8799 |            2.8635
 27197 |    212 | 2019-06-22 07:10:14   |       13.1291 |       18.3097 |       10.6678 |            1.5891 |            3.5626 |            2.7679 |            2.7482
 27197 |    213 | 2019-06-22 07:10:26.5 |       13.1337 |       18.3124 |       10.8296 |            1.6003 |            3.6222 |            2.8043 |            2.8028
 27197 |    214 | 2019-06-22 07:10:36.5 |       13.0624 |       18.3167 |       10.9539 |            1.6213 |            3.6625 |            2.8324 |            2.8378
 27197 |    215 | 2019-06-22 07:10:46   |       13.1698 |       18.2952 |       11.0586 |            1.6393 |            3.6927 |            2.8664 |            2.8601
 27197 |    216 | 2019-06-22 07:10:56   |       13.1263 |       18.3085 |       11.3017 |            1.6749 |            3.7762 |            2.9301 |            2.9205
 27197 |    217 | 2019-06-22 07:11:05.5 |       13.1485 |       18.3105 |       11.3352 |            1.6798 |            3.7862 |            2.9421 |            2.9271
 27197 |    218 | 2019-06-22 07:11:18   |       13.1504 |       18.3136 |        9.8843 |            1.4764 |            3.2931 |            2.5774 |            2.5374
 27197 |    219 | 2019-06-22 07:11:30.5 |         13.15 |         18.31 |       10.8644 |            1.6153 |            3.6262 |            2.8204 |            2.8025
 27197 |    220 | 2019-06-22 07:11:40   |       13.1509 |       18.3087 |       11.0733 |            1.6441 |            3.6966 |            2.8741 |            2.8585
 27197 |    221 | 2019-06-22 07:11:50   |        13.153 |       18.3124 |       11.3117 |            1.6767 |            3.7775 |            2.9366 |            2.9209
 27197 |    222 | 2019-06-22 07:11:59.5 |       13.1528 |       18.3117 |       11.3872 |            1.6872 |            3.8036 |            2.9558 |            2.9406
 27197 |    223 | 2019-06-22 07:12:11   |       13.1443 |        18.309 |       11.1908 |            1.6623 |            3.7385 |            2.9026 |            2.8874
 27197 |    224 | 2019-06-22 07:12:23.5 |       13.1485 |       18.3093 |       10.4307 |            1.5552 |            3.4782 |            2.7119 |            2.6854
 27197 |    225 | 2019-06-22 07:12:33.5 |       13.1457 |       18.3095 |       10.7297 |            1.5968 |            3.5801 |            2.7865 |            2.7662
 27197 |    226 | 2019-06-22 07:12:43.5 |       13.1491 |       18.3096 |        11.058 |            1.6423 |            3.6916 |            2.8698 |            2.8543
 27197 |    227 | 2019-06-22 07:12:53   |       13.1515 |       18.3102 |       11.2814 |             1.673 |            3.7677 |            2.9275 |            2.9132
 27197 |    228 | 2019-06-22 07:13:03   |       13.1507 |       18.3093 |       11.3228 |             1.679 |            3.7822 |            2.9381 |            2.9236
 27197 |    229 | 2019-06-22 07:13:15   |       13.1262 |       18.3111 |       10.4324 |             1.555 |            3.4821 |            2.7104 |             2.685
 27197 |    230 | 2019-06-22 07:13:27   |       13.1517 |       18.2933 |       10.6504 |            1.5852 |            3.5518 |            2.7688 |            2.7446
 27197 |    231 | 2019-06-22 07:13:37.5 |       13.1569 |       18.3077 |       10.9866 |            1.6339 |            3.6663 |            2.8523 |            2.8341
 27197 |    232 | 2019-06-22 07:13:47   |       13.1514 |         18.31 |       11.2141 |            1.6638 |            3.7446 |            2.9104 |            2.8953
 27197 |    233 | 2019-06-22 07:13:56.5 |        13.152 |        18.311 |       11.3306 |            1.6799 |            3.7843 |            2.9405 |             2.926
 27197 |    234 | 2019-06-22 07:14:06   |       13.1547 |       18.3068 |       11.2621 |            1.6712 |            3.7616 |            2.9233 |            2.9061
 27197 |    235 | 2019-06-22 07:14:18.5 |       13.1296 |       18.3087 |        9.8003 |            1.4691 |            3.2659 |            2.5513 |             2.514
 27197 |    236 | 2019-06-22 07:14:31   |       13.1309 |        18.308 |       10.6152 |            1.5787 |            3.5434 |            2.7546 |            2.7384
 27197 |    237 | 2019-06-22 07:14:40.5 |       13.1449 |       18.3092 |       10.9054 |            1.6208 |            3.6399 |            2.8313 |            2.8134
 27197 |    238 | 2019-06-22 07:14:50   |       13.1461 |       18.3095 |       11.0057 |            1.6348 |            3.6745 |            2.8568 |            2.8397
 27197 |    239 | 2019-06-22 07:15:00   |       13.1502 |       18.3097 |       11.0427 |            1.6401 |            3.6873 |            2.8668 |            2.8486
 27197 |    240 | 2019-06-22 07:15:11.5 |       13.1478 |       18.3128 |       11.4949 |            1.7034 |            3.8415 |            2.9814 |            2.9686
 27197 |    241 | 2019-06-22 07:15:23.5 |       13.1368 |       18.3181 |       10.4764 |            1.5533 |            3.5005 |            2.7153 |            2.7073
 27197 |    242 | 2019-06-22 07:15:34   |       13.1473 |       18.3101 |       10.8132 |            1.6076 |            3.6088 |             2.808 |            2.7888
 27197 |    243 | 2019-06-22 07:15:44   |       13.1489 |       18.3094 |       11.0493 |             1.641 |            3.6888 |            2.8677 |            2.8517
 27197 |    244 | 2019-06-22 07:15:54   |       13.1486 |       18.3104 |       11.1487 |            1.6544 |            3.7232 |            2.8932 |             2.878
 27197 |    245 | 2019-06-22 07:16:03.5 |        13.149 |       18.3078 |       11.2259 |            1.6651 |              3.75 |            2.9123 |            2.8984
 27197 |    246 | 2019-06-22 07:16:15.5 |       13.1422 |        18.314 |       10.3702 |            1.5372 |            3.4654 |            2.6902 |            2.6774
 27197 |    247 | 2019-06-22 07:16:28   |       13.1505 |       18.3077 |       10.8361 |            1.6111 |            3.6161 |            2.8139 |             2.795
 27197 |    248 | 2019-06-22 07:16:38   |       13.1521 |       18.3107 |       11.0913 |            1.6465 |            3.7021 |            2.8799 |            2.8629
 27197 |    249 | 2019-06-22 07:16:47.5 |       13.1522 |       18.3101 |       11.2457 |            1.6682 |            3.7552 |            2.9185 |            2.9039
 27197 |    250 | 2019-06-22 07:16:57   |       13.1504 |       18.3085 |       11.2742 |            1.6722 |            3.7657 |            2.9252 |            2.9111
 27197 |    251 | 2019-06-22 07:17:06.5 |       13.1517 |       18.3101 |       11.3274 |            1.6783 |             3.784 |            2.9399 |            2.9252
 27197 |    252 | 2019-06-22 07:17:18.5 |       13.1333 |       18.3154 |        9.8543 |            1.4664 |            3.2893 |            2.5639 |            2.5347
 27197 |    253 | 2019-06-22 07:17:31   |       13.1505 |       18.3084 |       10.9121 |            1.6218 |            3.6422 |            2.8328 |            2.8153
 27197 |    254 | 2019-06-22 07:17:41   |       13.1513 |       18.3099 |       11.1126 |            1.6496 |            3.7101 |             2.884 |             2.869
 27197 |    255 | 2019-06-22 07:17:50.5 |       13.1507 |        18.308 |       11.2079 |            1.6634 |            3.7429 |            2.9081 |            2.8936
 27197 |    256 | 2019-06-22 07:18:00   |       13.1513 |        18.309 |       11.3201 |            1.6778 |            3.7815 |            2.9375 |            2.9233
 27197 |    257 | 2019-06-22 07:18:11.5 |       13.1538 |       18.3129 |       11.3483 |            1.6818 |            3.7916 |            2.9459 |             2.929
 27197 |    258 | 2019-06-22 07:18:24   |       13.1523 |       18.3102 |       10.4436 |            1.5564 |            3.4829 |            2.7149 |            2.6893
 27197 |    259 | 2019-06-22 07:18:34.5 |       13.1456 |       18.3097 |       10.7306 |            1.5958 |            3.5807 |            2.7869 |            2.7672
 27197 |    260 | 2019-06-22 07:18:44   |       13.1476 |       18.3099 |       10.9981 |            1.6333 |             3.672 |            2.8547 |            2.8381
 27197 |    261 | 2019-06-22 07:18:54   |       13.1466 |       18.3097 |       11.0701 |            1.6431 |            3.6969 |            2.8731 |             2.857
 27197 |    262 | 2019-06-22 07:19:03.5 |       13.1471 |       18.3099 |       11.1516 |            1.6543 |            3.7251 |            2.8943 |             2.878
 27197 |    263 | 2019-06-22 07:19:15.5 |        13.149 |       18.3102 |        10.673 |            1.5887 |            3.5619 |            2.7744 |            2.7481
 27197 |    264 | 2019-06-22 07:19:28.5 |       13.1461 |       18.3095 |       10.6301 |            1.5826 |            3.5462 |            2.7615 |            2.7397
 27197 |    265 | 2019-06-22 07:19:38.5 |       13.1489 |       18.3097 |       10.9405 |            1.6255 |            3.6518 |            2.8405 |            2.8227
 27197 |    266 | 2019-06-22 07:19:48   |       13.1507 |       18.3084 |       11.1526 |            1.6553 |            3.7236 |            2.8939 |            2.8798
 27197 |    267 | 2019-06-22 07:19:58   |       13.1521 |       18.3104 |        11.326 |            1.6788 |             3.783 |            2.9394 |            2.9248
 27197 |    268 | 2019-06-22 07:20:07.5 |       13.1495 |       18.3096 |       11.1074 |             1.649 |            3.7096 |            2.8837 |            2.8651
 27197 |    269 | 2019-06-22 07:20:19.5 |       13.1489 |       18.3135 |       10.1511 |            1.5122 |            3.3851 |            2.6445 |            2.6093
 27197 |    270 | 2019-06-22 07:20:31.5 |       13.1491 |       18.3092 |       10.7103 |            1.5947 |            3.5729 |            2.7825 |            2.7602
 27197 |    271 | 2019-06-22 07:20:41.5 |       13.1498 |       18.3076 |       11.0426 |            1.6401 |            3.6865 |            2.8659 |            2.8501
 27197 |    272 | 2019-06-22 07:20:51   |       13.1483 |       18.3106 |       11.1023 |             1.648 |            3.7073 |            2.8814 |            2.8656
 27197 |    273 | 2019-06-22 07:21:00.5 |       13.1439 |       18.3083 |       11.1782 |             1.658 |            3.7342 |            2.9001 |            2.8859
 27197 |    274 | 2019-06-22 07:21:12   |       13.0652 |       18.3008 |       11.3429 |            1.6766 |            3.7946 |            2.9331 |            2.9386
 27197 |    275 | 2019-06-22 07:21:24.5 |       13.1499 |       18.3101 |       10.4139 |            1.5513 |            3.4727 |            2.7084 |            2.6815
 27197 |    276 | 2019-06-22 07:21:35   |       13.1441 |       18.3141 |       10.8875 |             1.613 |            3.6363 |            2.8243 |             2.814
 27197 |    277 | 2019-06-22 07:21:45   |       13.1487 |       18.3099 |       10.9425 |            1.6271 |            3.6518 |            2.8421 |            2.8215
 27197 |    278 | 2019-06-22 07:21:54.5 |       13.1517 |       18.3102 |       11.2643 |            1.6707 |            3.7623 |             2.923 |            2.9083
 27197 |    279 | 2019-06-22 07:22:04   |       13.1511 |       18.3089 |       11.2979 |            1.6754 |            3.7739 |            2.9314 |            2.9171
 27197 |    280 | 2019-06-22 07:22:16   |       13.1492 |       18.3112 |       10.5648 |            1.5729 |            3.5254 |            2.7476 |            2.7189
 27197 |    281 | 2019-06-22 07:22:28.5 |       13.1466 |       18.3098 |       10.6489 |            1.5854 |            3.5524 |            2.7664 |            2.7447
 27197 |    282 | 2019-06-22 07:22:39   |       13.1499 |       18.3075 |       10.9927 |            1.6332 |            3.6696 |            2.8529 |             2.837
 27197 |    283 | 2019-06-22 07:22:48.5 |       13.1507 |       18.3093 |       11.1739 |            1.6577 |            3.7312 |            2.8999 |             2.885
 27197 |    284 | 2019-06-22 07:22:58   |       13.1535 |       18.3116 |       11.3705 |            1.6844 |            3.7983 |            2.9514 |            2.9364
 27197 |    285 | 2019-06-22 07:23:08   |       13.0168 |       18.3206 |       11.4687 |            1.6853 |            3.8403 |            2.9723 |            2.9708
 27197 |    286 | 2019-06-22 07:23:20.5 |       13.1369 |       18.2971 |       10.0445 |            1.4898 |            3.3555 |            2.6047 |            2.5945
 27197 |    287 | 2019-06-22 07:23:33   |       13.1494 |        18.308 |       10.8752 |            1.6163 |            3.6293 |            2.8236 |            2.8058
 27197 |    288 | 2019-06-22 07:23:42.5 |       13.1498 |       18.3084 |       11.0534 |            1.6417 |            3.6903 |            2.8682 |            2.8533
 27197 |    289 | 2019-06-22 07:23:51.5 |       13.1519 |       18.3107 |       11.2531 |             1.669 |            3.7581 |            2.9206 |            2.9054
 27197 |    290 | 2019-06-22 07:24:01   |       13.1491 |       18.3099 |        11.245 |            1.6683 |            3.7557 |             2.918 |            2.9029
 27197 |    291 | 2019-06-22 07:24:12.5 |       13.1445 |         18.31 |       11.2002 |            1.6627 |             3.742 |            2.9055 |            2.8899
 27197 |    292 | 2019-06-22 07:24:25   |       13.0913 |       18.3162 |       10.5638 |            1.5659 |            3.5299 |            2.7405 |            2.7275
 27197 |    293 | 2019-06-22 07:24:35.5 |       13.1456 |       18.3107 |        10.864 |            1.6148 |             3.626 |            2.8205 |            2.8027
 27197 |    294 | 2019-06-22 07:24:45   |       13.1507 |       18.3088 |       11.1369 |            1.6529 |            3.7183 |            2.8902 |            2.8754
 27197 |    295 | 2019-06-22 07:24:55   |        13.152 |       18.3144 |       11.3448 |            1.6797 |            3.7902 |            2.9448 |            2.9302
 27197 |    296 | 2019-06-22 07:25:04.5 |       13.0599 |       18.2954 |       11.1963 |            1.6548 |             3.746 |            2.8946 |             2.901
 27197 |    297 | 2019-06-22 07:25:17.5 |        13.105 |       18.3102 |        9.9701 |            1.4899 |            3.3271 |            2.5907 |            2.5624
 27197 |    298 | 2019-06-22 07:25:29.5 |       13.1526 |       18.3129 |       10.9892 |            1.6307 |            3.6678 |            2.8551 |            2.8357
 27197 |    299 | 2019-06-22 07:25:39   |       13.1534 |       18.3122 |       11.1215 |            1.6501 |            3.7123 |            2.8879 |            2.8713
 27197 |    300 | 2019-06-22 07:25:49   |       13.1491 |       18.3097 |       11.0976 |            1.6479 |            3.7061 |            2.8796 |             2.864
 27197 |    301 | 2019-06-22 07:25:58.5 |       13.1477 |       18.3101 |       11.1763 |            1.6581 |             3.733 |            2.8999 |            2.8853
 27197 |    302 | 2019-06-22 07:26:08   |       13.1804 |       18.3243 |       10.7236 |            1.6089 |            3.5698 |            2.7973 |            2.7476
 27197 |    303 | 2019-06-22 07:26:20.5 |       13.1377 |       18.3121 |        9.9567 |            1.4917 |            3.3176 |            2.5923 |            2.5552
 27197 |    304 | 2019-06-22 07:26:33   |        13.145 |       18.3098 |       10.6579 |            1.5869 |            3.5556 |            2.7683 |            2.7471
 27197 |    305 | 2019-06-22 07:26:43   |       13.1468 |       18.3101 |        10.923 |            1.6231 |            3.6462 |            2.8355 |            2.8182
 27197 |    306 | 2019-06-22 07:26:52.5 |       13.1478 |       18.3104 |       11.0859 |            1.6452 |            3.7026 |            2.8771 |             2.861
 27197 |    307 | 2019-06-22 07:27:02   |       13.1465 |       18.3095 |       11.1217 |            1.6508 |            3.7149 |            2.8864 |            2.8696
 27197 |    308 | 2019-06-22 07:27:13.5 |       13.1417 |       18.3096 |       11.0053 |            1.6356 |             3.676 |            2.8559 |            2.8378
 27197 |    309 | 2019-06-22 07:27:25.5 |       13.1536 |       18.3102 |       10.5527 |            1.5718 |            3.5195 |            2.7436 |            2.7178
 27197 |    310 | 2019-06-22 07:27:36   |        13.148 |       18.3106 |       10.8367 |            1.6112 |            3.6164 |            2.8142 |             2.795
 27197 |    311 | 2019-06-22 07:27:46   |       13.1504 |       18.3077 |       11.1094 |            1.6495 |            3.7096 |            2.8828 |            2.8675
 27197 |    312 | 2019-06-22 07:27:56   |       13.1532 |       18.3116 |       11.3524 |            1.6822 |            3.7916 |            2.9468 |            2.9318
 27197 |    313 | 2019-06-22 07:28:05.5 |       13.1494 |        18.309 |       11.2467 |            1.6682 |            3.7571 |            2.9176 |            2.9038
 27197 |    314 | 2019-06-22 07:28:17.5 |       13.1101 |        18.314 |         9.912 |            1.4775 |            3.3109 |            2.5676 |             2.556
 27197 |    315 | 2019-06-22 07:28:30   |       13.1524 |       18.3122 |       10.9866 |            1.6313 |            3.6668 |            2.8535 |             2.835
 27197 |    316 | 2019-06-22 07:28:40   |       13.1521 |       18.3103 |       11.0975 |             1.648 |            3.7044 |            2.8805 |            2.8646
 27197 |    317 | 2019-06-22 07:28:49.5 |       13.1528 |       18.3117 |       11.2736 |            1.6716 |            3.7646 |            2.9263 |             2.911
 27197 |    318 | 2019-06-22 07:28:59.5 |        13.152 |       18.3122 |        11.379 |            1.6856 |            3.8014 |            2.9534 |            2.9386
 27197 |    319 | 2019-06-22 07:29:09.5 |       13.1557 |       18.3095 |       11.3625 |            1.6856 |            3.7947 |            2.9502 |             2.932
 27197 |    320 | 2019-06-22 07:29:21.5 |       13.1431 |       18.3087 |       10.1751 |            1.5206 |            3.3917 |            2.6477 |             2.615
 27197 |    321 | 2019-06-22 07:29:34   |       13.1456 |       18.3097 |       10.6941 |            1.5914 |            3.5682 |            2.7776 |            2.7569
 27197 |    322 | 2019-06-22 07:29:43.5 |       13.1475 |       18.3104 |       10.9655 |            1.6289 |            3.6608 |            2.8465 |            2.8293
 27197 |    323 | 2019-06-22 07:29:53   |       13.1484 |       18.3102 |       11.1211 |            1.6506 |            3.7142 |            2.8861 |            2.8702
 27197 |    324 | 2019-06-22 07:30:03   |       13.1465 |       18.3096 |       11.1093 |            1.6487 |            3.7106 |            2.8832 |            2.8668
 27197 |    325 | 2019-06-22 07:30:15   |       13.0985 |       18.3141 |        10.921 |            1.6187 |            3.6517 |            2.8324 |            2.8182
 27197 |    326 | 2019-06-22 07:30:27.5 |       13.1518 |       18.3102 |       10.7751 |            1.6029 |            3.5953 |            2.7991 |            2.7778
 27197 |    327 | 2019-06-22 07:30:37.5 |       13.1516 |       18.3102 |       11.0249 |            1.6379 |            3.6799 |             2.862 |             2.845
 27197 |    328 | 2019-06-22 07:30:47   |        13.151 |       18.3094 |       11.1537 |            1.6555 |            3.7246 |            2.8946 |             2.879
 27197 |    329 | 2019-06-22 07:30:57   |       13.1531 |       18.3113 |       11.3417 |            1.6811 |            3.7881 |            2.9436 |            2.9289
 27197 |    330 | 2019-06-22 07:31:06.5 |       13.1647 |       18.3089 |       11.2667 |            1.6719 |            3.7624 |            2.9243 |            2.9081
 27197 |    331 | 2019-06-22 07:31:19   |       13.1212 |       18.3093 |        9.7459 |            1.4606 |            3.2491 |            2.5347 |            2.5015
 27197 |    332 | 2019-06-22 07:31:31.5 |       13.1519 |        18.312 |       10.7724 |            1.6017 |             3.594 |            2.7996 |             2.777
 27197 |    333 | 2019-06-22 07:31:41   |       13.1522 |       18.3129 |       10.9794 |            1.6303 |            3.6642 |            2.8521 |            2.8327
 27197 |    334 | 2019-06-22 07:31:50.5 |       13.1373 |       18.3174 |       11.0758 |            1.6387 |             3.702 |            2.8704 |            2.8647
 27197 |    335 | 2019-06-22 07:32:00   |       13.1466 |       18.3144 |       11.0231 |            1.6345 |            3.6829 |            2.8571 |            2.8487
 27197 |    336 | 2019-06-22 07:32:11.5 |       13.1453 |         18.31 |       11.2289 |            1.6666 |            3.7513 |            2.9127 |            2.8982
 27197 |    337 | 2019-06-22 07:32:24   |       13.0599 |        18.295 |       10.3856 |            1.5406 |            3.4705 |            2.6885 |            2.6862
 27197 |    338 | 2019-06-22 07:32:35   |       13.1469 |       18.3085 |       10.9155 |            1.6219 |            3.6436 |            2.8334 |            2.8167
 27197 |    339 | 2019-06-22 07:32:44.5 |       13.1467 |       18.3109 |       10.9582 |            1.6283 |            3.6579 |            2.8449 |            2.8271
 27197 |    340 | 2019-06-22 07:32:54   |       13.1489 |       18.3104 |       11.1554 |            1.6555 |            3.7257 |            2.8946 |            2.8796
 27197 |    341 | 2019-06-22 07:33:03   |        13.148 |       18.3103 |       11.1755 |            1.6577 |            3.7331 |            2.9002 |            2.8845
 27197 |    342 | 2019-06-22 07:33:15   |       13.1341 |       18.3101 |       10.8345 |            1.6119 |            3.6186 |            2.8118 |            2.7922
 27197 |    343 | 2019-06-22 07:33:27.5 |       13.1528 |       18.3115 |          10.8 |            1.6056 |            3.6034 |            2.8064 |            2.7846
 27197 |    344 | 2019-06-22 07:33:38   |       13.1516 |       18.3095 |        11.026 |            1.6377 |            3.6804 |            2.8625 |            2.8454
 27197 |    345 | 2019-06-22 07:33:47.5 |       13.1529 |       18.3116 |       11.2478 |            1.6686 |            3.7557 |            2.9194 |            2.9042
 27197 |    346 | 2019-06-22 07:33:57   |       13.1536 |       18.3124 |       11.3659 |            1.6841 |            3.7962 |            2.9503 |            2.9353
 27197 |    347 | 2019-06-22 07:34:07.5 |       13.1492 |       18.3106 |       11.1771 |            1.6586 |             3.733 |            2.9004 |             2.885
 27197 |    348 | 2019-06-22 07:34:21   |       13.1465 |       18.3113 |        9.8642 |            1.4744 |            3.2865 |            2.5704 |            2.5329
 27197 |    349 | 2019-06-22 07:34:33.5 |       13.1525 |       18.3117 |       10.9991 |            1.6335 |            3.6709 |            2.8565 |            2.8382
 27197 |    350 | 2019-06-22 07:34:43   |       13.1514 |       18.3097 |       11.1283 |             1.652 |            3.7151 |            2.8887 |            2.8725
 27197 |    351 | 2019-06-22 07:34:53   |       13.1516 |       18.3105 |       11.2571 |            1.6699 |            3.7594 |            2.9214 |            2.9064
 27197 |    352 | 2019-06-22 07:35:03   |       13.1619 |       18.3106 |       11.2149 |            1.6644 |            3.7453 |             2.912 |            2.8932
 27197 |    353 | 2019-06-22 07:35:14.5 |       13.1484 |       18.3102 |       11.0191 |            1.6387 |            3.6805 |            2.8599 |              2.84
 27197 |    354 | 2019-06-22 07:35:26.5 |       13.1533 |       18.3099 |       10.5264 |             1.569 |            3.5106 |            2.7361 |            2.7108
 27197 |    355 | 2019-06-22 07:35:37   |       13.1489 |       18.3099 |       10.8639 |            1.6158 |            3.6255 |            2.8208 |            2.8018
 27197 |    356 | 2019-06-22 07:35:47   |       13.1483 |       18.3088 |       11.0418 |            1.6406 |            3.6866 |            2.8654 |            2.8493
 27197 |    357 | 2019-06-22 07:35:56.5 |       13.1453 |       18.3093 |       11.0171 |            1.6366 |             3.679 |            2.8597 |            2.8417
 27197 |    358 | 2019-06-22 07:36:06   |       13.1413 |       18.3168 |       10.9589 |            1.6257 |            3.6596 |            2.8406 |            2.8329
 27197 |    359 | 2019-06-22 07:36:18.5 |       13.1171 |       18.3097 |       10.1344 |            1.5142 |            3.3816 |            2.6332 |            2.6054
 27197 |    360 | 2019-06-22 07:36:31   |       13.1446 |       18.3097 |       10.6632 |            1.5877 |            3.5579 |            2.7696 |            2.7481
 27197 |    361 | 2019-06-22 07:36:41   |       13.1484 |       18.3101 |       10.9548 |            1.6284 |            3.6565 |            2.8437 |            2.8263
 27197 |    362 | 2019-06-22 07:36:50.5 |       13.1491 |       18.3095 |       11.1144 |              1.65 |            3.7111 |            2.8846 |            2.8687
 27197 |    363 | 2019-06-22 07:37:00   |       13.1519 |       18.3104 |       11.3309 |            1.6796 |            3.7851 |            2.9405 |            2.9256
 27197 |    364 | 2019-06-22 07:37:11.5 |       13.1486 |       18.3124 |       11.3576 |            1.6845 |            3.7948 |            2.9462 |            2.9322
 27197 |    365 | 2019-06-22 07:37:24   |       13.0944 |       18.3196 |       10.2724 |            1.5245 |            3.4334 |            2.6587 |            2.6558
 27197 |    366 | 2019-06-22 07:37:34.5 |       13.1474 |       18.3104 |       10.8018 |            1.6068 |            3.6041 |            2.8052 |            2.7856
 27197 |    367 | 2019-06-22 07:37:44   |       13.1512 |       18.3092 |        11.118 |            1.6506 |            3.7118 |            2.8859 |            2.8697
 27197 |    368 | 2019-06-22 07:37:54   |       13.1522 |       18.3108 |       11.2826 |            1.6732 |            3.7678 |            2.9284 |            2.9132
 27197 |    369 | 2019-06-22 07:38:05   |       13.1489 |       18.3067 |       11.2182 |            1.6644 |            3.7472 |            2.9106 |            2.8959
 27197 |    370 | 2019-06-22 07:38:19   |       13.1153 |       18.3096 |        9.9991 |            1.4963 |            3.3358 |            2.5983 |            2.5687
 27197 |    371 | 2019-06-22 07:38:32   |       13.1448 |         18.31 |        10.667 |            1.5882 |            3.5589 |            2.7705 |            2.7493
 27197 |    372 | 2019-06-22 07:38:41.5 |       13.1476 |         18.31 |       10.9404 |            1.6261 |             3.652 |            2.8399 |            2.8223
 27197 |    373 | 2019-06-22 07:38:51   |       13.1485 |       18.3102 |       11.0903 |            1.6469 |            3.7031 |            2.8784 |            2.8618
 27197 |    374 | 2019-06-22 07:39:01   |       13.1486 |       18.3102 |       11.1764 |            1.6586 |             3.733 |            2.9006 |            2.8843
 27197 |    375 | 2019-06-22 07:39:12.5 |       13.1528 |        18.311 |        11.314 |            1.6796 |            3.7795 |            2.9362 |            2.9186
 27197 |    376 | 2019-06-22 07:39:25   |       13.1567 |       18.3132 |       10.3231 |            1.5402 |            3.4407 |            2.6881 |            2.6542
 27197 |    377 | 2019-06-22 07:39:35.5 |       13.1513 |       18.3102 |       10.9705 |            1.6302 |            3.6613 |            2.8485 |            2.8305
 27197 |    378 | 2019-06-22 07:39:45   |       13.1486 |       18.3129 |       11.2022 |            1.6601 |            3.7414 |            2.9072 |            2.8934
 27197 |    379 | 2019-06-22 07:39:55   |         13.15 |       18.3086 |       11.3083 |            1.6752 |            3.7776 |            2.9339 |            2.9217
 27197 |    380 | 2019-06-22 07:40:04.5 |        13.152 |       18.3089 |       11.2795 |             1.674 |            3.7668 |            2.9279 |            2.9109
 27197 |    381 | 2019-06-22 07:40:16.5 |       13.1065 |       18.3134 |       10.7117 |            1.5898 |            3.5784 |            2.7829 |            2.7607
 27197 |    382 | 2019-06-22 07:40:29.5 |       13.1513 |       18.3105 |       10.8774 |            1.6168 |            3.6294 |            2.8256 |            2.8055
 27197 |    383 | 2019-06-22 07:40:39.5 |       13.1523 |       18.3112 |       11.0833 |            1.6461 |            3.6993 |            2.8778 |            2.8602
 27197 |    384 | 2019-06-22 07:40:49   |       13.1284 |       18.3184 |       11.2597 |            1.6596 |            3.7671 |            2.9132 |            2.9198
 27197 |    385 | 2019-06-22 07:40:59   |       13.1526 |       18.3123 |       11.1678 |            1.6565 |            3.7291 |            2.9003 |            2.8819
 27197 |    386 | 2019-06-22 07:41:09   |       13.1495 |       18.3117 |       11.1185 |            1.6494 |            3.7125 |            2.8878 |            2.8688
 27197 |    387 | 2019-06-22 07:41:21.5 |       13.1249 |       18.3094 |        9.8394 |            1.4731 |            3.2798 |            2.5594 |            2.5271
 27197 |    388 | 2019-06-22 07:41:33.5 |       13.1538 |       18.3137 |       10.7791 |            1.6018 |             3.594 |             2.799 |            2.7843
 27197 |    389 | 2019-06-22 07:41:43   |       13.1499 |       18.3124 |       11.2099 |             1.659 |            3.7442 |            2.9109 |            2.8958
 27197 |    390 | 2019-06-22 07:41:53   |       13.0574 |       18.2993 |       11.1429 |            1.6477 |            3.7262 |            2.8817 |            2.8873
 27197 |    391 | 2019-06-22 07:42:02.5 |       13.1605 |        18.311 |       11.3461 |            1.6821 |            3.7898 |            2.9453 |            2.9289
 27197 |    392 | 2019-06-22 07:42:14   |       13.1447 |       18.3097 |       11.1008 |            1.6488 |            3.7084 |            2.8808 |            2.8628
 27197 |    393 | 2019-06-22 07:42:27.5 |       13.1513 |       18.3103 |       10.5924 |             1.577 |            3.5328 |            2.7536 |             2.729
 27197 |    394 | 2019-06-22 07:42:39   |       13.1489 |       18.3096 |       10.9244 |            1.6236 |            3.6463 |            2.8364 |            2.8181
 27197 |    395 | 2019-06-22 07:42:49   |       13.1506 |       18.3086 |       11.1504 |             1.655 |            3.7232 |            2.8938 |            2.8784
 27197 |    396 | 2019-06-22 07:42:58.5 |        13.152 |       18.3101 |       11.3076 |            1.6768 |            3.7768 |            2.9347 |            2.9193
 27197 |    397 | 2019-06-22 07:43:08   |       13.1513 |       18.3104 |       11.3231 |            1.6784 |            3.7823 |            2.9385 |            2.9239
 27197 |    398 | 2019-06-22 07:43:20.5 |       13.0743 |       18.3122 |        9.9801 |            1.4814 |            3.3361 |            2.5834 |            2.5792
 27197 |    399 | 2019-06-22 07:43:33   |       13.1517 |       18.3106 |       10.7826 |            1.6039 |            3.5978 |            2.8009 |            2.7801
 27197 |    400 | 2019-06-22 07:43:43   |       13.1491 |       18.3103 |         11.01 |            1.6356 |            3.6754 |            2.8579 |             2.841
 27197 |    401 | 2019-06-22 07:43:52.5 |       13.1506 |       18.3078 |       11.1906 |            1.6599 |            3.7371 |            2.9043 |            2.8893
 27197 |    402 | 2019-06-22 07:44:02   |       13.1527 |       18.3105 |       11.3508 |            1.6822 |             3.792 |            2.9459 |            2.9308
 27197 |    403 | 2019-06-22 07:44:13.5 |       13.1543 |       18.3129 |       11.3675 |            1.6837 |            3.7978 |            2.9516 |            2.9344
 27197 |    404 | 2019-06-22 07:44:26   |       13.1527 |       18.3098 |       10.4294 |            1.5545 |            3.4773 |            2.7126 |             2.685
 27197 |    405 | 2019-06-22 07:44:37   |       13.1559 |       18.3087 |       10.7221 |            1.5965 |            3.5767 |            2.7855 |            2.7633
 27197 |    406 | 2019-06-22 07:44:46.5 |       13.0992 |       18.3147 |       10.9622 |            1.6224 |            3.6643 |             2.842 |            2.8335
 27197 |    407 | 2019-06-22 07:44:56   |       13.1439 |       18.3104 |       11.0652 |            1.6423 |            3.6953 |             2.872 |            2.8556
 27197 |    408 | 2019-06-22 07:45:06   |       13.1423 |       18.3093 |       10.9828 |            1.6307 |            3.6677 |            2.8514 |             2.833
 27197 |    409 | 2019-06-22 07:45:18.5 |       13.1139 |       18.3101 |        9.9889 |            1.4938 |            3.3327 |            2.5955 |            2.5669
 27197 |    410 | 2019-06-22 07:45:31   |       13.1498 |       18.3112 |       10.7219 |            1.5951 |            3.5769 |            2.7862 |            2.7637
 27197 |    411 | 2019-06-22 07:45:41   |       13.1501 |       18.3078 |       11.0062 |            1.6352 |            3.6744 |            2.8564 |            2.8402
 27197 |    412 | 2019-06-22 07:45:50.5 |       13.1496 |        18.309 |       11.1222 |            1.6513 |            3.7136 |            2.8864 |            2.8709
 27197 |    413 | 2019-06-22 07:46:00   |       13.1512 |       18.3101 |       11.3027 |            1.6759 |            3.7755 |            2.9329 |            2.9183
 27197 |    414 | 2019-06-22 07:46:10   |       13.1491 |       18.3099 |       11.2281 |            1.6654 |            3.7505 |             2.914 |            2.8982
 27197 |    415 | 2019-06-22 07:46:22.5 |       13.1355 |       18.3071 |        9.7998 |             1.464 |             3.268 |            2.5477 |            2.5201
 27197 |    416 | 2019-06-22 07:46:35   |       13.1535 |       18.3122 |       11.0234 |            1.6367 |            3.6788 |            2.8635 |            2.8443
 27197 |    417 | 2019-06-22 07:46:44.5 |       13.1512 |       18.3091 |       11.1287 |            1.6522 |            3.7155 |            2.8883 |            2.8728
 27197 |    418 | 2019-06-22 07:46:54   |       13.1513 |       18.3098 |       11.2368 |             1.667 |            3.7529 |            2.9159 |             2.901
 27197 |    419 | 2019-06-22 07:47:04   |       13.1518 |       18.3098 |       11.3176 |            1.6779 |            3.7803 |            2.9369 |            2.9225
 27197 |    420 | 2019-06-22 07:47:15.5 |       13.1362 |       18.3104 |       10.8417 |            1.6122 |             3.621 |             2.814 |            2.7945
 27197 |    421 | 2019-06-22 07:47:27.5 |       13.1631 |       18.3127 |       10.5391 |            1.5704 |            3.5138 |            2.7422 |            2.7127
 27197 |    422 | 2019-06-22 07:47:38.5 |       13.1437 |        18.316 |       10.8907 |            1.6158 |             3.634 |             2.825 |            2.8159
 27197 |    423 | 2019-06-22 07:47:47.5 |       13.0688 |       18.3078 |       11.0446 |            1.6339 |            3.6924 |            2.8577 |            2.8607
 27197 |    424 | 2019-06-22 07:47:57   |       13.1432 |       18.3186 |       11.3629 |             1.677 |            3.7996 |            2.9439 |            2.9424
 27197 |    425 | 2019-06-22 07:48:06.5 |       13.1592 |       18.3108 |       11.3643 |            1.6855 |            3.7944 |            2.9515 |            2.9329
 27197 |    426 | 2019-06-22 07:48:19.5 |        13.154 |       18.3127 |       10.1781 |            1.5177 |            3.3928 |            2.6518 |            2.6159
 27197 |    427 | 2019-06-22 07:48:32   |       13.1485 |       18.3105 |       10.7647 |            1.6014 |            3.5913 |            2.7961 |            2.7759
 27197 |    428 | 2019-06-22 07:48:41.5 |       13.1486 |       18.3095 |       10.9673 |            1.6295 |             3.661 |            2.8471 |            2.8297
 27197 |    429 | 2019-06-22 07:48:51   |       13.1501 |       18.3093 |       11.1428 |            1.6537 |            3.7209 |            2.8918 |            2.8764
 27197 |    430 | 2019-06-22 07:49:00.5 |       13.1495 |       18.3094 |       11.2143 |            1.6637 |            3.7461 |            2.9095 |             2.895
 27197 |    431 | 2019-06-22 07:49:10   |       13.1514 |       18.3099 |       11.4299 |            1.6953 |            3.8189 |            2.9646 |            2.9511
 27197 |    432 | 2019-06-22 07:49:22.5 |       13.1539 |       18.3101 |       10.1593 |             1.515 |             3.387 |            2.6452 |            2.6121
 27197 |    433 | 2019-06-22 07:49:35   |       13.1467 |       18.3098 |        10.742 |            1.5985 |            3.5838 |            2.7901 |            2.7696
 27197 |    434 | 2019-06-22 07:49:45   |       13.1473 |       18.3102 |       10.9457 |            1.6269 |            3.6538 |            2.8414 |            2.8235
 27197 |    435 | 2019-06-22 07:49:54.5 |       13.1493 |       18.3103 |       11.1589 |            1.6565 |            3.7263 |            2.8957 |            2.8804
 27197 |    436 | 2019-06-22 07:50:04   |       13.1465 |       18.3098 |       11.1114 |            1.6499 |             3.711 |            2.8839 |            2.8666
 27197 |    437 | 2019-06-22 07:50:16   |       13.1384 |       18.3117 |       10.8269 |            1.6121 |            3.6149 |            2.8105 |            2.7894
 27197 |    438 | 2019-06-22 07:50:28.5 |       13.1468 |       18.3101 |       10.5716 |            1.5755 |             3.526 |            2.7464 |            2.7237
 27197 |    439 | 2019-06-22 07:50:39.5 |       13.1483 |         18.31 |       10.9102 |            1.6222 |            3.6414 |            2.8322 |            2.8144
 27197 |    440 | 2019-06-22 07:50:50.5 |       13.1453 |         18.31 |       10.9575 |            1.6281 |             3.658 |            2.8445 |            2.8268
 27197 |    441 | 2019-06-22 07:51:01   |       13.1473 |       18.3098 |       11.1347 |            1.6526 |            3.7191 |            2.8895 |            2.8736
 27197 |    442 | 2019-06-22 07:51:12.5 |       13.1502 |       18.3088 |       11.3323 |            1.6824 |            3.7858 |            2.9398 |            2.9243
 27197 |    443 | 2019-06-22 07:51:25   |       13.1529 |       18.2779 |       10.3114 |            1.5353 |            3.4385 |            2.6771 |            2.6605
 27197 |    444 | 2019-06-22 07:51:36   |       13.1496 |       18.3077 |       10.8656 |            1.6159 |            3.6262 |            2.8209 |            2.8026
 27197 |    445 | 2019-06-22 07:51:45.5 |       13.1488 |       18.3102 |       11.0064 |            1.6356 |            3.6739 |            2.8569 |              2.84
 27197 |    446 | 2019-06-22 07:51:55   |       13.1502 |       18.3099 |       11.1957 |            1.6617 |            3.7394 |            2.9043 |            2.8903
 27197 |    447 | 2019-06-22 07:52:05   |        13.149 |       18.3099 |       11.2005 |             1.662 |            3.7409 |             2.907 |            2.8905
 27197 |    448 | 2019-06-22 07:52:16.5 |       13.1544 |       18.3111 |       10.7196 |            1.5954 |            3.5766 |            2.7885 |            2.7592
 27197 |    449 | 2019-06-22 07:52:28.5 |       13.1358 |       18.3111 |       10.5837 |            1.5741 |            3.5327 |            2.7464 |            2.7306
 27197 |    450 | 2019-06-22 07:52:39   |       13.1505 |       18.3087 |       10.9738 |            1.6308 |            3.6627 |            2.8488 |            2.8315
 27197 |    451 | 2019-06-22 07:52:49   |       13.1506 |       18.3084 |       11.1213 |            1.6514 |            3.7133 |            2.8857 |            2.8709
 27197 |    452 | 2019-06-22 07:52:59   |       13.1531 |       18.3116 |       11.3479 |            1.6822 |            3.7903 |             2.945 |            2.9304
 27197 |    453 | 2019-06-22 07:53:08.5 |       13.1466 |       18.3111 |       11.1859 |            1.6599 |            3.7359 |            2.9035 |            2.8867
 27197 |    454 | 2019-06-22 07:53:21   |       13.0155 |       18.3015 |        9.6725 |            1.4431 |            3.2293 |            2.5062 |            2.4938
 27197 |    455 | 2019-06-22 07:53:33.5 |        13.149 |       18.3088 |       10.9327 |             1.625 |            3.6484 |            2.8386 |            2.8206
 27197 |    456 | 2019-06-22 07:53:42.5 |       13.1507 |       18.3084 |       11.0477 |            1.6414 |            3.6879 |            2.8674 |            2.8511
 27197 |    457 | 2019-06-22 07:53:52   |       13.1518 |       18.3097 |       11.2137 |            1.6643 |            3.7439 |            2.9106 |            2.8949
 27197 |    458 | 2019-06-22 07:54:02   |       13.1523 |       18.3091 |       11.3332 |            1.6804 |            3.7855 |            2.9407 |            2.9266
 27197 |    459 | 2019-06-22 07:54:13.5 |       13.1568 |       18.2902 |       11.3955 |            1.6895 |            3.8052 |            2.9562 |            2.9447
 27197 |    460 | 2019-06-22 07:54:26   |       13.1597 |       18.3106 |        10.341 |            1.5425 |            3.4469 |            2.6912 |            2.6603
 27197 |    461 | 2019-06-22 07:54:36.5 |       13.0333 |       18.2966 |       10.6604 |            1.5798 |             3.563 |            2.7578 |            2.7598
 27197 |    462 | 2019-06-22 07:54:46   |       13.1416 |       18.3101 |       10.8681 |            1.6159 |            3.6275 |            2.8212 |            2.8036
 27197 |    463 | 2019-06-22 07:54:56   |       13.1463 |       18.3103 |       11.0317 |            1.6386 |            3.6831 |            2.8639 |            2.8462
 27197 |    464 | 2019-06-22 07:55:05.5 |        13.144 |       18.3097 |        11.004 |            1.6347 |            3.6745 |            2.8564 |            2.8384
 27197 |    465 | 2019-06-22 07:55:17   |       13.1352 |       18.3099 |       10.8512 |            1.6147 |            3.6238 |            2.8161 |            2.7966
 27197 |    466 | 2019-06-22 07:55:29.5 |       13.1486 |       18.3099 |       10.6465 |            1.5853 |            3.5512 |            2.7664 |            2.7436
 27197 |    467 | 2019-06-22 07:55:40   |        13.149 |       18.3101 |       10.9342 |            1.6249 |            3.6494 |            2.8388 |            2.8211
 27197 |    468 | 2019-06-22 07:55:50   |       13.1508 |       18.3083 |       11.1532 |            1.6558 |            3.7239 |            2.8945 |             2.879
 27197 |    469 | 2019-06-22 07:56:00   |       13.1524 |       18.3103 |       11.3223 |            1.6788 |            3.7812 |            2.9386 |            2.9238
 27197 |    470 | 2019-06-22 07:56:09.5 |       13.1533 |        18.312 |       11.4106 |            1.6913 |            3.8122 |            2.9613 |            2.9458
 27197 |    471 | 2019-06-22 07:56:21.5 |       13.1452 |       18.3119 |        9.9463 |            1.4827 |            3.3164 |            2.5895 |            2.5577
 27197 |    472 | 2019-06-22 07:56:34   |       13.1488 |       18.3098 |       10.7628 |            1.6013 |            3.5907 |            2.7961 |            2.7747
 27197 |    473 | 2019-06-22 07:56:44   |       13.1497 |       18.3076 |       11.0336 |            1.6388 |            3.6834 |            2.8634 |            2.8479
 27197 |    474 | 2019-06-22 07:56:53.5 |       13.1501 |       18.3082 |       11.1627 |            1.6566 |            3.7279 |            2.8964 |            2.8818
 27197 |    475 | 2019-06-22 07:57:03   |       13.1455 |       18.3085 |        11.251 |            1.6688 |            3.7583 |            2.9182 |            2.9057
 27197 |    476 | 2019-06-22 07:57:14.5 |       13.0593 |       18.2999 |       11.4036 |             1.682 |            3.8179 |            2.9454 |            2.9583
 27197 |    477 | 2019-06-22 07:57:27   |       13.1573 |       18.3124 |       10.4071 |            1.5516 |            3.4693 |             2.708 |            2.6782
 27197 |    478 | 2019-06-22 07:57:37.5 |       13.0649 |       18.3052 |       11.0385 |            1.6289 |            3.6926 |            2.8573 |            2.8598
 27197 |    479 | 2019-06-22 07:57:47   |       13.1562 |       18.3076 |       11.1362 |            1.6538 |            3.7172 |            2.8904 |            2.8748
 27197 |    480 | 2019-06-22 07:57:57   |       13.1526 |       18.3121 |       11.3381 |              1.68 |            3.7869 |            2.9431 |            2.9282
 27197 |    481 | 2019-06-22 07:58:06.5 |       13.1514 |       18.3091 |       11.3264 |            1.6738 |            3.7866 |            2.9377 |            2.9282
 27197 |    482 | 2019-06-22 07:58:18.5 |       13.1213 |       18.3069 |       10.2389 |            1.5292 |            3.4152 |            2.6601 |            2.6344
 27197 |    483 | 2019-06-22 07:58:31   |       13.1514 |        18.295 |       10.7313 |            1.5953 |             3.578 |            2.7877 |            2.7704
 27197 |    484 | 2019-06-22 07:58:41   |       13.1524 |       18.3107 |       11.0856 |             1.646 |               3.7 |            2.8782 |            2.8614
 27197 |    485 | 2019-06-22 07:58:51   |       13.1519 |       18.3101 |       11.2061 |            1.6628 |            3.7416 |            2.9085 |            2.8932
 27197 |    486 | 2019-06-22 07:59:00.5 |       13.1525 |        18.312 |       11.3469 |            1.6815 |              3.79 |            2.9447 |            2.9306
 27197 |    487 | 2019-06-22 07:59:10   |       13.1515 |       18.3095 |       11.3568 |            1.6853 |            3.7939 |             2.946 |            2.9316
 27197 |    488 | 2019-06-22 07:59:22.5 |       13.1528 |       18.3126 |        9.9335 |            1.4838 |            3.3094 |            2.5897 |            2.5505
 27197 |    489 | 2019-06-22 07:59:35   |       13.1511 |       18.3094 |       10.9374 |            1.6259 |            3.6498 |            2.8397 |             2.822
 27197 |    490 | 2019-06-22 07:59:44.5 |       13.1524 |       18.3104 |       11.1444 |            1.6541 |            3.7202 |            2.8934 |            2.8768
 27197 |    491 | 2019-06-22 07:59:54.5 |       13.1528 |       18.3114 |       11.2915 |            1.6742 |            3.7709 |            2.9309 |            2.9156
 27197 |    492 | 2019-06-22 08:00:04   |       13.1448 |       18.2926 |       11.0514 |            1.6407 |            3.6894 |            2.8678 |            2.8535
 27197 |    493 | 2019-06-22 08:00:16   |       13.1445 |       18.3133 |       11.1751 |            1.6599 |            3.7334 |            2.8995 |            2.8822
 27197 |    494 | 2019-06-22 08:00:31   |       13.1511 |       18.3096 |       10.8756 |            1.6171 |            3.6288 |            2.8245 |            2.8052
(495 rows)

