  run  | subrun |         time          | step1_voltage | step2_voltage | total_current | pos_2step_current | pos_1step_current | neg_2step_current | neg_1step_current 
-------+--------+-----------------------+---------------+---------------+---------------+-------------------+-------------------+-------------------+-------------------
 27191 |      0 | 2019-06-21 23:09:58   |       13.1472 |       18.3092 |       10.7031 |             1.592 |            3.5712 |            2.7803 |            2.7596
 27191 |      1 | 2019-06-21 23:10:08   |       13.0698 |       18.3168 |       10.8534 |             1.607 |            3.6276 |            2.8087 |            2.8102
 27191 |      2 | 2019-06-21 23:10:18   |       13.1551 |       18.3073 |       11.1266 |             1.653 |            3.7147 |            2.8868 |            2.8721
 27191 |      3 | 2019-06-21 23:10:27.5 |       13.1516 |       18.3092 |       11.2726 |            1.6728 |            3.7645 |            2.9246 |            2.9106
 27191 |      4 | 2019-06-21 23:10:37.5 |       13.1514 |       18.3099 |       11.3115 |            1.6777 |            3.7787 |             2.935 |            2.9202
 27191 |      5 | 2019-06-21 23:10:49.5 |       13.1224 |       18.3165 |       10.0171 |             1.487 |            3.3449 |            2.6045 |            2.5807
 27191 |      6 | 2019-06-21 23:11:02   |       13.1629 |       18.3109 |       10.9197 |            1.6233 |            3.6432 |            2.8367 |            2.8165
 27191 |      7 | 2019-06-21 23:11:12   |       13.1511 |       18.3108 |       11.0582 |            1.6436 |            3.6909 |            2.8702 |            2.8535
 27191 |      8 | 2019-06-21 23:11:21.5 |       13.1493 |       18.3085 |       11.1506 |            1.6561 |            3.7232 |            2.8929 |            2.8784
 27191 |      9 | 2019-06-21 23:11:31   |       13.1497 |       18.3099 |        11.244 |            1.6688 |            3.7555 |            2.9167 |             2.903
 27191 |     10 | 2019-06-21 23:11:43.5 |       13.1482 |       18.3104 |       11.3731 |            1.6862 |            3.7999 |            2.9499 |            2.9371
 27191 |     11 | 2019-06-21 23:11:56.5 |       13.1066 |       18.3013 |       10.5875 |            1.5702 |            3.5354 |            2.7454 |            2.7365
 27191 |     12 | 2019-06-21 23:12:07.5 |       13.1437 |       18.3095 |       10.8028 |            1.6066 |            3.6051 |            2.8041 |             2.787
 27191 |     13 | 2019-06-21 23:12:17   |       13.1449 |       18.3103 |       10.9083 |            1.6222 |             3.641 |            2.8312 |            2.8139
 27191 |     14 | 2019-06-21 23:12:27   |       13.1457 |       18.3102 |       11.0477 |            1.6413 |            3.6886 |            2.8673 |            2.8505
 27191 |     15 | 2019-06-21 23:12:36.5 |       13.1477 |       18.3102 |       11.1682 |            1.6577 |            3.7301 |            2.8984 |            2.8819
 27191 |     16 | 2019-06-21 23:12:48.5 |       13.1508 |         18.31 |       10.2167 |            1.5238 |            3.4059 |            2.6604 |            2.6267
 27191 |     17 | 2019-06-21 23:13:01   |       13.1446 |       18.3103 |       10.6166 |            1.5808 |            3.5411 |            2.7582 |            2.7366
 27191 |     18 | 2019-06-21 23:13:10.5 |       13.1478 |       18.3116 |       10.7786 |            1.6031 |             3.596 |            2.8001 |            2.7795
 27191 |     19 | 2019-06-21 23:13:20   |       13.1425 |       18.3096 |       10.8623 |            1.6158 |            3.6254 |            2.8194 |            2.8017
 27191 |     20 | 2019-06-21 23:13:30   |       13.1463 |       18.3104 |       10.9948 |            1.6339 |            3.6709 |            2.8543 |            2.8356
 27191 |     21 | 2019-06-21 23:13:41.5 |       13.1147 |       18.2934 |       11.2347 |            1.6609 |             3.758 |            2.9086 |            2.9071
 27191 |     22 | 2019-06-21 23:13:54   |       13.1518 |       18.3129 |       10.6279 |              1.58 |             3.544 |            2.7651 |            2.7388
 27191 |     23 | 2019-06-21 23:14:04.5 |       13.0973 |       18.3174 |        10.865 |            1.6052 |            3.6332 |            2.8159 |            2.8107
 27191 |     24 | 2019-06-21 23:14:14   |       13.1508 |       18.3094 |       11.1028 |            1.6492 |            3.7064 |            2.8812 |             2.866
 27191 |     25 | 2019-06-21 23:14:24   |       13.1497 |       18.3085 |       11.1915 |            1.6616 |            3.7374 |            2.9034 |            2.8891
 27191 |     26 | 2019-06-21 23:14:33.5 |       13.1508 |       18.3094 |       11.3159 |            1.6787 |            3.7798 |            2.9356 |            2.9218
 27191 |     27 | 2019-06-21 23:14:45.5 |       13.1521 |       18.3113 |       11.0421 |            1.6392 |            3.6868 |             2.869 |            2.8471
 27191 |     28 | 2019-06-21 23:14:58   |       13.1504 |       18.3108 |       10.7191 |            1.5944 |            3.5762 |            2.7848 |            2.7638
 27191 |     29 | 2019-06-21 23:15:08   |       13.1498 |       18.3117 |        10.816 |            1.6075 |            3.6081 |            2.8106 |            2.7899
 27191 |     30 | 2019-06-21 23:15:18   |       13.1475 |       18.3099 |       11.0516 |            1.6423 |            3.6895 |            2.8679 |             2.852
 27191 |     31 | 2019-06-21 23:15:27.5 |       13.1466 |       18.3101 |       11.0921 |            1.6477 |            3.7042 |            2.8785 |            2.8617
 27191 |     32 | 2019-06-21 23:15:37.5 |       13.1472 |       18.3107 |       11.1429 |            1.6543 |            3.7214 |             2.892 |            2.8753
 27191 |     33 | 2019-06-21 23:15:49.5 |       13.1529 |       18.3116 |       10.1474 |            1.5146 |            3.3817 |            2.6436 |            2.6075
 27191 |     34 | 2019-06-21 23:16:02   |       13.1452 |       18.3132 |       10.6062 |            1.5793 |            3.5375 |            2.7566 |            2.7328
 27191 |     35 | 2019-06-21 23:16:12   |       13.1435 |        18.301 |       10.7864 |            1.6044 |               3.6 |            2.7973 |            2.7847
 27191 |     36 | 2019-06-21 23:16:22   |        13.144 |       18.3092 |       10.9187 |            1.6235 |            3.6449 |            2.8338 |            2.8164
 27191 |     37 | 2019-06-21 23:16:31.5 |       13.1456 |       18.3101 |       11.0715 |            1.6438 |            3.6974 |            2.8736 |            2.8567
 27191 |     38 | 2019-06-21 23:16:42.5 |       13.1454 |        18.311 |       11.2702 |            1.6714 |            3.7657 |            2.9242 |            2.9089
 27191 |     39 | 2019-06-21 23:16:55   |       13.1507 |       18.3099 |       10.4955 |            1.5629 |            3.4999 |            2.7293 |            2.7034
 27191 |     40 | 2019-06-21 23:17:06   |       13.1439 |       18.3104 |       10.5999 |             1.578 |            3.5355 |            2.7545 |            2.7319
 27191 |     41 | 2019-06-21 23:17:16   |       13.1437 |       18.3115 |       10.9413 |            1.6266 |            3.6522 |            2.8402 |            2.8223
 27191 |     42 | 2019-06-21 23:17:25.5 |       13.1045 |       18.3083 |       11.1307 |            1.6505 |            3.7188 |            2.8846 |            2.8768
 27191 |     43 | 2019-06-21 23:17:35   |       13.1592 |       18.3149 |        11.439 |            1.6937 |            3.8215 |            2.9706 |            2.9532
 27191 |     44 | 2019-06-21 23:17:47   |       13.1147 |       18.3129 |       10.4256 |            1.5508 |            3.4801 |            2.7069 |            2.6878
 27191 |     45 | 2019-06-21 23:17:59.5 |       13.1532 |        18.312 |       10.9324 |            1.6246 |            3.6471 |            2.8403 |            2.8203
 27191 |     46 | 2019-06-21 23:18:09.5 |       13.1526 |       18.3117 |       11.0471 |            1.6422 |            3.6868 |            2.8677 |            2.8504
 27191 |     47 | 2019-06-21 23:18:19   |       13.1508 |        18.309 |       11.1685 |            1.6586 |            3.7291 |            2.8977 |            2.8831
 27191 |     48 | 2019-06-21 23:18:29   |       13.1519 |       18.3109 |       11.3074 |            1.6774 |            3.7764 |             2.934 |            2.9196
 27191 |     49 | 2019-06-21 23:18:39   |       13.1509 |       18.3096 |       11.3477 |            1.6826 |            3.7908 |            2.9442 |            2.9301
 27191 |     50 | 2019-06-21 23:18:51.5 |        13.106 |       18.3155 |        9.7798 |             1.458 |            3.2623 |            2.5402 |            2.5193
 27191 |     51 | 2019-06-21 23:19:04   |         13.15 |       18.3103 |       10.8453 |            1.6126 |            3.6187 |             2.816 |             2.798
 27191 |     52 | 2019-06-21 23:19:14   |       13.1128 |       18.3193 |       11.0429 |            1.6326 |            3.6919 |            2.8643 |            2.8541
 27191 |     53 | 2019-06-21 23:19:23.5 |       13.1436 |       18.3105 |       10.9354 |            1.6249 |            3.6511 |            2.8384 |             2.821
 27191 |     54 | 2019-06-21 23:19:33   |       13.1454 |       18.3102 |       11.0737 |            1.6444 |            3.6978 |             2.874 |            2.8575
 27191 |     55 | 2019-06-21 23:19:44.5 |       13.1435 |       18.3088 |       10.9666 |            1.6272 |            3.6624 |             2.843 |            2.8339
 27191 |     56 | 2019-06-21 23:19:57   |       13.1533 |       18.3141 |       10.7437 |             1.597 |            3.5828 |            2.7944 |            2.7695
 27191 |     57 | 2019-06-21 23:20:08   |       13.1589 |        18.281 |       10.8447 |            1.5979 |            3.6278 |            2.7981 |             2.821
 27191 |     58 | 2019-06-21 23:20:17.5 |        13.143 |       18.3151 |        10.936 |            1.6295 |             3.649 |            2.8412 |            2.8164
 27191 |     59 | 2019-06-21 23:20:27   |       13.1457 |       18.3106 |       11.0408 |            1.6409 |            3.6864 |            2.8659 |            2.8477
 27191 |     60 | 2019-06-21 23:20:36.5 |       13.1472 |         18.31 |        11.125 |            1.6521 |            3.7153 |            2.8873 |            2.8703
 27191 |     61 | 2019-06-21 23:20:48.5 |       13.1503 |       18.3088 |        10.184 |            1.5196 |            3.3951 |            2.6513 |            2.6181
 27191 |     62 | 2019-06-21 23:21:01   |       13.1447 |       18.3103 |       10.6157 |            1.5809 |            3.5408 |            2.7579 |             2.736
 27191 |     63 | 2019-06-21 23:21:11   |       13.1465 |       18.3103 |       10.7933 |            1.6059 |            3.6013 |            2.8027 |            2.7834
 27191 |     64 | 2019-06-21 23:21:20.5 |       13.1491 |       18.3104 |       11.1189 |            1.6519 |            3.7125 |            2.8851 |            2.8693
 27191 |     65 | 2019-06-21 23:21:30   |       13.1492 |       18.3099 |       11.2077 |             1.664 |            3.7432 |            2.9076 |            2.8929
 27191 |     66 | 2019-06-21 23:21:41.5 |       13.1475 |       18.3105 |       11.2928 |            1.6754 |            3.7725 |            2.9297 |            2.9152
 27191 |     67 | 2019-06-21 23:21:54   |       13.1526 |       18.3095 |       10.3294 |              1.54 |            3.4434 |            2.6877 |            2.6583
 27191 |     68 | 2019-06-21 23:22:05   |       13.1529 |       18.3133 |       10.8418 |              1.61 |            3.6172 |            2.8184 |            2.7962
 27191 |     69 | 2019-06-21 23:22:15   |         13.15 |        18.308 |        11.062 |            1.6444 |            3.6932 |            2.8697 |            2.8547
 27191 |     70 | 2019-06-21 23:22:25   |       13.1499 |       18.3102 |       11.1874 |            1.6613 |            3.7361 |            2.9025 |            2.8875
 27191 |     71 | 2019-06-21 23:22:34.5 |       13.1506 |       18.3089 |       11.2957 |            1.6761 |            3.7732 |            2.9299 |            2.9165
 27191 |     72 | 2019-06-21 23:22:46   |       13.1502 |       18.3095 |       11.1189 |            1.6508 |            3.7135 |            2.8868 |            2.8678
 27191 |     73 | 2019-06-21 23:22:58   |       13.1483 |       18.3051 |       10.6115 |            1.5798 |             3.539 |            2.7567 |             2.736
 27191 |     74 | 2019-06-21 23:23:08   |       13.1489 |       18.3101 |       10.8843 |            1.6189 |            3.6323 |            2.8255 |            2.8075
 27191 |     75 | 2019-06-21 23:23:18   |       13.1476 |       18.3098 |       11.0018 |            1.6354 |            3.6726 |            2.8555 |            2.8383
 27191 |     76 | 2019-06-21 23:23:27.5 |       13.1486 |       18.3102 |        11.154 |            1.6561 |            3.7248 |            2.8946 |            2.8785
 27191 |     77 | 2019-06-21 23:23:37.5 |       13.1481 |       18.3099 |       11.1732 |            1.6581 |            3.7316 |               2.9 |            2.8835
 27191 |     78 | 2019-06-21 23:23:49.5 |       13.1512 |       18.3103 |       10.2239 |            1.5253 |            3.4084 |            2.6621 |            2.6282
 27191 |     79 | 2019-06-21 23:24:02   |       13.1441 |       18.3105 |       10.6017 |            1.5784 |            3.5362 |            2.7547 |            2.7323
 27191 |     80 | 2019-06-21 23:24:12   |        13.144 |         18.31 |       10.7811 |            1.6052 |            3.5975 |            2.7992 |            2.7792
 27191 |     81 | 2019-06-21 23:24:21.5 |       13.1444 |       18.3102 |       10.9382 |            1.6264 |            3.6514 |            2.8393 |            2.8211
 27191 |     82 | 2019-06-21 23:24:31   |       13.1469 |       18.3104 |       11.1172 |            1.6507 |            3.7125 |            2.8849 |             2.869
 27191 |     83 | 2019-06-21 23:24:42.5 |       13.1581 |       18.3103 |       11.3522 |            1.6846 |             3.792 |             2.946 |            2.9296
 27191 |     84 | 2019-06-21 23:24:55.5 |       13.1555 |       18.3101 |       10.4608 |            1.5589 |            3.4875 |            2.7211 |            2.6933
 27191 |     85 | 2019-06-21 23:25:06   |       13.1545 |       18.3123 |       10.8069 |             1.606 |            3.6045 |            2.8094 |            2.7869
 27191 |     86 | 2019-06-21 23:25:15.5 |       13.1458 |       18.3103 |       10.9498 |            1.6289 |            3.6551 |            2.8414 |            2.8245
 27191 |     87 | 2019-06-21 23:25:25   |        13.145 |       18.3103 |       10.9851 |            1.6327 |            3.6672 |            2.8512 |             2.834
 27191 |     88 | 2019-06-21 23:25:35   |       13.1432 |       18.2953 |       10.9967 |            1.6332 |            3.6709 |            2.8541 |            2.8385
 27191 |     89 | 2019-06-21 23:25:47   |        13.145 |       18.3095 |       10.6132 |            1.5799 |            3.5416 |            2.7587 |            2.7329
 27191 |     90 | 2019-06-21 23:25:59.5 |       13.1559 |       18.3131 |       10.7594 |            1.5971 |            3.5892 |            2.7986 |            2.7745
 27191 |     91 | 2019-06-21 23:26:09.5 |        13.154 |       18.3134 |       11.0347 |            1.6378 |             3.682 |            2.8672 |            2.8477
 27191 |     92 | 2019-06-21 23:26:18.5 |       13.1428 |       18.3054 |       10.8421 |            1.6124 |            3.6184 |            2.8144 |            2.7968
 27191 |     93 | 2019-06-21 23:26:28   |       13.1453 |       18.3101 |       11.0222 |             1.638 |            3.6799 |            2.8609 |            2.8435
 27191 |     94 | 2019-06-21 23:26:38   |       13.1461 |       18.3104 |       11.0965 |            1.6472 |            3.7057 |            2.8804 |            2.8631
 27191 |     95 | 2019-06-21 23:26:50.5 |       13.1524 |       18.3103 |        10.125 |             1.511 |            3.3741 |            2.6381 |            2.6018
 27191 |     96 | 2019-06-21 23:27:03   |       13.1445 |         18.31 |       10.6327 |            1.5825 |            3.5464 |            2.7629 |            2.7408
 27191 |     97 | 2019-06-21 23:27:12.5 |       13.1503 |       18.3111 |         10.93 |            1.6234 |            3.6472 |            2.8396 |            2.8198
 27191 |     98 | 2019-06-21 23:27:22   |       13.1521 |       18.3113 |       11.2575 |            1.6709 |            3.7586 |            2.9217 |            2.9063
 27191 |     99 | 2019-06-21 23:27:32   |       13.1514 |       18.3098 |       11.3118 |            1.6779 |            3.7784 |            2.9347 |            2.9208
 27191 |    100 | 2019-06-21 23:27:43.5 |       13.1491 |        18.311 |       11.5343 |            1.7083 |            3.8547 |            2.9916 |            2.9797
 27191 |    101 | 2019-06-21 23:27:56   |       13.0876 |       18.3159 |       10.4444 |            1.5501 |            3.4861 |            2.7153 |            2.6928
 27191 |    102 | 2019-06-21 23:28:06.5 |       13.1448 |       18.3108 |       10.8037 |            1.6066 |            3.6048 |            2.8059 |            2.7863
 27191 |    103 | 2019-06-21 23:28:16.5 |       13.1507 |       18.3092 |        11.135 |            1.6539 |            3.7174 |            2.8894 |            2.8743
 27191 |    104 | 2019-06-21 23:28:26   |       13.1528 |       18.3122 |       11.3117 |            1.6783 |            3.7769 |            2.9356 |            2.9208
 27191 |    105 | 2019-06-21 23:28:35.5 |       13.1518 |       18.3104 |       11.3432 |            1.6825 |            3.7884 |            2.9436 |            2.9287
 27191 |    106 | 2019-06-21 23:28:47.5 |       13.1479 |       18.3102 |       10.6431 |            1.5839 |            3.5511 |            2.7672 |             2.741
 27191 |    107 | 2019-06-21 23:29:00   |       13.1545 |       18.3133 |       11.0159 |            1.6345 |            3.6759 |            2.8625 |            2.8429
 27191 |    108 | 2019-06-21 23:29:10   |       13.1518 |       18.3104 |       11.0674 |            1.6448 |            3.6938 |            2.8728 |             2.856
 27191 |    109 | 2019-06-21 23:29:19.5 |       13.1505 |       18.3091 |        11.154 |            1.6566 |             3.724 |            2.8943 |            2.8792
 27191 |    110 | 2019-06-21 23:29:29   |       13.1502 |       18.3077 |       11.2294 |            1.6664 |            3.7503 |            2.9137 |            2.8989
 27191 |    111 | 2019-06-21 23:29:39   |       13.1509 |       18.3105 |       11.3324 |            1.6806 |            3.7853 |            2.9408 |            2.9257
 27191 |    112 | 2019-06-21 23:29:51.5 |          13.1 |       18.3119 |        9.7224 |            1.4534 |             3.242 |            2.5294 |            2.4975
 27191 |    113 | 2019-06-21 23:30:04   |       13.1476 |       18.3091 |       10.6623 |            1.5879 |            3.5564 |            2.7699 |             2.748
 27191 |    114 | 2019-06-21 23:30:13.5 |       13.1528 |       18.3113 |       11.0158 |            1.6373 |            3.6761 |            2.8605 |             2.842
 27191 |    115 | 2019-06-21 23:30:23.5 |       13.1538 |       18.3161 |        11.174 |            1.6573 |            3.7304 |            2.9037 |            2.8826
 27191 |    116 | 2019-06-21 23:30:32.5 |       13.1425 |        18.301 |            11 |            1.6329 |            3.6737 |            2.8507 |            2.8427
 27191 |    117 | 2019-06-21 23:30:44   |       13.1437 |       18.3103 |       11.1931 |            1.6613 |             3.739 |            2.9043 |            2.8885
 27191 |    118 | 2019-06-21 23:30:56.5 |       13.1514 |         18.31 |       10.4783 |            1.5616 |            3.4934 |             2.725 |            2.6984
 27191 |    119 | 2019-06-21 23:31:07   |       13.0881 |       18.2898 |       10.5708 |            1.5668 |            3.5313 |            2.7357 |             2.737
 27191 |    120 | 2019-06-21 23:31:17   |       13.1569 |       18.3124 |       11.2229 |            1.6673 |            3.7465 |            2.9127 |            2.8964
 27191 |    121 | 2019-06-21 23:31:26.5 |       13.1522 |       18.3107 |       11.2917 |            1.6753 |            3.7707 |            2.9303 |            2.9154
 27191 |    122 | 2019-06-21 23:31:36   |       13.1527 |       18.3129 |       11.4241 |            1.6911 |            3.8162 |             2.966 |            2.9509
 27191 |    123 | 2019-06-21 23:31:48.5 |       13.1479 |       18.3106 |       10.3517 |            1.5428 |            3.4521 |            2.6937 |            2.6631
 27191 |    124 | 2019-06-21 23:32:01   |        13.152 |       18.3096 |       10.8993 |            1.6197 |            3.6365 |            2.8312 |            2.8119
 27191 |    125 | 2019-06-21 23:32:11   |       13.1474 |       18.3107 |       10.8776 |            1.6185 |            3.6299 |            2.8237 |            2.8055
 27191 |    126 | 2019-06-21 23:32:20.5 |       13.1506 |       18.3084 |       11.1613 |            1.6572 |            3.7264 |            2.8962 |            2.8815
 27191 |    127 | 2019-06-21 23:32:30.5 |       13.1525 |       18.3116 |       11.3386 |            1.6814 |            3.7867 |            2.9426 |             2.928
 27191 |    128 | 2019-06-21 23:32:42   |       13.1525 |         18.31 |       11.5276 |            1.7078 |            3.8515 |            2.9904 |            2.9779
 27191 |    129 | 2019-06-21 23:32:55   |        13.143 |       18.2911 |       10.0737 |            1.5015 |             3.358 |            2.6168 |            2.5974
 27191 |    130 | 2019-06-21 23:33:06   |        13.151 |       18.3108 |       10.8908 |            1.6187 |            3.6333 |            2.8288 |            2.8099
 27191 |    131 | 2019-06-21 23:33:15.5 |       13.1493 |       18.3099 |       11.0323 |            1.6398 |            3.6821 |            2.8636 |            2.8469
 27191 |    132 | 2019-06-21 23:33:25   |       13.1498 |       18.3076 |       11.1912 |            1.6613 |            3.7373 |            2.9032 |            2.8894
 27191 |    133 | 2019-06-21 23:33:34.5 |       13.1515 |       18.3097 |        11.336 |            1.6809 |            3.7863 |            2.9415 |            2.9273
 27191 |    134 | 2019-06-21 23:33:46   |       13.1421 |        18.311 |        11.186 |            1.6585 |            3.7368 |             2.904 |            2.8866
 27191 |    135 | 2019-06-21 23:33:58.5 |       13.1542 |       18.3107 |       10.6678 |            1.5879 |            3.5574 |            2.7732 |            2.7493
 27191 |    136 | 2019-06-21 23:34:09   |       13.1546 |       18.3103 |       10.7729 |            1.6028 |            3.5932 |            2.7997 |            2.7772
 27191 |    137 | 2019-06-21 23:34:18.5 |        13.125 |       18.3235 |       11.1963 |            1.6527 |            3.7467 |            2.8939 |             2.903
 27191 |    138 | 2019-06-21 23:34:28   |       13.1276 |       18.3129 |       11.2089 |            1.6601 |            3.7455 |            2.9053 |             2.898
 27191 |    139 | 2019-06-21 23:34:38   |       13.1049 |       18.3083 |       11.2977 |            1.6663 |             3.779 |            2.9225 |            2.9299
 27191 |    140 | 2019-06-21 23:34:50.5 |        13.076 |       18.3012 |       10.0193 |            1.4864 |            3.3482 |            2.5957 |             2.589
 27191 |    141 | 2019-06-21 23:35:03   |       13.1512 |       18.3129 |       10.8045 |            1.6066 |            3.6039 |            2.8083 |            2.7857
 27191 |    142 | 2019-06-21 23:35:13   |       13.0974 |       18.3151 |       10.9204 |            1.6192 |            3.6476 |            2.8298 |            2.8237
 27191 |    143 | 2019-06-21 23:35:22.5 |       13.1702 |        18.311 |       11.3089 |            1.6763 |            3.7764 |             2.937 |            2.9192
 27191 |    144 | 2019-06-21 23:35:32   |       13.1515 |       18.3091 |       11.2937 |            1.6755 |            3.7722 |            2.9301 |            2.9159
 27191 |    145 | 2019-06-21 23:35:44.5 |       13.1492 |       18.3086 |        11.433 |            1.6944 |            3.8203 |            2.9653 |             2.953
 27191 |    146 | 2019-06-21 23:35:56   |       13.0781 |       18.3007 |       10.5427 |            1.5605 |            3.5223 |            2.7316 |            2.7283
 27191 |    147 | 2019-06-21 23:36:06   |        13.144 |       18.3102 |       10.6522 |             1.585 |            3.5534 |            2.7677 |            2.7461
 27191 |    148 | 2019-06-21 23:36:16   |       13.1522 |       18.3105 |       11.2039 |            1.6639 |            3.7411 |            2.9067 |            2.8922
 27191 |    149 | 2019-06-21 23:36:26   |       13.1497 |       18.3072 |       11.1988 |            1.6629 |            3.7398 |            2.9048 |            2.8913
 27191 |    150 | 2019-06-21 23:36:35.5 |       13.1497 |       18.3077 |        11.276 |            1.6731 |            3.7667 |            2.9249 |            2.9113
 27191 |    151 | 2019-06-21 23:36:47.5 |       13.1397 |       18.3147 |       10.6979 |            1.5855 |            3.5747 |             2.775 |            2.7627
 27191 |    152 | 2019-06-21 23:37:00   |       13.1457 |         18.31 |        10.584 |            1.5763 |              3.53 |            2.7503 |            2.7274
 27191 |    153 | 2019-06-21 23:37:10   |       13.1447 |       18.3099 |       10.6166 |            1.5807 |            3.5411 |            2.7585 |            2.7363
 27191 |    154 | 2019-06-21 23:37:20   |       13.1521 |       18.3132 |       11.2907 |            1.6734 |            3.7708 |            2.9308 |            2.9157
 27191 |    155 | 2019-06-21 23:37:29.5 |        13.132 |       18.3222 |        11.327 |            1.6701 |             3.791 |            2.9292 |            2.9367
 27191 |    156 | 2019-06-21 23:37:39   |       13.1502 |       18.3098 |       11.4224 |            1.6873 |            3.8183 |            2.9637 |            2.9532
 27191 |    157 | 2019-06-21 23:37:51.5 |       13.1384 |       18.3104 |        9.9076 |            1.4763 |            3.3029 |            2.5808 |            2.5477
 27191 |    158 | 2019-06-21 23:38:03.5 |       13.1543 |       18.3084 |       10.8465 |             1.613 |            3.6187 |             2.818 |            2.7967
 27191 |    159 | 2019-06-21 23:38:13   |        13.146 |       18.3105 |       10.8692 |            1.6182 |            3.6274 |             2.821 |            2.8026
 27191 |    160 | 2019-06-21 23:38:23   |       13.1459 |       18.3103 |       10.9987 |             1.635 |            3.6717 |            2.8546 |            2.8373
 27191 |    161 | 2019-06-21 23:38:32.5 |       13.1467 |       18.3107 |       11.1166 |             1.651 |            3.7124 |            2.8847 |            2.8686
 27191 |    162 | 2019-06-21 23:38:44.5 |       13.1436 |         18.31 |       11.1014 |            1.6482 |            3.7083 |             2.881 |             2.864
 27191 |    163 | 2019-06-21 23:38:56.5 |       13.1458 |       18.3104 |       10.2927 |            1.5345 |            3.4316 |            2.6777 |            2.6489
 27191 |    164 | 2019-06-21 23:39:07.5 |       13.1557 |       18.3125 |        10.825 |            1.6086 |            3.6113 |            2.8137 |            2.7914
 27191 |    165 | 2019-06-21 23:39:18   |       13.1212 |         18.31 |        9.7554 |            1.4628 |            3.2495 |            2.5368 |            2.5062
 27191 |    166 | 2019-06-21 23:39:29.5 |       13.1108 |       18.3099 |        6.2597 |            0.9741 |            2.0544 |            1.6527 |            1.5785
 27191 |    167 | 2019-06-21 23:39:42   |       13.1105 |       18.3102 |         4.102 |             0.674 |            1.3104 |            1.1028 |            1.0148
 27191 |    168 | 2019-06-21 23:39:55   |       13.1106 |       18.3099 |        2.7489 |            0.4862 |            0.8402 |             0.755 |            0.6675
 27191 |    169 | 2019-06-21 23:40:06.5 |       13.1107 |       18.3098 |        2.1192 |            0.3995 |            0.6199 |            0.5923 |            0.5075
 27191 |    170 | 2019-06-21 23:40:18   |       13.1082 |       18.3104 |        1.6072 |            0.3314 |            0.4385 |            0.4553 |            0.3819
 27191 |    171 | 2019-06-21 23:40:29.5 |       13.1158 |       18.3097 |        1.6678 |            0.3398 |            0.4553 |            0.4706 |            0.4022
 27191 |    172 | 2019-06-21 23:40:42   |       13.1087 |       18.3101 |          1.65 |            0.3379 |            0.4473 |            0.4633 |            0.4016
 27191 |    173 | 2019-06-21 23:40:55.5 |       13.1069 |       18.3104 |        1.4857 |            0.3149 |            0.3897 |            0.4205 |            0.3607
 27191 |    174 | 2019-06-21 23:41:07.5 |       13.0002 |       18.3147 |        2.4285 |            0.4453 |            0.7123 |            0.6552 |            0.6158
 27191 |    175 | 2019-06-21 23:41:18.5 |       13.1215 |       18.3116 |        3.8066 |            0.6412 |            1.1816 |            1.0053 |            0.9786
 27191 |    176 | 2019-06-21 23:41:29.5 |       13.1238 |       18.3111 |         4.376 |            0.7201 |            1.3776 |            1.1516 |            1.1267
 27191 |    177 | 2019-06-21 23:41:40   |       13.1394 |       18.3096 |        4.7732 |            0.7752 |            1.5113 |            1.2593 |            1.2273
 27191 |    178 | 2019-06-21 23:41:53   |       13.1527 |        18.309 |        6.3427 |            0.9915 |            2.0509 |            1.6594 |            1.6409
 27191 |    179 | 2019-06-21 23:42:05.5 |       13.1429 |       18.2919 |        7.9681 |            1.2172 |            2.6091 |            2.0688 |             2.073
 27191 |    180 | 2019-06-21 23:42:15   |       13.1467 |       18.3108 |        9.3092 |            1.4048 |             3.074 |             2.412 |            2.4184
 27191 |    181 | 2019-06-21 23:42:25   |       13.1483 |       18.3108 |        9.9815 |            1.4971 |             3.308 |            2.5853 |            2.5912
 27191 |    182 | 2019-06-21 23:42:35   |       13.1493 |       18.3099 |        10.502 |            1.5681 |            3.4903 |            2.7204 |            2.7232
 27191 |    183 | 2019-06-21 23:42:47   |       13.1425 |       18.3107 |       10.5825 |             1.577 |            3.5223 |            2.7437 |            2.7395
 27191 |    184 | 2019-06-21 23:42:59   |       13.1523 |        18.311 |       10.3293 |            1.5419 |            3.4364 |            2.6821 |            2.6689
 27191 |    185 | 2019-06-21 23:43:09   |       13.1461 |       18.3103 |       10.5037 |            1.5671 |            3.4977 |            2.7253 |            2.7136
 27191 |    186 | 2019-06-21 23:43:19   |       13.1459 |       18.3093 |       10.8131 |            1.6096 |            3.6049 |             2.805 |            2.7937
 27191 |    187 | 2019-06-21 23:43:29   |       13.1421 |       18.2971 |       10.8566 |            1.6146 |            3.6204 |            2.8154 |            2.8063
 27191 |    188 | 2019-06-21 23:43:38.5 |       13.1224 |       18.3183 |       10.9739 |            1.6251 |            3.6674 |            2.8377 |            2.8437
 27191 |    189 | 2019-06-21 23:43:50.5 |       13.1536 |       18.3094 |       10.1577 |            1.5171 |            3.3836 |            2.6453 |            2.6117
 27191 |    190 | 2019-06-21 23:44:03   |       13.1403 |        18.294 |       10.5666 |            1.5715 |            3.5223 |            2.7462 |            2.7265
 27191 |    191 | 2019-06-21 23:44:13   |       13.1511 |        18.309 |       10.9636 |             1.631 |            3.6583 |            2.8448 |            2.8295
 27191 |    192 | 2019-06-21 23:44:22.5 |       13.1504 |       18.3083 |       11.1577 |            1.6569 |            3.7252 |            2.8946 |            2.8811
 27191 |    193 | 2019-06-21 23:44:32   |       13.1509 |       18.3094 |       11.2757 |             1.673 |            3.7658 |            2.9251 |            2.9118
 27191 |    194 | 2019-06-21 23:44:43.5 |       13.1558 |       18.3105 |       11.5613 |            1.7135 |            3.8615 |            3.0007 |            2.9855
 27191 |    195 | 2019-06-21 23:44:55.5 |       13.1404 |       18.2979 |        9.9828 |            1.4888 |            3.3275 |            2.5931 |            2.5733
 27191 |    196 | 2019-06-21 23:45:06   |       13.1449 |       18.3106 |       10.6541 |             1.586 |            3.5534 |            2.7679 |            2.7468
 27191 |    197 | 2019-06-21 23:45:16   |       13.1466 |       18.3102 |       10.9337 |            1.6262 |            3.6494 |            2.8377 |            2.8204
 27191 |    198 | 2019-06-21 23:45:26   |       13.1476 |       18.3101 |       11.0836 |            1.6466 |            3.7005 |            2.8758 |            2.8607
 27191 |    199 | 2019-06-21 23:45:35.5 |       13.0942 |       18.3228 |       11.1832 |            1.6499 |            3.7406 |            2.8942 |            2.8984
 27191 |    200 | 2019-06-21 23:45:47.5 |       13.1506 |       18.3119 |       11.0188 |            1.6377 |             3.678 |            2.8632 |            2.8398
 27191 |    201 | 2019-06-21 23:45:59.5 |       13.1494 |       18.3087 |       10.6747 |            1.5894 |            3.5604 |            2.7735 |            2.7514
 27191 |    202 | 2019-06-21 23:46:10   |       13.1492 |       18.3107 |       10.9032 |            1.6219 |            3.6381 |            2.8306 |            2.8126
 27191 |    203 | 2019-06-21 23:46:19.5 |       13.1465 |         18.31 |       10.9762 |            1.6322 |            3.6637 |            2.8485 |            2.8318
 27191 |    204 | 2019-06-21 23:46:29   |       13.1463 |       18.3103 |       11.0548 |            1.6427 |            3.6912 |            2.8687 |            2.8522
 27191 |    205 | 2019-06-21 23:46:39   |       13.1476 |       18.3103 |       11.1502 |            1.6554 |            3.7237 |            2.8942 |             2.877
 27191 |    206 | 2019-06-21 23:46:51.5 |       13.1505 |       18.3079 |       10.0601 |            1.5023 |            3.3528 |            2.6194 |            2.5856
 27191 |    207 | 2019-06-21 23:47:04   |       13.1491 |        18.313 |       10.6477 |            1.5838 |             3.551 |            2.7684 |            2.7444
 27191 |    208 | 2019-06-21 23:47:13.5 |       13.1531 |        18.312 |       11.1943 |            1.6617 |            3.7371 |            2.9052 |            2.8903
 27191 |    209 | 2019-06-21 23:47:23   |       13.1515 |       18.3102 |       11.2385 |            1.6679 |            3.7527 |            2.9163 |            2.9016
 27191 |    210 | 2019-06-21 23:47:32.5 |       13.1528 |       18.3123 |        11.378 |            1.6865 |            3.8006 |            2.9524 |            2.9385
 27191 |    211 | 2019-06-21 23:47:43.5 |       13.1481 |       18.3102 |       11.5331 |            1.7089 |            3.8537 |            2.9908 |            2.9797
 27191 |    212 | 2019-06-21 23:47:56   |       13.0517 |       18.3094 |       10.1189 |            1.5029 |            3.3798 |            2.6216 |            2.6146
 27191 |    213 | 2019-06-21 23:48:07   |       13.1465 |       18.3103 |       10.8092 |            1.6076 |            3.6064 |            2.8076 |            2.7876
 27191 |    214 | 2019-06-21 23:48:16.5 |       13.1525 |       18.3109 |       11.1924 |            1.6616 |            3.7364 |            2.9052 |            2.8892
 27191 |    215 | 2019-06-21 23:48:26   |       13.1527 |       18.3124 |       11.3191 |            1.6787 |            3.7801 |            2.9375 |            2.9228
 27191 |    216 | 2019-06-21 23:48:35.5 |       13.1509 |       18.3089 |       11.3069 |            1.6769 |            3.7772 |            2.9334 |            2.9195
 27191 |    217 | 2019-06-21 23:48:48   |       13.1153 |       18.3129 |       10.8592 |            1.6099 |            3.6277 |            2.8207 |            2.8008
 27191 |    218 | 2019-06-21 23:49:00   |       13.1525 |       18.3101 |       10.6747 |            1.5891 |            3.5604 |            2.7737 |            2.7515
 27191 |    219 | 2019-06-21 23:49:10   |       13.1552 |       18.3127 |       11.0945 |            1.6452 |            3.7036 |            2.8817 |             2.864
 27191 |    220 | 2019-06-21 23:49:20   |       13.1498 |       18.3086 |       11.1401 |            1.6547 |            3.7196 |            2.8901 |            2.8757
 27191 |    221 | 2019-06-21 23:49:29.5 |       13.1511 |       18.3091 |       11.2739 |            1.6723 |            3.7655 |            2.9251 |             2.911
 27191 |    222 | 2019-06-21 23:49:39   |       13.1521 |       18.3113 |       11.3502 |            1.6826 |            3.7912 |            2.9457 |            2.9307
 27191 |    223 | 2019-06-21 23:49:51.5 |       13.1435 |       18.3109 |        9.8199 |            1.4683 |            3.2713 |            2.5586 |            2.5216
 27191 |    224 | 2019-06-21 23:50:04   |       13.1195 |       18.3184 |       10.8933 |            1.6125 |            3.6386 |            2.8239 |            2.8182
 27191 |    225 | 2019-06-21 23:50:14   |       13.0866 |       18.3054 |       11.0341 |            1.6295 |            3.6892 |            2.8555 |            2.8599
 27191 |    226 | 2019-06-21 23:50:23.5 |       13.1002 |       18.3042 |       11.2288 |            1.6616 |             3.754 |             2.907 |            2.9063
 27191 |    227 | 2019-06-21 23:50:33   |       13.1489 |       18.3101 |       11.3365 |            1.6811 |            3.7869 |            2.9407 |            2.9277
 27191 |    228 | 2019-06-21 23:50:44.5 |       13.1532 |       18.3108 |       11.5753 |             1.714 |            3.8682 |            3.0024 |            2.9907
 27191 |    229 | 2019-06-21 23:50:57   |       13.1461 |       18.3102 |       10.2844 |            1.5338 |            3.4286 |            2.6754 |            2.6466
 27191 |    230 | 2019-06-21 23:51:07.5 |       13.1512 |       18.3112 |       10.8812 |            1.6178 |            3.6307 |            2.8259 |            2.8068
 27191 |    231 | 2019-06-21 23:51:17   |       13.1504 |       18.3081 |        11.086 |            1.6471 |            3.7011 |            2.8763 |            2.8614
 27191 |    232 | 2019-06-21 23:51:27   |       13.1495 |       18.3106 |       11.1738 |            1.6586 |            3.7315 |            2.8991 |            2.8846
 27191 |    233 | 2019-06-21 23:51:36.5 |       13.1501 |       18.3077 |       11.2822 |            1.6736 |            3.7691 |            2.9268 |            2.9127
 27191 |    234 | 2019-06-21 23:51:48.5 |       13.1263 |       18.3117 |       10.5725 |            1.5716 |            3.5311 |             2.741 |            2.7287
 27191 |    235 | 2019-06-21 23:52:01.5 |       13.1504 |       18.3088 |        10.839 |            1.6116 |            3.6165 |            2.8151 |            2.7958
 27191 |    236 | 2019-06-21 23:52:11.5 |       13.1509 |       18.3086 |       11.0335 |            1.6408 |            3.6829 |            2.8628 |             2.847
 27191 |    237 | 2019-06-21 23:52:21   |        13.148 |       18.3101 |       11.0574 |             1.643 |            3.6919 |            2.8694 |            2.8531
 27191 |    238 | 2019-06-21 23:52:31   |       13.1475 |       18.3101 |       11.1297 |            1.6528 |            3.7167 |             2.888 |            2.8722
 27191 |    239 | 2019-06-21 23:52:40.5 |       13.1484 |       18.3102 |       11.1956 |            1.6616 |            3.7398 |            2.9052 |             2.889
 27191 |    240 | 2019-06-21 23:52:52.5 |       13.1541 |       18.3129 |        10.196 |            1.5187 |            3.3982 |            2.6575 |            2.6216
 27191 |    241 | 2019-06-21 23:53:05   |       13.1442 |       18.3109 |       10.5431 |            1.5704 |            3.5165 |            2.7396 |            2.7165
 27191 |    242 | 2019-06-21 23:53:14.5 |       13.1489 |       18.3094 |       11.0068 |            1.6361 |            3.6743 |            2.8561 |            2.8403
 27191 |    243 | 2019-06-21 23:53:24   |       13.1498 |       18.3093 |       11.1572 |            1.6566 |            3.7257 |            2.8946 |            2.8803
 27191 |    244 | 2019-06-21 23:53:34   |       13.1471 |       18.3101 |       11.1493 |            1.6553 |            3.7233 |            2.8934 |            2.8774
 27191 |    245 | 2019-06-21 23:53:45.5 |       13.1473 |       18.3096 |       11.2834 |            1.6739 |            3.7693 |            2.9276 |            2.9125
 27191 |    246 | 2019-06-21 23:53:57.5 |       13.1513 |       18.3122 |       10.5968 |            1.5774 |            3.5336 |            2.7556 |            2.7302
 27191 |    247 | 2019-06-21 23:54:08.5 |       13.1497 |       18.3108 |       10.8832 |            1.6181 |            3.6315 |            2.8263 |            2.8073
 27191 |    248 | 2019-06-21 23:54:18   |        13.152 |       18.3102 |       11.1666 |            1.6586 |            3.7279 |            2.8976 |            2.8825
 27191 |    249 | 2019-06-21 23:54:28   |         13.15 |        18.308 |       11.2075 |            1.6636 |            3.7432 |            2.9071 |            2.8936
 27191 |    250 | 2019-06-21 23:54:37.5 |       13.1485 |       18.3086 |       11.2898 |            1.6742 |            3.7716 |            2.9287 |            2.9154
 27191 |    251 | 2019-06-21 23:54:49   |       13.0727 |       18.3043 |       10.4688 |            1.5529 |            3.4988 |            2.7134 |            2.7037
 27191 |    252 | 2019-06-21 23:55:01.5 |       13.1433 |       18.3096 |        10.565 |            1.5732 |            3.5239 |            2.7452 |            2.7226
 27191 |    253 | 2019-06-21 23:55:12   |       13.1521 |       18.3125 |       10.9847 |            1.6313 |            3.6669 |            2.8528 |            2.8338
 27191 |    254 | 2019-06-21 23:55:21.5 |       13.1495 |       18.3107 |       11.1329 |            1.6536 |            3.7178 |            2.8879 |            2.8737
 27191 |    255 | 2019-06-21 23:55:31   |       13.1499 |       18.3081 |       11.2309 |            1.6667 |            3.7514 |            2.9133 |            2.8995
 27191 |    256 | 2019-06-21 23:55:41   |       13.1492 |       18.3099 |       11.2588 |            1.6702 |            3.7615 |            2.9214 |            2.9057
 27191 |    257 | 2019-06-21 23:55:53.5 |       13.0737 |       18.3079 |       10.0093 |            1.4887 |            3.3401 |            2.6005 |              2.58
 27191 |    258 | 2019-06-21 23:56:05.5 |       13.1604 |       18.3099 |        10.649 |             1.586 |             3.551 |            2.7685 |            2.7435
 27191 |    259 | 2019-06-21 23:56:15.5 |       13.1397 |        18.298 |       10.8473 |            1.6115 |            3.6204 |            2.8151 |            2.8002
 27191 |    260 | 2019-06-21 23:56:24.5 |       13.1449 |       18.3126 |       10.9781 |             1.631 |            3.6657 |            2.8495 |            2.8319
 27191 |    261 | 2019-06-21 23:56:34   |       13.1451 |       18.3105 |       11.0483 |            1.6404 |            3.6902 |            2.8674 |            2.8504
 27191 |    262 | 2019-06-21 23:56:45.5 |       13.1462 |         18.31 |       11.2937 |            1.6748 |            3.7738 |            2.9299 |            2.9152
 27191 |    263 | 2019-06-21 23:56:58.5 |       13.1502 |       18.3104 |       10.5309 |            1.5685 |            3.5117 |            2.7379 |            2.7129
 27191 |    264 | 2019-06-21 23:57:08.5 |       13.1446 |       18.3105 |       10.5903 |            1.5765 |            3.5329 |            2.7516 |            2.7292
 27191 |    265 | 2019-06-21 23:57:18.5 |        13.147 |       18.3108 |       10.9629 |            1.6296 |            3.6597 |            2.8453 |            2.8284
 27191 |    266 | 2019-06-21 23:57:28   |       13.1477 |       18.3103 |       11.0982 |            1.6485 |            3.7056 |            2.8803 |            2.8638
 27191 |    267 | 2019-06-21 23:57:37.5 |       13.1484 |       18.3106 |       11.1949 |            1.6614 |            3.7393 |            2.9051 |            2.8891
 27191 |    268 | 2019-06-21 23:57:49.5 |        13.151 |       18.3116 |       10.7298 |            1.5957 |            3.5808 |            2.7897 |            2.7636
 27191 |    269 | 2019-06-21 23:58:02   |       13.1449 |       18.3108 |       10.5508 |            1.5713 |            3.5189 |            2.7419 |            2.7187
 27191 |    270 | 2019-06-21 23:58:12   |        13.153 |       18.3117 |       11.1225 |            1.6525 |            3.7126 |            2.8875 |            2.8699
 27191 |    271 | 2019-06-21 23:58:22   |       13.1524 |       18.3131 |       11.2955 |            1.6745 |            3.7721 |            2.9321 |            2.9168
 27191 |    272 | 2019-06-21 23:58:31.5 |       13.1355 |       18.3129 |       11.4045 |            1.6859 |            3.8122 |            2.9589 |            2.9476
 27191 |    273 | 2019-06-21 23:58:41   |        13.044 |       18.3017 |       11.2059 |             1.656 |            3.7501 |             2.897 |            2.9028
 27191 |    274 | 2019-06-21 23:58:53.5 |        13.111 |       18.3161 |        9.6584 |            1.4441 |            3.2215 |            2.5071 |            2.4858
 27191 |    275 | 2019-06-21 23:59:06   |       13.1488 |       18.3102 |       10.7561 |               1.6 |            3.5883 |            2.7943 |            2.7734
 27191 |    276 | 2019-06-21 23:59:15.5 |       13.1488 |       18.3101 |       11.0051 |            1.6361 |            3.6736 |            2.8558 |            2.8396
 27191 |    277 | 2019-06-21 23:59:25.5 |       13.1506 |       18.3097 |       11.2134 |            1.6645 |            3.7449 |            2.9093 |            2.8947
 27191 |    278 | 2019-06-21 23:59:34.5 |       13.1513 |       18.3093 |       11.3276 |            1.6799 |            3.7839 |             2.939 |            2.9248
 27191 |    279 | 2019-06-21 23:59:46   |       13.1531 |       18.3109 |        11.556 |            1.7113 |            3.8617 |             2.998 |            2.9849
 27191 |    280 | 2019-06-21 23:59:58.5 |       13.1473 |       18.3095 |       10.3901 |            1.5488 |            3.4642 |             2.702 |            2.6751
 27191 |    281 | 2019-06-22 00:00:09   |       13.1477 |       18.3106 |       10.7816 |            1.6044 |            3.5969 |            2.8004 |            2.7799
 27191 |    282 | 2019-06-22 00:00:18.5 |       13.1433 |       18.3103 |       10.8108 |            1.6088 |             3.608 |            2.8063 |            2.7876
 27191 |    283 | 2019-06-22 00:00:28   |       13.1457 |       18.3103 |        11.024 |            1.6383 |             3.681 |            2.8606 |            2.8441
 27191 |    284 | 2019-06-22 00:00:38   |       13.1465 |         18.31 |       11.1201 |            1.6511 |            3.7136 |            2.8859 |            2.8695
 27191 |    285 | 2019-06-22 00:00:50.5 |       13.1516 |       18.3123 |       10.4882 |            1.5599 |            3.4988 |              2.73 |            2.6995
 27191 |    286 | 2019-06-22 00:01:02.5 |       13.1464 |         18.31 |       10.6247 |            1.5815 |            3.5442 |            2.7606 |            2.7384
 27191 |    287 | 2019-06-22 00:01:12   |       13.1518 |       18.3105 |       11.0769 |            1.6466 |            3.6973 |            2.8748 |            2.8582
 27191 |    288 | 2019-06-22 00:01:22   |       13.1527 |       18.3115 |       11.2544 |            1.6701 |            3.7578 |            2.9208 |            2.9057
 27191 |    289 | 2019-06-22 00:01:31.5 |       13.1026 |       18.3174 |       11.3752 |            1.6764 |            3.8083 |            2.9443 |            2.9462
 27191 |    290 | 2019-06-22 00:01:41   |       13.1641 |       18.2968 |       11.1649 |            1.6576 |            3.7279 |            2.8987 |            2.8807
 27191 |    291 | 2019-06-22 00:01:53.5 |       13.1555 |        18.312 |        9.7763 |            1.4636 |            3.2553 |            2.5493 |            2.5081
 27191 |    292 | 2019-06-22 00:02:06   |       13.1535 |       18.3116 |        10.813 |            1.6069 |            3.6074 |            2.8101 |            2.7886
 27191 |    293 | 2019-06-22 00:02:15.5 |       13.1441 |       18.3098 |        10.812 |            1.6087 |            3.6085 |            2.8067 |            2.7881
 27191 |    294 | 2019-06-22 00:02:24.5 |       13.1459 |       18.3104 |       10.9947 |            1.6337 |            3.6708 |            2.8533 |            2.8369
 27191 |    295 | 2019-06-22 00:02:34   |       13.1456 |       18.3101 |       11.0692 |            1.6432 |            3.6969 |            2.8729 |            2.8562
 27191 |    296 | 2019-06-22 00:02:45.5 |        13.145 |         18.31 |       11.2484 |            1.6683 |            3.7584 |            2.9182 |            2.9036
 27191 |    297 | 2019-06-22 00:02:58   |       13.1509 |       18.3111 |       10.5071 |            1.5646 |            3.5038 |             2.732 |            2.7067
 27191 |    298 | 2019-06-22 00:03:09   |       13.1439 |       18.3056 |       10.6072 |            1.5794 |            3.5387 |             2.755 |            2.7341
 27191 |    299 | 2019-06-22 00:03:18.5 |        13.146 |       18.3104 |       10.9218 |            1.6237 |            3.6453 |            2.8349 |            2.8178
 27191 |    300 | 2019-06-22 00:03:28   |       13.1477 |       18.3101 |       11.0856 |            1.6464 |            3.7018 |            2.8762 |            2.8612
 27191 |    301 | 2019-06-22 00:03:37.5 |       13.1466 |       18.3108 |       11.1253 |            1.6519 |            3.7155 |             2.887 |            2.8709
 27191 |    302 | 2019-06-22 00:03:49.5 |       13.1234 |       18.3123 |       10.7069 |            1.5875 |            3.5778 |            2.7796 |             2.762
 27191 |    303 | 2019-06-22 00:04:02.5 |       13.1483 |       18.3094 |        10.672 |            1.5888 |            3.5596 |            2.7732 |            2.7505
 27191 |    304 | 2019-06-22 00:04:12.5 |       13.1468 |       18.3099 |       10.8539 |            1.6146 |            3.6222 |            2.8173 |            2.7997
 27191 |    305 | 2019-06-22 00:04:22   |       13.1471 |       18.3095 |       11.0235 |            1.6375 |            3.6809 |            2.8606 |            2.8445
 27191 |    306 | 2019-06-22 00:04:32   |       13.1479 |       18.3105 |       11.1527 |            1.6554 |            3.7249 |            2.8937 |            2.8787
 27191 |    307 | 2019-06-22 00:04:42   |       13.1484 |       18.3099 |       11.2331 |            1.6666 |            3.7529 |            2.9144 |            2.8992
 27191 |    308 | 2019-06-22 00:04:54.5 |       13.1528 |         18.31 |       10.1771 |            1.5187 |            3.3918 |            2.6495 |            2.6171
 27191 |    309 | 2019-06-22 00:05:06.5 |         13.15 |       18.3087 |       10.8476 |            1.6134 |            3.6195 |            2.8163 |            2.7985
 27191 |    310 | 2019-06-22 00:05:16   |       13.1458 |       18.3102 |       10.8797 |            1.6179 |            3.6315 |            2.8238 |            2.8064
 27191 |    311 | 2019-06-22 00:05:25.5 |       13.1481 |       18.3102 |       11.0763 |            1.6452 |            3.6983 |            2.8747 |            2.8582
 27191 |    312 | 2019-06-22 00:05:35.5 |       13.1509 |       18.3106 |       11.0055 |             1.636 |            3.6745 |            2.8575 |            2.8375
 27191 |    313 | 2019-06-22 00:05:47   |       13.1434 |       18.3096 |       11.0556 |            1.6417 |            3.6927 |            2.8694 |            2.8518
 27191 |    314 | 2019-06-22 00:05:59.5 |       13.1535 |       18.3102 |       10.4565 |            1.5593 |            3.4864 |            2.7195 |            2.6914
 27191 |    315 | 2019-06-22 00:06:09.5 |       13.1156 |       18.3027 |       10.7071 |            1.5876 |             3.577 |            2.7739 |            2.7685
 27191 |    316 | 2019-06-22 00:06:19   |       13.1441 |       18.3098 |       10.9341 |            1.6249 |            3.6505 |            2.8375 |            2.8212
 27191 |    317 | 2019-06-22 00:06:29   |       13.1463 |         18.31 |       11.0558 |             1.642 |            3.6917 |            2.8693 |            2.8528
 27191 |    318 | 2019-06-22 00:06:38.5 |       13.1449 |         18.31 |        11.129 |             1.652 |            3.7171 |            2.8875 |            2.8724
 27191 |    319 | 2019-06-22 00:06:51   |       13.0547 |       18.2975 |       10.1911 |            1.5139 |             3.403 |            2.6426 |            2.6316
 27191 |    320 | 2019-06-22 00:07:03   |       13.1423 |       18.3103 |       10.5886 |            1.5761 |            3.5321 |            2.7506 |            2.7299
 27191 |    321 | 2019-06-22 00:07:13   |       13.1471 |       18.3099 |       10.9032 |            1.6221 |             3.639 |            2.8298 |            2.8123
 27191 |    322 | 2019-06-22 00:07:22.5 |       13.1487 |       18.3102 |       11.0946 |            1.6476 |            3.7048 |            2.8786 |            2.8636
 27191 |    323 | 2019-06-22 00:07:32   |       13.1489 |       18.3102 |       11.1956 |            1.6617 |            3.7393 |            2.9046 |              2.89
 27191 |    324 | 2019-06-22 00:07:42   |       13.1469 |         18.31 |       11.1899 |            1.6605 |            3.7381 |            2.9034 |            2.8879
 27191 |    325 | 2019-06-22 00:07:54.5 |       13.1537 |       18.3127 |       10.2088 |            1.5225 |            3.4023 |            2.6588 |            2.6252
 27191 |    326 | 2019-06-22 00:08:07   |       13.1428 |       18.3093 |       10.4537 |            1.5576 |             3.486 |            2.7173 |            2.6929
 27191 |    327 | 2019-06-22 00:08:16.5 |        13.152 |       18.3098 |       11.1366 |            1.6541 |            3.7179 |              2.89 |            2.8746
 27191 |    328 | 2019-06-22 00:08:26   |       13.1527 |       18.3116 |       11.2834 |            1.6735 |            3.7679 |            2.9283 |            2.9137
 27191 |    329 | 2019-06-22 00:08:35.5 |       13.1508 |       18.3086 |       11.2952 |            1.6756 |            3.7734 |            2.9298 |            2.9165
 27191 |    330 | 2019-06-22 00:08:47.5 |       13.1501 |        18.308 |       11.2346 |            1.6662 |            3.7532 |            2.9156 |            2.8996
 27191 |    331 | 2019-06-22 00:08:59.5 |       13.0845 |       18.3092 |       10.4586 |            1.5543 |            3.4907 |            2.7116 |            2.7019
 27191 |    332 | 2019-06-22 00:09:10   |       13.1305 |       18.3068 |       10.8295 |            1.6068 |            3.6162 |            2.8085 |             2.798
 27191 |    333 | 2019-06-22 00:09:19.5 |       13.1593 |       18.3126 |       11.1778 |            1.6609 |            3.7305 |            2.9026 |            2.8839
 27191 |    334 | 2019-06-22 00:09:29   |       13.1529 |       18.3112 |       11.3193 |            1.6779 |            3.7807 |            2.9376 |            2.9232
 27191 |    335 | 2019-06-22 00:09:39   |       13.1522 |       18.3103 |       11.3582 |            1.6837 |            3.7945 |            2.9471 |            2.9329
 27191 |    336 | 2019-06-22 00:09:51.5 |       13.1523 |       18.3119 |       10.2601 |            1.5296 |            3.4206 |            2.6717 |            2.6381
 27191 |    337 | 2019-06-22 00:10:04   |       13.1472 |       18.3091 |       10.7133 |            1.5942 |            3.5743 |            2.7827 |            2.7621
 27191 |    338 | 2019-06-22 00:10:13.5 |         13.15 |       18.3077 |       10.9098 |            1.6222 |            3.6409 |             2.832 |            2.8146
 27191 |    339 | 2019-06-22 00:10:23   |       13.1512 |       18.3092 |       11.1962 |            1.6626 |            3.7384 |            2.9044 |            2.8907
 27191 |    340 | 2019-06-22 00:10:32.5 |       13.1518 |       18.3104 |       11.3205 |            1.6798 |            3.7806 |             2.937 |            2.9231
 27191 |    341 | 2019-06-22 00:10:42   |       13.1512 |       18.3099 |       11.3551 |             1.684 |            3.7932 |            2.9457 |            2.9322
 27191 |    342 | 2019-06-22 00:10:54.5 |       13.0885 |       18.3001 |        9.8313 |            1.4591 |            3.2842 |            2.5467 |            2.5413
 27191 |    343 | 2019-06-22 00:11:07   |       13.1572 |       18.3082 |       10.8094 |            1.6074 |            3.6061 |            2.8085 |            2.7874
 27191 |    344 | 2019-06-22 00:11:17   |       13.1452 |       18.3101 |       10.8688 |            1.6163 |            3.6278 |             2.821 |            2.8037
 27191 |    345 | 2019-06-22 00:11:27   |       13.1447 |       18.3105 |       10.9672 |            1.6296 |            3.6615 |            2.8464 |            2.8297
 27191 |    346 | 2019-06-22 00:11:36.5 |       13.1464 |         18.31 |       11.1239 |            1.6511 |            3.7153 |            2.8868 |            2.8708
 27191 |    347 | 2019-06-22 00:11:48   |       13.1472 |       18.3101 |       11.0029 |            1.6341 |            3.6743 |            2.8571 |            2.8374
 27191 |    348 | 2019-06-22 00:12:00.5 |       13.1464 |       18.3106 |       10.5496 |             1.571 |            3.5183 |            2.7418 |            2.7185
 27191 |    349 | 2019-06-22 00:12:11   |       13.1499 |       18.3117 |       10.7815 |            1.6045 |            3.5967 |            2.8005 |            2.7799
 27191 |    350 | 2019-06-22 00:12:20.5 |       13.1637 |        18.312 |       11.0254 |            1.6389 |            3.6787 |            2.8639 |            2.8439
 27191 |    351 | 2019-06-22 00:12:30   |       13.1297 |       18.3171 |       11.4157 |            1.6868 |            3.8157 |            2.9629 |            2.9502
 27191 |    352 | 2019-06-22 00:12:39.5 |       13.0816 |       18.3062 |       11.2838 |            1.6689 |            3.7741 |            2.9201 |            2.9207
 27191 |    353 | 2019-06-22 00:12:52   |       13.1107 |         18.31 |        9.8323 |            1.4712 |            3.2789 |            2.5563 |            2.5259
 27191 |    354 | 2019-06-22 00:13:04.5 |        13.151 |       18.3089 |       10.9087 |            1.6212 |              3.64 |            2.8326 |            2.8149
 27191 |    355 | 2019-06-22 00:13:14   |       13.1482 |       18.3111 |       10.9595 |            1.6293 |            3.6582 |            2.8443 |            2.8277
 27191 |    356 | 2019-06-22 00:13:23.5 |       13.1502 |       18.3081 |       11.1442 |            1.6548 |            3.7214 |            2.8911 |             2.877
 27191 |    357 | 2019-06-22 00:13:33   |       13.1503 |       18.3082 |       11.2404 |            1.6675 |            3.7548 |            2.9161 |             2.902
 27191 |    358 | 2019-06-22 00:13:43   |       13.1491 |       18.3102 |       11.2666 |            1.6711 |            3.7638 |             2.923 |            2.9087
 27191 |    359 | 2019-06-22 00:13:57   |       13.1532 |       18.3122 |       10.3643 |            1.5443 |            3.4548 |            2.6976 |            2.6676
 27191 |    360 | 2019-06-22 00:14:07.5 |       13.1445 |       18.3101 |       10.5475 |            1.5708 |            3.5177 |             2.741 |             2.718
 27191 |    361 | 2019-06-22 00:14:17   |       13.1501 |       18.3083 |       11.0679 |            1.6448 |             3.695 |            2.8714 |            2.8568
 27191 |    362 | 2019-06-22 00:14:27   |       13.1493 |        18.311 |        11.149 |            1.6552 |            3.7231 |            2.8925 |            2.8781
 27191 |    363 | 2019-06-22 00:14:37   |       13.1493 |       18.3103 |       11.2433 |            1.6683 |            3.7554 |             2.917 |            2.9027
 27191 |    364 | 2019-06-22 00:14:48.5 |       13.1458 |       18.3098 |       11.0588 |            1.6421 |            3.6937 |            2.8706 |            2.8524
 27191 |    365 | 2019-06-22 00:15:00.5 |       13.1591 |       18.3118 |       10.5505 |            1.5722 |            3.5175 |            2.7443 |            2.7166
 27191 |    366 | 2019-06-22 00:15:10.5 |       13.1026 |       18.3056 |       10.8609 |            1.6103 |            3.6282 |             2.814 |            2.8084
 27191 |    367 | 2019-06-22 00:15:20.5 |        13.138 |       18.3137 |       11.2861 |            1.6695 |            3.7713 |            2.9285 |            2.9168
 27191 |    368 | 2019-06-22 00:15:30   |       13.1513 |       18.3109 |       11.2938 |            1.6752 |             3.772 |            2.9307 |            2.9159
 27191 |    369 | 2019-06-22 00:15:39.5 |       13.1505 |       18.3095 |       11.2941 |            1.6752 |            3.7727 |            2.9307 |            2.9155
 27191 |    370 | 2019-06-22 00:15:52   |       13.1485 |       18.3081 |       10.2929 |            1.5342 |            3.4329 |            2.6783 |            2.6476
 27191 |    371 | 2019-06-22 00:16:04.5 |       13.0602 |       18.2977 |       10.5699 |            1.5626 |            3.5342 |            2.7323 |            2.7408
 27191 |    372 | 2019-06-22 00:16:14   |       13.1615 |       18.3134 |       11.2052 |             1.664 |              3.74 |            2.9098 |            2.8914
 27191 |    373 | 2019-06-22 00:16:24   |       13.1521 |       18.3103 |       11.2341 |            1.6678 |            3.7511 |            2.9151 |            2.9002
 27191 |    374 | 2019-06-22 00:16:33.5 |       13.1568 |       18.3133 |       11.4037 |            1.6867 |            3.8104 |            2.9606 |             2.946
 27191 |    375 | 2019-06-22 00:16:45   |       13.1019 |       18.2997 |       11.5227 |            1.7002 |            3.8549 |            2.9816 |             2.986
 27191 |    376 | 2019-06-22 00:16:57   |       13.1444 |       18.3106 |        9.9922 |            1.4937 |            3.3293 |            2.6016 |            2.5675
 27191 |    377 | 2019-06-22 00:17:08   |       13.1395 |       18.3081 |       10.8192 |            1.6072 |             3.611 |            2.8081 |            2.7929
 27191 |    378 | 2019-06-22 00:17:17.5 |       13.1517 |       18.3105 |       11.1343 |            1.6542 |            3.7171 |            2.8892 |            2.8739
 27191 |    379 | 2019-06-22 00:17:27   |       13.1498 |       18.3169 |       11.2915 |            1.6666 |            3.7776 |            2.9222 |            2.9251
 27191 |    380 | 2019-06-22 00:17:37   |       13.1315 |       18.3077 |       11.2044 |             1.661 |            3.7433 |            2.9062 |            2.8939
 27191 |    381 | 2019-06-22 00:17:49   |       13.1522 |       18.3123 |       11.1003 |            1.6458 |            3.7071 |            2.8844 |             2.863
 27191 |    382 | 2019-06-22 00:18:01.5 |       13.1441 |       18.3103 |       10.5653 |            1.5725 |            3.5242 |            2.7458 |            2.7229
 27191 |    383 | 2019-06-22 00:18:12   |       13.0854 |        18.316 |       10.8855 |            1.6118 |            3.6401 |            2.8138 |            2.8198
 27191 |    384 | 2019-06-22 00:18:21.5 |       13.1323 |       18.3143 |       11.0906 |            1.6422 |             3.705 |              2.88 |            2.8634
 27191 |    385 | 2019-06-22 00:18:31   |       13.1493 |       18.3098 |       11.0077 |             1.636 |            3.6749 |            2.8574 |            2.8394
 27191 |    386 | 2019-06-22 00:18:40.5 |       13.1625 |       18.3135 |       11.1501 |            1.6549 |            3.7231 |            2.8968 |            2.8754
 27191 |    387 | 2019-06-22 00:18:52.5 |       13.1371 |       18.3091 |       10.0565 |            1.5011 |            3.3524 |            2.6176 |            2.5855
 27191 |    388 | 2019-06-22 00:19:05   |       13.1533 |       18.3164 |       10.6528 |            1.5851 |            3.5528 |            2.7693 |            2.7456
 27191 |    389 | 2019-06-22 00:19:15   |       13.1518 |       18.3103 |       11.1392 |            1.6546 |            3.7189 |            2.8906 |            2.8751
 27191 |    390 | 2019-06-22 00:19:24.5 |       13.1507 |       18.3083 |       11.1832 |            1.6598 |            3.7347 |            2.9015 |            2.8871
 27191 |    391 | 2019-06-22 00:19:34   |       13.1518 |       18.3103 |       11.3232 |            1.6792 |            3.7821 |            2.9383 |            2.9236
 27191 |    392 | 2019-06-22 00:19:45.5 |       13.1479 |       18.3092 |       11.4451 |            1.6959 |             3.825 |            2.9681 |            2.9561
 27191 |    393 | 2019-06-22 00:19:58   |       13.1008 |       18.3159 |       10.3101 |              1.53 |            3.4412 |            2.6819 |             2.657
 27191 |    394 | 2019-06-22 00:20:09   |       13.1493 |        18.311 |       10.6411 |            1.5842 |            3.5492 |            2.7654 |            2.7423
 27191 |    395 | 2019-06-22 00:20:18.5 |       13.0436 |        18.309 |        10.821 |            1.6031 |             3.617 |            2.7986 |            2.8023
 27191 |    396 | 2019-06-22 00:20:28   |       13.1447 |       18.3104 |       10.9681 |            1.6301 |            3.6622 |            2.8465 |            2.8293
 27191 |    397 | 2019-06-22 00:20:38   |       13.1455 |       18.3096 |       11.0869 |            1.6463 |            3.7028 |            2.8774 |            2.8604
 27191 |    398 | 2019-06-22 00:20:49.5 |       13.1487 |       18.2961 |       10.8834 |            1.6162 |            3.6337 |            2.8257 |            2.8079
 27191 |    399 | 2019-06-22 00:21:01.5 |       13.1483 |       18.3143 |       10.6283 |            1.5821 |             3.545 |            2.7627 |            2.7385
 27191 |    400 | 2019-06-22 00:21:12   |       13.1468 |       18.3101 |       10.7812 |            1.6045 |            3.5974 |            2.7994 |            2.7799
 27191 |    401 | 2019-06-22 00:21:24   |       13.1477 |       18.3104 |       11.0589 |             1.643 |            3.6921 |            2.8698 |             2.854
(402 rows)

