  run  | subrun |         time          | step1_voltage | step2_voltage | total_current | pos_2step_current | pos_1step_current | neg_2step_current | neg_1step_current 
-------+--------+-----------------------+---------------+---------------+---------------+-------------------+-------------------+-------------------+-------------------
 27204 |      0 | 2019-06-22 11:41:09   |       13.1512 |       18.3094 |       11.1254 |             1.651 |            3.7145 |            2.8878 |            2.8721
 27204 |      1 | 2019-06-22 11:41:18.5 |       13.1497 |        18.311 |       11.2163 |            1.6646 |            3.7464 |            2.9105 |            2.8949
 27204 |      2 | 2019-06-22 11:41:30   |       13.1379 |       18.3088 |       10.9451 |            1.6266 |            3.6555 |            2.8408 |            2.8222
 27204 |      3 | 2019-06-22 11:41:42.5 |       13.1514 |       18.3079 |       10.6645 |            1.5867 |            3.5575 |            2.7711 |            2.7491
 27204 |      4 | 2019-06-22 11:41:53   |       13.1501 |       18.3106 |       10.9215 |            1.6227 |            3.6449 |             2.836 |            2.8179
 27204 |      5 | 2019-06-22 11:42:03   |       13.1489 |       18.3102 |       11.0323 |             1.638 |            3.6828 |            2.8642 |            2.8473
 27204 |      6 | 2019-06-22 11:42:13   |       13.1526 |        18.313 |       11.3736 |            1.6849 |            3.7991 |            2.9527 |            2.9369
 27204 |      7 | 2019-06-22 11:42:22.5 |       13.1512 |       18.3127 |       11.3941 |            1.6877 |            3.8071 |            2.9557 |            2.9435
 27204 |      8 | 2019-06-22 11:42:35   |       13.1283 |       18.3101 |        9.9796 |            1.4916 |            3.3275 |            2.5963 |            2.5642
 27204 |      9 | 2019-06-22 11:42:47.5 |       13.1515 |       18.3099 |       10.8995 |            1.6199 |             3.637 |            2.8309 |            2.8118
 27204 |     10 | 2019-06-22 11:42:57   |       13.1531 |       18.3119 |       11.1281 |            1.6516 |            3.7143 |            2.8897 |            2.8725
 27204 |     11 | 2019-06-22 11:43:07   |       13.1519 |       18.3095 |       11.1592 |            1.6562 |             3.726 |            2.8959 |            2.8811
 27204 |     12 | 2019-06-22 11:43:16.5 |       13.1445 |       18.3105 |       11.0021 |            1.6349 |            3.6736 |            2.8557 |            2.8378
 27204 |     13 | 2019-06-22 11:43:27.5 |       13.1473 |       18.3111 |       11.1487 |            1.6543 |             3.724 |            2.8939 |            2.8765
 27204 |     14 | 2019-06-22 11:43:40   |       13.1059 |       18.3117 |        10.288 |            1.5312 |            3.4317 |            2.6724 |            2.6526
 27204 |     15 | 2019-06-22 11:43:50.5 |       13.1571 |       18.2987 |       10.6368 |            1.5842 |            3.5477 |            2.7649 |              2.74
 27204 |     16 | 2019-06-22 11:44:00   |       13.1463 |       18.3099 |       10.8699 |            1.6161 |            3.6273 |             2.823 |            2.8035
 27204 |     17 | 2019-06-22 11:44:10   |       13.1462 |       18.3108 |        10.956 |            1.6284 |            3.6568 |            2.8447 |            2.8261
 27204 |     18 | 2019-06-22 11:44:20   |       13.1507 |       18.3098 |       11.2747 |             1.673 |            3.7658 |            2.9254 |            2.9105
 27204 |     19 | 2019-06-22 11:44:32   |       13.1266 |       18.3131 |       10.5157 |            1.5666 |            3.5102 |            2.7309 |             2.708
 27204 |     20 | 2019-06-22 11:44:44.5 |       13.1526 |       18.3129 |       10.8998 |            1.6201 |            3.6365 |            2.8315 |            2.8117
 27204 |     21 | 2019-06-22 11:44:55   |       13.1525 |       18.3099 |        11.043 |            1.6398 |            3.6856 |            2.8672 |            2.8504
 27204 |     22 | 2019-06-22 11:45:04.5 |       13.1599 |       18.3115 |       10.9898 |            1.6337 |            3.6673 |            2.8551 |            2.8336
 27204 |     23 | 2019-06-22 11:45:14   |       13.0671 |       18.2992 |       11.2423 |            1.6602 |            3.7624 |            2.9032 |            2.9165
 27204 |     24 | 2019-06-22 11:45:24   |       13.1515 |        18.313 |       11.4671 |            1.6992 |            3.8316 |            2.9746 |            2.9617
 27204 |     25 | 2019-06-22 11:45:36.5 |       13.1273 |       18.3156 |        10.138 |            1.5054 |            3.3862 |            2.6295 |            2.6168
 27204 |     26 | 2019-06-22 11:45:49   |       13.1479 |       18.3103 |       10.7403 |            1.5973 |            3.5836 |            2.7896 |            2.7697
 27204 |     27 | 2019-06-22 11:45:59   |       13.1484 |       18.3105 |       10.9906 |            1.6326 |            3.6687 |            2.8531 |            2.8362
 27204 |     28 | 2019-06-22 11:46:08.5 |       13.1472 |         18.31 |       10.9593 |            1.6275 |            3.6583 |            2.8456 |            2.8278
 27204 |     29 | 2019-06-22 11:46:18   |       13.1518 |       18.3102 |        11.311 |            1.6776 |            3.7781 |             2.935 |            2.9203
 27204 |     30 | 2019-06-22 11:46:29.5 |       13.1443 |       18.3111 |       11.1511 |             1.655 |            3.7249 |            2.8943 |            2.8769
 27204 |     31 | 2019-06-22 11:46:42   |       13.1517 |        18.311 |       10.4576 |            1.5581 |             3.487 |              2.72 |            2.6926
 27204 |     32 | 2019-06-22 11:46:53   |       13.1534 |       18.3123 |       11.0315 |             1.638 |            3.6815 |            2.8654 |            2.8465
 27204 |     33 | 2019-06-22 11:47:02.5 |       13.1506 |       18.3088 |       11.0974 |            1.6473 |            3.7052 |            2.8802 |            2.8648
 27204 |     34 | 2019-06-22 11:47:12   |       13.1499 |       18.3093 |        11.128 |            1.6523 |             3.716 |            2.8876 |            2.8721
 27204 |     35 | 2019-06-22 11:47:22   |       13.1481 |       18.3109 |       11.1704 |            1.6584 |            3.7309 |            2.8987 |            2.8823
 27204 |     36 | 2019-06-22 11:47:34.5 |       13.1227 |        18.311 |       10.1443 |            1.5143 |            3.3844 |            2.6373 |            2.6083
 27204 |     37 | 2019-06-22 11:47:47   |       13.1453 |       18.3106 |       10.6116 |              1.58 |            3.5396 |            2.7572 |            2.7349
 27204 |     38 | 2019-06-22 11:47:57   |       13.1503 |       18.3125 |       10.7312 |            1.5979 |            3.5796 |            2.7884 |            2.7652
 27204 |     39 | 2019-06-22 11:48:06.5 |       13.1128 |       18.2984 |       11.1164 |            1.6424 |            3.7165 |             2.879 |            2.8785
 27204 |     40 | 2019-06-22 11:48:16   |       13.1491 |       18.3105 |       11.2063 |            1.6635 |            3.7427 |            2.9074 |            2.8926
 27204 |     41 | 2019-06-22 11:48:25.5 |        13.153 |       18.3078 |       11.3836 |            1.6876 |            3.8034 |             2.953 |            2.9396
 27204 |     42 | 2019-06-22 11:48:38   |       13.1294 |       18.3005 |       10.2054 |            1.5133 |             3.409 |            2.6471 |             2.636
 27204 |     43 | 2019-06-22 11:48:50.5 |       13.1474 |         18.31 |       10.7439 |            1.5976 |            3.5846 |             2.791 |            2.7707
 27204 |     44 | 2019-06-22 11:49:00   |       13.1495 |       18.3108 |       11.0235 |            1.6372 |            3.6793 |            2.8622 |            2.8448
 27204 |     45 | 2019-06-22 11:49:10   |       13.1499 |       18.3103 |       11.0734 |             1.644 |            3.6966 |            2.8745 |            2.8583
 27204 |     46 | 2019-06-22 11:49:20   |       13.1513 |       18.3099 |        11.296 |            1.6761 |            3.7726 |            2.9311 |            2.9161
 27204 |     47 | 2019-06-22 11:49:31.5 |       13.1362 |       18.3103 |       10.8933 |            1.6192 |            3.6375 |            2.8283 |            2.8082
 27204 |     48 | 2019-06-22 11:49:44   |       13.1483 |       18.3105 |       10.6211 |             1.581 |            3.5425 |            2.7604 |            2.7372
 27204 |     49 | 2019-06-22 11:49:54.5 |        13.149 |       18.3102 |       10.9075 |            1.6209 |            3.6399 |            2.8325 |            2.8142
 27204 |     50 | 2019-06-22 11:50:04   |       13.1439 |       18.3096 |       10.8236 |            1.6088 |            3.6123 |            2.8109 |            2.7916
 27204 |     51 | 2019-06-22 11:50:14   |       13.1522 |       18.3107 |        11.273 |            1.6728 |            3.7655 |            2.9247 |              2.91
 27204 |     52 | 2019-06-22 11:50:23.5 |       13.1498 |       18.3108 |       11.2307 |            1.6663 |            3.7517 |            2.9142 |            2.8985
 27204 |     53 | 2019-06-22 11:50:35.5 |       13.1169 |       18.3132 |       10.0522 |             1.498 |            3.3548 |            2.6113 |            2.5882
 27204 |     54 | 2019-06-22 11:50:48   |       13.1516 |       18.3077 |       10.8162 |            1.6091 |            3.6086 |            2.8094 |            2.7891
 27204 |     55 | 2019-06-22 11:50:58   |       13.1514 |       18.3092 |       11.0495 |            1.6407 |            3.6886 |            2.8685 |            2.8517
 27204 |     56 | 2019-06-22 11:51:07.5 |       13.1502 |       18.3106 |       11.1319 |            1.6534 |            3.7171 |            2.8884 |            2.8731
 27204 |     57 | 2019-06-22 11:51:17   |         13.15 |        18.311 |       11.2124 |            1.6643 |            3.7448 |            2.9092 |            2.8941
 27204 |     58 | 2019-06-22 11:51:28.5 |       13.1521 |       18.3093 |       11.3942 |            1.6889 |            3.8068 |            2.9562 |            2.9423
 27204 |     59 | 2019-06-22 11:51:41   |       13.1106 |       18.3053 |       10.2893 |            1.5279 |            3.4351 |            2.6689 |            2.6574
 27204 |     60 | 2019-06-22 11:51:52   |       13.1494 |        18.308 |       10.8976 |            1.6198 |            3.6365 |            2.8294 |            2.8118
 27204 |     61 | 2019-06-22 11:52:02   |       13.1467 |       18.3106 |       10.9037 |            1.6207 |            3.6389 |            2.8312 |            2.8129
 27204 |     62 | 2019-06-22 11:52:12   |       13.1525 |       18.3106 |       11.0651 |            1.6443 |            3.6929 |            2.8747 |            2.8532
 27204 |     63 | 2019-06-22 11:52:21.5 |       13.1388 |       18.2992 |       11.0565 |            1.6363 |            3.6966 |            2.8644 |            2.8592
 27204 |     64 | 2019-06-22 11:52:33.5 |       13.1291 |       18.3107 |        10.536 |            1.5694 |            3.5172 |            2.7367 |            2.7127
 27204 |     65 | 2019-06-22 11:52:46   |       13.1192 |        18.306 |       10.7742 |             1.598 |            3.5972 |            2.7961 |             2.783
 27204 |     66 | 2019-06-22 11:52:56   |       13.0852 |       18.2998 |       11.0099 |            1.6256 |            3.6827 |            2.8464 |            2.8553
 27204 |     67 | 2019-06-22 11:53:06   |       13.1578 |       18.3142 |       11.2076 |            1.6618 |            3.7412 |            2.9122 |            2.8925
 27204 |     68 | 2019-06-22 11:53:15.5 |        13.141 |       18.3152 |       11.2176 |            1.6611 |            3.7486 |            2.9085 |            2.8993
 27204 |     69 | 2019-06-22 11:53:25   |       13.1581 |       18.3096 |       11.2361 |            1.6654 |            3.7509 |            2.9146 |            2.9052
 27204 |     70 | 2019-06-22 11:53:37.5 |       13.1387 |        18.313 |        9.9795 |            1.4916 |            3.3259 |            2.5987 |            2.5633
 27204 |     71 | 2019-06-22 11:53:50   |       13.1525 |       18.3114 |       10.9491 |            1.6266 |            3.6536 |            2.8443 |            2.8247
 27204 |     72 | 2019-06-22 11:53:59.5 |       13.1519 |       18.3093 |       11.0966 |            1.6472 |            3.7046 |            2.8806 |            2.8642
 27204 |     73 | 2019-06-22 11:54:09   |       13.1516 |       18.3094 |       11.1429 |            1.6538 |            3.7203 |            2.8922 |            2.8766
 27204 |     74 | 2019-06-22 11:54:19   |       13.1526 |       18.3117 |       11.1654 |            1.6576 |            3.7283 |            2.8989 |            2.8806
 27204 |     75 | 2019-06-22 11:54:30.5 |       13.1584 |       18.3138 |       11.0473 |            1.6411 |            3.6888 |            2.8701 |            2.8473
 27204 |     76 | 2019-06-22 11:54:43.5 |       13.1529 |       18.3123 |       10.7939 |            1.6037 |            3.6006 |            2.8071 |            2.7825
 27204 |     77 | 2019-06-22 11:54:54   |       13.1539 |       18.3131 |       11.0816 |            1.6444 |            3.6981 |            2.8788 |            2.8603
 27204 |     78 | 2019-06-22 11:55:03.5 |       13.1505 |         18.31 |       11.0541 |            1.6419 |            3.6898 |            2.8703 |            2.8522
 27204 |     79 | 2019-06-22 11:55:13   |       13.1573 |       18.3125 |       11.1409 |            1.6545 |             3.719 |            2.8935 |             2.874
 27204 |     80 | 2019-06-22 11:55:23   |       13.1526 |       18.3157 |       11.2301 |            1.6653 |            3.7501 |            2.9173 |            2.8974
 27204 |     81 | 2019-06-22 11:55:35.5 |       13.1506 |       18.3119 |       10.3419 |             1.544 |             3.449 |            2.6905 |            2.6585
 27204 |     82 | 2019-06-22 11:55:48   |       13.0772 |       18.3044 |       10.6255 |            1.5719 |            3.5533 |            2.7473 |             2.753
 27204 |     83 | 2019-06-22 11:55:58   |       13.1456 |        18.311 |       10.7451 |            1.5986 |            3.5847 |            2.7915 |            2.7704
 27204 |     84 | 2019-06-22 11:56:08   |       13.1538 |       18.3143 |       11.0797 |            1.6422 |            3.6982 |              2.88 |            2.8592
 27204 |     85 | 2019-06-22 11:56:17.5 |       13.1446 |       18.3103 |       10.9932 |            1.6347 |            3.6702 |            2.8532 |            2.8351
 27204 |     86 | 2019-06-22 11:56:28.5 |       13.1472 |       18.3108 |       11.1453 |            1.6546 |            3.7225 |            2.8928 |            2.8754
 27204 |     87 | 2019-06-22 11:56:41   |        13.153 |       18.3102 |       10.3523 |            1.5431 |            3.4507 |            2.6943 |            2.6642
 27204 |     88 | 2019-06-22 11:56:52   |       13.1458 |       18.3105 |       10.7023 |            1.5925 |            3.5703 |            2.7804 |            2.7591
 27204 |     89 | 2019-06-22 11:57:02   |       13.1455 |       18.3104 |       10.8602 |            1.6142 |            3.6242 |            2.8209 |            2.8009
 27204 |     90 | 2019-06-22 11:57:12   |        13.151 |       18.3079 |       11.2144 |            1.6655 |            3.7454 |            2.9089 |            2.8946
 27204 |     91 | 2019-06-22 11:57:21.5 |       13.1483 |       18.3107 |       11.1877 |            1.6609 |             3.736 |            2.9039 |            2.8868
 27204 |     92 | 2019-06-22 11:57:33.5 |       13.1255 |       18.3093 |       10.3171 |            1.5395 |            3.4423 |            2.6809 |            2.6543
 27204 |     93 | 2019-06-22 11:57:46   |       13.1511 |       18.3087 |       10.6196 |            1.5824 |            3.5411 |            2.7597 |            2.7365
 27204 |     94 | 2019-06-22 11:57:56   |        13.148 |       18.3102 |        10.874 |            1.6165 |            3.6282 |            2.8246 |            2.8047
 27204 |     95 | 2019-06-22 11:58:06   |       13.1482 |       18.3103 |       11.0357 |            1.6397 |            3.6836 |            2.8649 |            2.8475
 27204 |     96 | 2019-06-22 11:58:16   |       13.1507 |       18.3096 |       11.2283 |             1.667 |            3.7495 |            2.9137 |            2.8981
 27204 |     97 | 2019-06-22 11:58:25.5 |       13.1526 |       18.3073 |       11.3637 |            1.6854 |            3.7961 |            2.9481 |            2.9342
 27204 |     98 | 2019-06-22 11:58:37.5 |       13.1351 |       18.3011 |        9.8646 |            1.4733 |            3.2875 |            2.5654 |            2.5384
 27204 |     99 | 2019-06-22 11:58:50   |       13.1502 |       18.3099 |       10.8174 |            1.6086 |            3.6086 |            2.8098 |            2.7904
 27204 |    100 | 2019-06-22 11:59:00   |        13.151 |       18.3085 |       11.0762 |            1.6445 |            3.6972 |            2.8754 |             2.859
 27204 |    101 | 2019-06-22 11:59:09.5 |       13.1437 |       18.3101 |       10.8855 |            1.6195 |            3.6332 |            2.8261 |            2.8067
 27204 |    102 | 2019-06-22 11:59:19   |       13.1453 |       18.3099 |        11.058 |            1.6426 |            3.6921 |            2.8708 |            2.8525
 27204 |    103 | 2019-06-22 11:59:30.5 |       13.1415 |       18.3101 |       11.0357 |            1.6394 |            3.6855 |            2.8649 |             2.846
 27204 |    104 | 2019-06-22 11:59:43   |       13.1489 |       18.3103 |       10.5243 |            1.5671 |            3.5093 |            2.7367 |            2.7112
 27204 |    105 | 2019-06-22 11:59:54   |       13.1485 |       18.3101 |        10.863 |            1.6147 |            3.6244 |            2.8217 |            2.8022
 27204 |    106 | 2019-06-22 12:00:03.5 |       13.1344 |       18.3139 |       11.0499 |            1.6353 |            3.6912 |            2.8698 |            2.8536
 27204 |    107 | 2019-06-22 12:00:13   |       13.1532 |       18.3118 |       11.1584 |            1.6563 |            3.7253 |            2.8973 |            2.8795
 27204 |    108 | 2019-06-22 12:00:23   |       13.1608 |       18.3133 |       11.2168 |            1.6602 |            3.7472 |            2.9142 |            2.8953
 27204 |    109 | 2019-06-22 12:00:35.5 |       13.1249 |         18.31 |        9.9983 |            1.4943 |             3.334 |            2.6009 |            2.5691
 27204 |    110 | 2019-06-22 12:00:48   |       13.1505 |       18.3086 |       10.8267 |            1.6104 |             3.612 |            2.8119 |            2.7925
 27204 |    111 | 2019-06-22 12:00:58   |       13.1504 |        18.308 |        11.035 |            1.6391 |            3.6834 |            2.8647 |            2.8479
 27204 |    112 | 2019-06-22 12:01:08   |       13.1518 |       18.3128 |       11.2098 |            1.6631 |            3.7426 |            2.9105 |            2.8936
 27204 |    113 | 2019-06-22 12:01:17.5 |       13.1524 |       18.3107 |       11.3153 |             1.679 |            3.7788 |            2.9363 |            2.9212
 27204 |    114 | 2019-06-22 12:01:29   |       13.1523 |       18.3105 |       11.3805 |            1.6871 |            3.8019 |            2.9534 |            2.9381
 27204 |    115 | 2019-06-22 12:01:41.5 |       13.1515 |       18.3109 |       10.3663 |            1.5452 |            3.4555 |            2.6975 |             2.668
 27204 |    116 | 2019-06-22 12:01:52   |        13.151 |       18.3093 |       10.9008 |            1.6204 |            3.6371 |            2.8312 |             2.812
 27204 |    117 | 2019-06-22 12:02:02   |       13.1507 |       18.3081 |       11.0643 |            1.6434 |             3.693 |            2.8723 |            2.8557
 27204 |    118 | 2019-06-22 12:02:12   |       13.1511 |       18.3089 |        11.219 |            1.6657 |            3.7462 |            2.9111 |            2.8961
 27204 |    119 | 2019-06-22 12:02:22   |       13.1499 |       18.3083 |       11.2399 |            1.6681 |            3.7543 |            2.9163 |            2.9012
 27204 |    120 | 2019-06-22 12:02:33.5 |       13.1277 |       18.3094 |       10.3287 |            1.5413 |            3.4461 |            2.6847 |            2.6566
 27204 |    121 | 2019-06-22 12:02:46   |       13.1602 |        18.309 |       10.8172 |            1.6099 |            3.6076 |            2.8115 |            2.7882
 27204 |    122 | 2019-06-22 12:02:56.5 |       13.1517 |       18.3083 |       11.0381 |            1.6393 |            3.6839 |            2.8663 |            2.8485
 27204 |    123 | 2019-06-22 12:03:06.5 |       13.1503 |        18.309 |       11.1138 |            1.6508 |            3.7102 |            2.8845 |            2.8683
 27204 |    124 | 2019-06-22 12:03:16   |       13.1498 |       18.3105 |       11.1941 |            1.6618 |            3.7385 |            2.9044 |            2.8895
 27204 |    125 | 2019-06-22 12:03:25.5 |       13.1519 |       18.3094 |       11.3222 |            1.6793 |            3.7823 |            2.9375 |            2.9231
 27204 |    126 | 2019-06-22 12:03:38   |       13.1486 |       18.3104 |       10.3109 |            1.5374 |            3.4374 |            2.6834 |            2.6527
 27204 |    127 | 2019-06-22 12:03:50.5 |       13.1546 |       18.3119 |       11.0206 |            1.6368 |            3.6772 |            2.8629 |            2.8437
 27204 |    128 | 2019-06-22 12:04:00   |       13.1523 |       18.3108 |       11.1354 |            1.6534 |            3.7165 |            2.8909 |            2.8746
 27204 |    129 | 2019-06-22 12:04:10   |       13.1535 |       18.3128 |       11.2898 |            1.6753 |            3.7696 |            2.9303 |            2.9146
 27204 |    130 | 2019-06-22 12:04:19.5 |       13.1507 |        18.308 |       11.2587 |            1.6712 |            3.7604 |            2.9207 |            2.9064
 27204 |    131 | 2019-06-22 12:04:31   |       13.1477 |       18.3095 |       11.1844 |            1.6605 |            3.7358 |            2.9029 |            2.8853
 27204 |    132 | 2019-06-22 12:04:43.5 |       13.1375 |       18.3142 |       10.5887 |            1.5732 |            3.5327 |            2.7504 |            2.7324
 27204 |    133 | 2019-06-22 12:04:54.5 |       13.1497 |       18.3085 |       10.9087 |            1.6216 |            3.6401 |            2.8325 |            2.8144
 27204 |    134 | 2019-06-22 12:05:04   |       13.1487 |       18.3099 |       11.0145 |            1.6361 |            3.6765 |            2.8596 |            2.8424
 27204 |    135 | 2019-06-22 12:05:14   |       13.1498 |       18.3084 |       11.1493 |            1.6558 |            3.7228 |            2.8933 |            2.8774
 27204 |    136 | 2019-06-22 12:05:23.5 |        13.147 |       18.3103 |       11.1393 |            1.6542 |            3.7198 |            2.8911 |            2.8741
 27204 |    137 | 2019-06-22 12:05:36   |       13.1335 |       18.3107 |       10.4782 |            1.5615 |            3.4964 |            2.7229 |            2.6973
 27204 |    138 | 2019-06-22 12:05:49   |        13.143 |        18.315 |       10.5663 |            1.5689 |            3.5269 |            2.7391 |            2.7313
 27204 |    139 | 2019-06-22 12:05:59   |       13.1455 |       18.3103 |       10.8152 |            1.6083 |            3.6087 |            2.8089 |            2.7893
 27204 |    140 | 2019-06-22 12:06:08.5 |        13.149 |         18.31 |        11.074 |            1.6453 |            3.6964 |            2.8747 |            2.8576
 27204 |    141 | 2019-06-22 12:06:18   |       13.1508 |       18.3088 |       11.2526 |              1.67 |            3.7578 |            2.9196 |            2.9052
 27204 |    142 | 2019-06-22 12:06:29.5 |       13.1517 |       18.3084 |       11.3426 |            1.6821 |            3.7894 |             2.943 |            2.9282
 27204 |    143 | 2019-06-22 12:06:42   |       13.1539 |        18.312 |       10.2863 |            1.5335 |            3.4279 |            2.6786 |            2.6463
 27204 |    144 | 2019-06-22 12:06:53   |       13.1488 |       18.3113 |       10.7947 |            1.6051 |            3.6014 |             2.804 |            2.7841
 27204 |    145 | 2019-06-22 12:07:02.5 |       13.1497 |       18.3095 |       11.0208 |            1.6365 |            3.6787 |            2.8613 |            2.8443
 27204 |    146 | 2019-06-22 12:07:12   |       13.1535 |       18.3123 |        11.309 |            1.6775 |            3.7762 |            2.9352 |              2.92
 27204 |    147 | 2019-06-22 12:07:22   |       13.1502 |       18.3086 |       11.2623 |             1.671 |            3.7618 |            2.9224 |            2.9072
 27204 |    148 | 2019-06-22 12:07:34   |       13.1266 |       18.3106 |       10.5006 |            1.5646 |            3.5047 |            2.7277 |            2.7036
 27204 |    149 | 2019-06-22 12:07:46.5 |       13.1517 |       18.3103 |       10.8827 |            1.6174 |            3.6307 |            2.8273 |            2.8073
 27204 |    150 | 2019-06-22 12:07:56.5 |       13.1518 |       18.3099 |       11.0287 |            1.6381 |            3.6807 |             2.864 |            2.8458
 27204 |    151 | 2019-06-22 12:08:06   |        13.152 |       18.3112 |       11.1407 |            1.6538 |            3.7185 |            2.8928 |            2.8755
 27204 |    152 | 2019-06-22 12:08:16   |       13.1503 |       18.3083 |       11.2018 |            1.6629 |            3.7405 |            2.9069 |            2.8914
 27204 |    153 | 2019-06-22 12:08:25.5 |       13.1508 |       18.3077 |       11.2833 |            1.6739 |            3.7691 |            2.9277 |            2.9126
 27204 |    154 | 2019-06-22 12:08:38.5 |       13.1473 |       18.3074 |       10.1847 |            1.5195 |             3.394 |            2.6517 |            2.6194
 27204 |    155 | 2019-06-22 12:08:50.5 |       13.1487 |       18.3101 |       10.7367 |            1.5973 |            3.5814 |            2.7901 |            2.7679
 27204 |    156 | 2019-06-22 12:09:00   |       13.1501 |       18.3101 |       11.0115 |            1.6358 |            3.6749 |            2.8594 |            2.8414
 27204 |    157 | 2019-06-22 12:09:10   |       13.1505 |        18.308 |       11.0718 |             1.644 |            3.6958 |            2.8741 |            2.8579
 27204 |    158 | 2019-06-22 12:09:20   |       13.1472 |       18.3104 |       11.1165 |            1.6513 |            3.7118 |            2.8852 |            2.8682
 27204 |    159 | 2019-06-22 12:09:31.5 |       13.1403 |       18.3107 |       10.9955 |            1.6342 |            3.6717 |             2.854 |            2.8356
 27204 |    160 | 2019-06-22 12:09:44   |       13.1512 |       18.3113 |       10.5636 |            1.5729 |            3.5221 |            2.7472 |            2.7215
 27204 |    161 | 2019-06-22 12:09:54.5 |       13.1496 |       18.3109 |       10.8828 |            1.6173 |            3.6313 |            2.8265 |            2.8076
 27204 |    162 | 2019-06-22 12:10:04.5 |       13.1464 |       18.3105 |       10.9097 |            1.6216 |            3.6408 |             2.833 |            2.8144
 27204 |    163 | 2019-06-22 12:10:14   |       13.1467 |       18.3106 |       10.9808 |             1.632 |            3.6654 |            2.8509 |            2.8326
 27204 |    164 | 2019-06-22 12:10:24   |       13.1454 |       18.3101 |       11.0519 |            1.6424 |            3.6902 |            2.8688 |            2.8506
 27204 |    165 | 2019-06-22 12:10:36.5 |       13.1317 |       18.3116 |       10.5158 |            1.5645 |            3.5097 |            2.7335 |            2.7081
 27204 |    166 | 2019-06-22 12:10:49   |       13.1466 |       18.3108 |       10.6066 |            1.5793 |            3.5374 |            2.7566 |            2.7332
 27204 |    167 | 2019-06-22 12:10:59   |       13.1472 |       18.3104 |       10.8859 |            1.6181 |            3.6325 |            2.8271 |            2.8082
 27204 |    168 | 2019-06-22 12:11:08.5 |       13.1474 |       18.3105 |       10.9809 |            1.6323 |            3.6654 |            2.8506 |            2.8326
 27204 |    169 | 2019-06-22 12:11:18   |       13.1461 |       18.3103 |       11.0468 |            1.6408 |            3.6887 |            2.8678 |            2.8496
 27204 |    170 | 2019-06-22 12:11:29.5 |       13.1481 |       18.3105 |       11.1867 |            1.6602 |            3.7361 |             2.904 |            2.8863
 27204 |    171 | 2019-06-22 12:11:42   |       13.1529 |       18.3108 |       10.3519 |            1.5439 |            3.4498 |            2.6943 |             2.664
 27204 |    172 | 2019-06-22 12:11:53   |       13.1462 |       18.3101 |       10.7104 |            1.5937 |            3.5722 |            2.7833 |            2.7612
 27204 |    173 | 2019-06-22 12:12:02.5 |        13.149 |       18.3107 |       10.8564 |            1.6157 |             3.621 |            2.8218 |            2.7979
 27204 |    174 | 2019-06-22 12:12:12   |       13.1357 |       18.3118 |       11.0517 |            1.6353 |            3.6952 |            2.8609 |            2.8603
 27204 |    175 | 2019-06-22 12:12:22   |       13.1335 |       18.3097 |       11.3683 |            1.6797 |            3.8012 |            2.9467 |            2.9407
 27204 |    176 | 2019-06-22 12:12:34   |        13.111 |       18.3092 |       10.5384 |            1.5685 |            3.5182 |            2.7362 |            2.7154
 27204 |    177 | 2019-06-22 12:12:46.5 |        13.154 |       18.3117 |       10.9156 |            1.6218 |            3.6412 |            2.8369 |            2.8157
 27204 |    178 | 2019-06-22 12:12:57   |       13.1527 |       18.3114 |       11.0675 |            1.6435 |            3.6934 |            2.8745 |            2.8562
 27204 |    179 | 2019-06-22 12:13:06.5 |       13.1503 |       18.3107 |       11.0846 |            1.6459 |            3.7001 |            2.8778 |            2.8608
 27204 |    180 | 2019-06-22 12:13:16   |       13.1457 |       18.3103 |       11.0133 |            1.6364 |            3.6769 |            2.8592 |            2.8409
 27204 |    181 | 2019-06-22 12:13:26   |       13.1473 |       18.3102 |       11.1415 |            1.6538 |            3.7209 |             2.892 |            2.8747
 27204 |    182 | 2019-06-22 12:13:38.5 |       13.1465 |       18.3111 |       10.3341 |            1.5405 |            3.4453 |            2.6895 |            2.6588
 27204 |    183 | 2019-06-22 12:13:51   |        13.147 |       18.3109 |       10.7027 |            1.5925 |            3.5698 |            2.7813 |            2.7592
 27204 |    184 | 2019-06-22 12:14:00.5 |       13.1481 |        18.311 |        10.916 |            1.6222 |            3.6427 |            2.8352 |            2.8158
 27204 |    185 | 2019-06-22 12:14:10.5 |       13.1461 |       18.3106 |       10.8935 |            1.6192 |            3.6353 |            2.8292 |              2.81
 27204 |    186 | 2019-06-22 12:14:20   |       13.1448 |       18.3109 |       11.0142 |            1.6369 |            3.6776 |            2.8589 |            2.8408
 27204 |    187 | 2019-06-22 12:14:31.5 |       13.1422 |       18.3106 |       11.0586 |            1.6419 |            3.6936 |            2.8705 |            2.8526
 27204 |    188 | 2019-06-22 12:14:44   |       13.1487 |       18.3111 |       10.4644 |            1.5584 |            3.4892 |            2.7218 |             2.695
 27204 |    189 | 2019-06-22 12:14:55   |       13.1467 |       18.3108 |       10.7904 |            1.6045 |            3.6001 |            2.8031 |            2.7827
 27204 |    190 | 2019-06-22 12:15:04.5 |       13.1366 |       18.3154 |        11.138 |            1.6434 |            3.7258 |            2.8817 |            2.8871
 27204 |    191 | 2019-06-22 12:15:14   |       13.1502 |       18.3096 |       11.1425 |            1.6556 |            3.7199 |            2.8926 |            2.8744
 27204 |    192 | 2019-06-22 12:15:24   |       13.1479 |         18.31 |       11.1693 |            1.6582 |            3.7301 |             2.899 |             2.882
 27204 |    193 | 2019-06-22 12:15:36.5 |        13.128 |       18.3114 |       10.0633 |            1.5025 |            3.3553 |            2.6188 |            2.5866
 27204 |    194 | 2019-06-22 12:15:49   |       13.1504 |       18.3083 |       10.8064 |            1.6066 |            3.6055 |            2.8068 |            2.7874
 27204 |    195 | 2019-06-22 12:15:58.5 |       13.1508 |       18.3085 |       10.9978 |             1.634 |            3.6702 |            2.8557 |            2.8379
 27204 |    196 | 2019-06-22 12:16:08   |       13.1481 |        18.311 |       10.9352 |            1.6245 |            3.6496 |            2.8397 |            2.8214
 27204 |    197 | 2019-06-22 12:16:18   |       13.1452 |       18.3105 |       11.0181 |            1.6377 |            3.6784 |            2.8602 |            2.8419
 27204 |    198 | 2019-06-22 12:16:28   |       13.1473 |         18.31 |       11.1092 |            1.6498 |            3.7098 |            2.8839 |            2.8658
 27204 |    199 | 2019-06-22 12:16:40.5 |       13.1512 |       18.3082 |       10.2671 |             1.531 |            3.4223 |            2.6719 |            2.6418
 27204 |    200 | 2019-06-22 12:16:53   |       13.1461 |       18.3139 |       11.0155 |            1.6324 |            3.6776 |            2.8587 |            2.8468
 27204 |    201 | 2019-06-22 12:17:02.5 |       13.1521 |        18.311 |       11.1278 |            1.6518 |            3.7143 |            2.8891 |            2.8725
 27204 |    202 | 2019-06-22 12:17:12   |       13.1582 |       18.3133 |       11.0562 |            1.6428 |            3.6894 |            2.8703 |            2.8538
 27204 |    203 | 2019-06-22 12:17:22   |       13.0841 |       18.3061 |       11.0365 |            1.6343 |            3.6905 |            2.8557 |             2.856
 27204 |    204 | 2019-06-22 12:17:34   |       13.1303 |       18.3108 |       10.6593 |            1.5867 |            3.5584 |            2.7682 |             2.746
 27204 |    205 | 2019-06-22 12:17:46.5 |       13.1511 |       18.3116 |       10.4868 |            1.5634 |            3.4959 |            2.7273 |            2.7001
 27204 |    206 | 2019-06-22 12:17:56.5 |       13.0695 |       18.3032 |       10.7415 |            1.5911 |            3.5901 |            2.7805 |            2.7798
 27204 |    207 | 2019-06-22 12:18:06   |       13.1431 |       18.3166 |       10.8705 |            1.6139 |            3.6271 |            2.8198 |            2.8096
 27204 |    208 | 2019-06-22 12:18:16   |       13.1525 |       18.3111 |       11.2864 |            1.6739 |            3.7692 |            2.9291 |            2.9142
 27204 |    209 | 2019-06-22 12:18:26   |        13.153 |        18.309 |       11.3448 |            1.6819 |            3.7895 |            2.9442 |            2.9292
 27204 |    210 | 2019-06-22 12:18:38.5 |       13.1476 |       18.3005 |       10.2203 |            1.5205 |            3.4102 |             2.654 |            2.6356
 27204 |    211 | 2019-06-22 12:18:51   |       13.1479 |       18.3099 |        10.711 |            1.5935 |            3.5727 |            2.7831 |            2.7617
 27204 |    212 | 2019-06-22 12:19:00.5 |       13.1488 |       18.3106 |       10.9312 |            1.6244 |            3.6473 |            2.8393 |            2.8202
 27204 |    213 | 2019-06-22 12:19:10   |       13.1442 |       18.2911 |       10.8891 |            1.6174 |             3.635 |             2.822 |            2.8147
 27204 |    214 | 2019-06-22 12:19:20   |        13.145 |        18.311 |       11.0165 |            1.6366 |             3.678 |              2.86 |            2.8419
 27204 |    215 | 2019-06-22 12:19:31.5 |       13.1313 |       18.3198 |       11.1036 |            1.6415 |            3.7142 |            2.8792 |            2.8688
 27204 |    216 | 2019-06-22 12:19:44   |       13.1673 |       18.3143 |       10.5778 |            1.5744 |            3.5258 |            2.7543 |            2.7233
 27204 |    217 | 2019-06-22 12:19:55   |       13.1449 |       18.3103 |       10.6727 |            1.5882 |            3.5595 |            2.7736 |            2.7514
 27204 |    218 | 2019-06-22 12:20:04.5 |       13.1514 |        18.311 |       11.1299 |             1.652 |            3.7149 |            2.8902 |            2.8729
 27204 |    219 | 2019-06-22 12:20:14   |        13.146 |       18.3103 |       10.9986 |             1.635 |            3.6717 |            2.8549 |             2.837
 27204 |    220 | 2019-06-22 12:20:24   |       13.1516 |       18.3134 |       11.1834 |            1.6591 |            3.7345 |            2.9045 |            2.8853
 27204 |    221 | 2019-06-22 12:20:36   |       13.1255 |       18.3097 |       10.1434 |            1.5148 |             3.383 |            2.6375 |             2.608
 27204 |    222 | 2019-06-22 12:20:48.5 |       13.1523 |       18.3113 |       10.8978 |            1.6204 |            3.6351 |            2.8311 |            2.8112
 27204 |    223 | 2019-06-22 12:20:59   |       13.1521 |       18.3109 |       11.0748 |            1.6448 |            3.6956 |            2.8756 |            2.8588
 27204 |    224 | 2019-06-22 12:21:08.5 |       13.1488 |       18.3098 |       11.0349 |            1.6399 |            3.6833 |            2.8647 |             2.847
 27204 |    225 | 2019-06-22 12:21:18   |       13.1472 |       18.3106 |       11.0724 |            1.6447 |            3.6968 |            2.8741 |            2.8568
 27204 |    226 | 2019-06-22 12:21:28   |       13.1497 |       18.3102 |       11.2166 |            1.6646 |            3.7459 |            2.9114 |            2.8947
 27204 |    227 | 2019-06-22 12:21:40.5 |       13.1528 |       18.3132 |       10.3755 |            1.5449 |            3.4585 |            2.7022 |            2.6699
 27204 |    228 | 2019-06-22 12:21:52.5 |       13.1474 |       18.3108 |       10.7148 |            1.5937 |            3.5741 |            2.7842 |            2.7628
 27204 |    229 | 2019-06-22 12:22:02   |       13.1465 |       18.3106 |       10.8845 |            1.6174 |            3.6322 |            2.8271 |            2.8079
 27204 |    230 | 2019-06-22 12:22:12   |       13.1487 |       18.3114 |       11.1286 |            1.6509 |            3.7154 |            2.8889 |            2.8734
 27204 |    231 | 2019-06-22 12:22:22   |       13.0852 |       18.3126 |        11.359 |             1.676 |            3.7991 |            2.9409 |             2.943
 27204 |    232 | 2019-06-22 12:22:33.5 |       13.0885 |        18.306 |       10.9078 |            1.6147 |            3.6467 |            2.8253 |            2.8211
 27204 |    233 | 2019-06-22 12:22:45.5 |       13.1525 |       18.3115 |       10.7346 |             1.596 |            3.5804 |            2.7909 |            2.7674
 27204 |    234 | 2019-06-22 12:22:56.5 |       13.1506 |       18.3092 |       10.9786 |             1.631 |            3.6631 |            2.8512 |            2.8333
 27204 |    235 | 2019-06-22 12:23:06   |       13.1503 |       18.3108 |       11.0329 |            1.6382 |            3.6824 |            2.8647 |            2.8476
 27204 |    236 | 2019-06-22 12:23:16   |        13.154 |       18.3128 |       11.3425 |            1.6811 |            3.7878 |            2.9444 |            2.9292
 27204 |    237 | 2019-06-22 12:23:26   |       13.1538 |       18.3133 |       11.4167 |            1.6912 |            3.8132 |             2.964 |            2.9483
 27204 |    238 | 2019-06-22 12:23:39   |       13.1335 |         18.31 |        9.8787 |            1.4773 |            3.2918 |            2.5725 |            2.5372
 27204 |    239 | 2019-06-22 12:23:51.5 |       13.1518 |       18.3099 |        10.864 |            1.6149 |            3.6238 |            2.8227 |            2.8026
 27204 |    240 | 2019-06-22 12:24:01   |       13.1521 |       18.3106 |       11.0635 |            1.6423 |            3.6924 |             2.873 |            2.8558
 27204 |    241 | 2019-06-22 12:24:10.5 |        13.149 |       18.3108 |       10.9895 |             1.632 |            3.6678 |            2.8539 |            2.8359
 27204 |    242 | 2019-06-22 12:24:20   |       13.1509 |       18.3088 |       11.2434 |            1.6688 |             3.755 |            2.9173 |            2.9023
 27204 |    243 | 2019-06-22 12:24:31.5 |       13.1499 |       18.3095 |       11.2746 |            1.6729 |            3.7657 |            2.9258 |            2.9102
 27204 |    244 | 2019-06-22 12:24:44.5 |       13.1437 |       18.3118 |        10.517 |            1.5633 |            3.5083 |            2.7325 |            2.7128
 27204 |    245 | 2019-06-22 12:24:54.5 |       13.1505 |       18.3092 |       10.9005 |            1.6197 |            3.6373 |            2.8306 |             2.813
 27204 |    246 | 2019-06-22 12:25:04   |       13.1489 |       18.3097 |       10.9717 |            1.6295 |            3.6618 |            2.8491 |            2.8313
 27204 |    247 | 2019-06-22 12:25:14   |       13.1473 |       18.3106 |       11.0464 |            1.6416 |            3.6876 |            2.8671 |            2.8501
 27204 |    248 | 2019-06-22 12:25:23.5 |       13.1462 |       18.3106 |       11.0914 |            1.6471 |            3.7035 |            2.8791 |            2.8617
 27204 |    249 | 2019-06-22 12:25:35.5 |        13.128 |       18.3104 |       10.5037 |            1.5651 |            3.5053 |            2.7292 |            2.7041
 27204 |    250 | 2019-06-22 12:25:48   |       13.1532 |        18.312 |       10.9282 |            1.6234 |            3.6459 |            2.8397 |            2.8193
 27204 |    251 | 2019-06-22 12:25:58   |        13.151 |       18.3117 |       11.0646 |            1.6419 |            3.6927 |            2.8737 |            2.8564
 27204 |    252 | 2019-06-22 12:26:08   |       13.1128 |       18.3122 |       11.0899 |            1.6428 |            3.7047 |            2.8779 |            2.8645
 27204 |    253 | 2019-06-22 12:26:18   |       13.1546 |       18.3099 |       10.9391 |            1.6266 |            3.6513 |            2.8403 |            2.8209
 27204 |    254 | 2019-06-22 12:26:28   |        13.148 |       18.3112 |       11.1217 |            1.6507 |            3.7141 |            2.8871 |            2.8697
 27204 |    255 | 2019-06-22 12:26:40.5 |       13.1507 |       18.3091 |       10.2801 |            1.5329 |            3.4264 |            2.6761 |            2.6446
 27204 |    256 | 2019-06-22 12:26:53   |       13.1422 |       18.3096 |       10.6214 |            1.5807 |            3.5425 |            2.7599 |            2.7383
 27204 |    257 | 2019-06-22 12:27:03   |        13.113 |       18.3055 |       11.0605 |            1.6364 |            3.6947 |            2.8683 |            2.8611
 27204 |    258 | 2019-06-22 12:27:13   |       13.1679 |       18.3149 |       11.1185 |            1.6522 |            3.7095 |            2.8911 |            2.8657
 27204 |    259 | 2019-06-22 12:27:22.5 |       13.1341 |        18.308 |       11.1301 |            1.6436 |            3.7219 |            2.8826 |             2.882
 27204 |    260 | 2019-06-22 12:27:34   |        13.134 |       18.3126 |       10.8095 |            1.6071 |            3.6095 |            2.8067 |            2.7862
 27204 |    261 | 2019-06-22 12:27:46.5 |       13.1445 |       18.3108 |       10.4769 |            1.5608 |            3.4934 |            2.7239 |            2.6988
 27204 |    262 | 2019-06-22 12:27:57   |        13.145 |       18.3105 |       10.7222 |            1.5949 |            3.5768 |            2.7859 |            2.7645
 27204 |    263 | 2019-06-22 12:28:07   |       13.1492 |       18.3114 |       10.8657 |            1.6152 |            3.6254 |            2.8232 |            2.8019
 27204 |    264 | 2019-06-22 12:28:16.5 |       13.1082 |       18.3161 |       11.2085 |            1.6553 |            3.7516 |            2.8955 |            2.9062
 27204 |    265 | 2019-06-22 12:28:26   |       13.1525 |       18.3113 |       11.3529 |            1.6834 |            3.7918 |            2.9465 |            2.9312
 27204 |    266 | 2019-06-22 12:28:38.5 |       13.1432 |       18.3118 |       10.3205 |            1.5387 |            3.4413 |            2.6857 |            2.6547
 27204 |    267 | 2019-06-22 12:28:51   |       13.1506 |       18.3084 |       10.8138 |             1.608 |            3.6077 |            2.8088 |            2.7893
 27204 |    268 | 2019-06-22 12:29:00.5 |       13.1501 |       18.3109 |       10.9857 |            1.6321 |            3.6664 |            2.8525 |            2.8348
 27204 |    269 | 2019-06-22 12:29:10   |       13.1511 |       18.3092 |       11.1583 |            1.6568 |            3.7251 |            2.8959 |            2.8804
 27204 |    270 | 2019-06-22 12:29:20   |       13.1511 |        18.308 |        11.237 |            1.6675 |            3.7527 |            2.9157 |            2.9012
 27204 |    271 | 2019-06-22 12:29:31.5 |       13.1482 |        18.311 |       11.2283 |            1.6657 |            3.7506 |            2.9141 |            2.8978
 27204 |    272 | 2019-06-22 12:29:44   |       13.1521 |       18.3125 |       10.4665 |            1.5579 |            3.4893 |            2.7237 |            2.6955
 27204 |    273 | 2019-06-22 12:29:55   |       13.1501 |       18.3108 |       10.8506 |            1.6127 |              3.62 |            2.8187 |            2.7991
 27204 |    274 | 2019-06-22 12:30:04.5 |       13.1519 |       18.3123 |       10.9784 |            1.6304 |            3.6632 |            2.8522 |            2.8326
 27204 |    275 | 2019-06-22 12:30:14   |        13.151 |        18.312 |       11.1493 |             1.655 |            3.7226 |            2.8941 |            2.8777
 27204 |    276 | 2019-06-22 12:30:24   |       13.1507 |       18.3099 |       11.2616 |            1.6707 |            3.7613 |            2.9224 |            2.9071
 27204 |    277 | 2019-06-22 12:30:36   |       13.1373 |       18.3103 |       10.7751 |            1.6024 |            3.5975 |            2.7984 |            2.7768
 27204 |    278 | 2019-06-22 12:30:48.5 |       13.1556 |       18.3125 |       10.7811 |            1.6045 |            3.5955 |            2.8022 |            2.7789
 27204 |    279 | 2019-06-22 12:30:59   |       13.1505 |       18.3098 |         10.98 |            1.6309 |            3.6645 |            2.8505 |            2.8341
 27204 |    280 | 2019-06-22 12:31:08.5 |        13.148 |       18.3112 |       10.9863 |            1.6322 |            3.6669 |            2.8524 |            2.8348
 27204 |    281 | 2019-06-22 12:31:18   |        13.147 |       18.3107 |       11.0813 |            1.6455 |            3.6999 |            2.8764 |            2.8594
 27204 |    282 | 2019-06-22 12:31:28   |       13.1501 |       18.3109 |       11.2352 |            1.6664 |            3.7523 |            2.9164 |            2.9001
 27204 |    283 | 2019-06-22 12:31:40.5 |       13.1527 |       18.3131 |       10.3723 |            1.5445 |            3.4575 |            2.7008 |            2.6695
 27204 |    284 | 2019-06-22 12:31:53   |       13.1489 |       18.3103 |       10.7859 |            1.6042 |            3.5976 |            2.8024 |            2.7817
 27204 |    285 | 2019-06-22 12:32:03   |       13.1504 |       18.3101 |       11.0031 |            1.6338 |            3.6719 |            2.8575 |            2.8399
 27204 |    286 | 2019-06-22 12:32:12.5 |        13.147 |       18.3105 |       11.0147 |            1.6369 |            3.6769 |            2.8593 |            2.8415
 27204 |    287 | 2019-06-22 12:32:22   |        13.147 |       18.3104 |       11.0914 |            1.6468 |            3.7036 |             2.879 |             2.862
 27204 |    288 | 2019-06-22 12:32:33.5 |       13.1384 |       18.3101 |       10.9577 |            1.6274 |            3.6597 |            2.8447 |            2.8259
 27204 |    289 | 2019-06-22 12:32:46   |       13.1439 |       18.2959 |       10.4285 |              1.55 |            3.4786 |            2.7049 |             2.695
 27204 |    290 | 2019-06-22 12:32:57   |       13.1444 |       18.3103 |       10.6894 |            1.5904 |            3.5658 |            2.7772 |             2.756
 27204 |    291 | 2019-06-22 12:33:06.5 |       13.1457 |       18.3109 |       10.8519 |             1.613 |            3.6212 |            2.8184 |            2.7992
 27204 |    292 | 2019-06-22 12:33:16   |       13.1522 |       18.3104 |       11.2644 |            1.6716 |            3.7611 |            2.9236 |            2.9081
 27204 |    293 | 2019-06-22 12:33:26   |       13.1512 |       18.3086 |       11.2926 |            1.6746 |            3.7719 |            2.9305 |            2.9156
 27204 |    294 | 2019-06-22 12:33:38.5 |       13.1421 |       18.3106 |       10.4055 |            1.5504 |            3.4704 |            2.7064 |            2.6783
 27204 |    295 | 2019-06-22 12:33:51   |       13.1539 |       18.3119 |       10.9276 |            1.6231 |            3.6453 |            2.8398 |            2.8194
 27204 |    296 | 2019-06-22 12:34:00.5 |       13.1544 |       18.3136 |       11.1566 |            1.6539 |            3.7236 |            2.8982 |             2.881
 27204 |    297 | 2019-06-22 12:34:10   |       13.1499 |       18.3108 |       11.0112 |            1.6351 |            3.6754 |            2.8586 |            2.8421
 27204 |    298 | 2019-06-22 12:34:20   |       13.1518 |       18.3098 |       11.2915 |            1.6755 |            3.7707 |              2.93 |            2.9153
 27204 |    299 | 2019-06-22 12:34:31.5 |       13.1537 |       18.3112 |       11.3683 |            1.6862 |            3.7966 |            2.9511 |            2.9344
 27204 |    300 | 2019-06-22 12:34:44   |        13.107 |       18.3033 |       10.4144 |            1.5474 |             3.475 |             2.704 |             2.688
 27204 |    301 | 2019-06-22 12:34:55   |        13.151 |       18.3101 |       10.9652 |            1.6289 |            3.6584 |            2.8478 |            2.8301
 27204 |    302 | 2019-06-22 12:35:04.5 |       13.1455 |       18.3104 |       10.9693 |            1.6291 |            3.6605 |            2.8485 |            2.8311
 27204 |    303 | 2019-06-22 12:35:14   |       13.0703 |       18.2996 |       10.9168 |            1.6184 |            3.6477 |            2.8269 |            2.8238
 27204 |    304 | 2019-06-22 12:35:24   |       13.1652 |       18.3151 |       11.1922 |            1.6607 |            3.7363 |            2.9086 |            2.8866
 27204 |    305 | 2019-06-22 12:35:36   |       13.1366 |       18.3107 |       10.7357 |            1.5968 |             3.584 |            2.7885 |            2.7664
 27204 |    306 | 2019-06-22 12:35:48.5 |       13.1554 |       18.3098 |       10.7344 |            1.5976 |              3.58 |            2.7892 |            2.7675
 27204 |    307 | 2019-06-22 12:35:58.5 |       13.1506 |       18.3083 |       11.0054 |            1.6341 |            3.6733 |             2.857 |            2.8409
 27204 |    308 | 2019-06-22 12:36:08   |       13.1369 |       18.3147 |       11.0437 |            1.6356 |            3.6904 |            2.8613 |            2.8564
 27204 |    309 | 2019-06-22 12:36:18   |       13.1602 |       18.3112 |       11.1969 |            1.6589 |            3.7398 |            2.9058 |            2.8924
 27204 |    310 | 2019-06-22 12:36:27.5 |        13.075 |       18.2987 |       11.3677 |            1.6793 |            3.8028 |            2.9402 |            2.9454
 27204 |    311 | 2019-06-22 12:36:40.5 |       13.1437 |       18.3103 |        9.9732 |            1.4899 |             3.323 |            2.5976 |            2.5628
 27204 |    312 | 2019-06-22 12:36:53   |       13.1525 |       18.3095 |       10.8781 |             1.617 |            3.6291 |            2.8257 |            2.8063
 27204 |    313 | 2019-06-22 12:37:02.5 |       13.1615 |       18.3093 |       11.0129 |            1.6359 |            3.6751 |            2.8603 |            2.8416
 27204 |    314 | 2019-06-22 12:37:12   |       13.0539 |       18.3006 |       11.1494 |            1.6481 |            3.7285 |             2.882 |            2.8908
 27204 |    315 | 2019-06-22 12:37:22   |       13.0675 |       18.3193 |       11.3498 |             1.673 |            3.7995 |            2.9365 |            2.9409
 27204 |    316 | 2019-06-22 12:37:34   |       13.1366 |       18.3123 |       11.1715 |            1.6543 |            3.7343 |            2.8983 |            2.8846
 27204 |    317 | 2019-06-22 12:37:46.5 |       13.1521 |       18.3096 |       10.7993 |            1.6054 |            3.6025 |            2.8059 |            2.7855
 27204 |    318 | 2019-06-22 12:37:57   |       13.1528 |       18.3114 |       11.0433 |            1.6396 |            3.6849 |            2.8685 |            2.8504
 27204 |    319 | 2019-06-22 12:38:06.5 |       13.1512 |       18.3102 |       11.0651 |            1.6426 |            3.6928 |            2.8733 |            2.8564
 27204 |    320 | 2019-06-22 12:38:16   |       13.1454 |       18.3108 |       10.9729 |            1.6317 |             3.663 |            2.8484 |            2.8299
 27204 |    321 | 2019-06-22 12:38:26   |       13.1463 |       18.3101 |       11.0804 |            1.6459 |            3.6996 |            2.8773 |            2.8576
 27204 |    322 | 2019-06-22 12:38:38.5 |       13.1334 |       18.3099 |       10.2305 |            1.5279 |            3.4112 |            2.6622 |            2.6292
 27204 |    323 | 2019-06-22 12:38:51   |       13.1566 |       18.3148 |       10.9574 |            1.6214 |            3.6586 |            2.8463 |            2.8311
 27204 |    324 | 2019-06-22 12:39:01   |        13.153 |       18.3121 |       11.1192 |            1.6492 |            3.7108 |            2.8883 |            2.8709
 27204 |    325 | 2019-06-22 12:39:10.5 |        13.152 |       18.3099 |       11.1601 |            1.6567 |            3.7258 |            2.8968 |            2.8807
 27204 |    326 | 2019-06-22 12:39:20   |       13.1521 |       18.3104 |        11.291 |             1.675 |            3.7704 |            2.9305 |            2.9152
 27204 |    327 | 2019-06-22 12:39:31.5 |       13.1526 |        18.309 |       11.3654 |            1.6847 |            3.7962 |            2.9499 |            2.9346
 27204 |    328 | 2019-06-22 12:39:44   |       13.1483 |       18.2988 |       10.1672 |            1.5148 |            3.3889 |             2.643 |            2.6204
 27204 |    329 | 2019-06-22 12:39:55   |       13.1525 |         18.31 |       10.9317 |             1.624 |            3.6471 |            2.8396 |             2.821
 27204 |    330 | 2019-06-22 12:40:04.5 |       13.1487 |       18.3138 |       10.9451 |            1.6254 |            3.6524 |             2.843 |            2.8243
 27204 |    331 | 2019-06-22 12:40:14   |       13.1479 |       18.3107 |        11.122 |            1.6515 |            3.7131 |            2.8874 |            2.8701
 27204 |    332 | 2019-06-22 12:40:24   |       13.1271 |        18.315 |       11.3977 |            1.6856 |            3.8091 |            2.9578 |            2.9452
 27204 |    333 | 2019-06-22 12:40:36   |       13.1412 |       18.3096 |        10.935 |            1.6254 |            3.6514 |            2.8387 |            2.8194
 27204 |    334 | 2019-06-22 12:40:48.5 |       13.1497 |       18.3072 |       10.7575 |            1.6004 |            3.5886 |            2.7942 |            2.7743
 27204 |    335 | 2019-06-22 12:40:59.5 |       13.1524 |       18.3103 |       11.0549 |            1.6415 |             3.689 |            2.8707 |            2.8538
 27204 |    336 | 2019-06-22 12:41:08.5 |       13.1512 |       18.3089 |       11.0746 |            1.6444 |            3.6965 |             2.875 |            2.8587
 27204 |    337 | 2019-06-22 12:41:18   |       13.1485 |       18.3109 |       11.1209 |            1.6511 |            3.7132 |            2.8867 |            2.8699
 27204 |    338 | 2019-06-22 12:41:28   |       13.1501 |       18.3114 |       11.2378 |            1.6669 |            3.7535 |            2.9166 |            2.9008
 27204 |    339 | 2019-06-22 12:41:40.5 |       13.1482 |       18.3126 |       10.3783 |            1.5458 |            3.4603 |            2.7016 |            2.6706
 27204 |    340 | 2019-06-22 12:41:53   |       13.1469 |       18.3108 |       10.6572 |            1.5857 |            3.5547 |            2.7694 |            2.7475
 27204 |    341 | 2019-06-22 12:42:02.5 |       13.1495 |       18.3114 |        10.907 |            1.6206 |            3.6398 |            2.8329 |            2.8138
 27204 |    342 | 2019-06-22 12:42:12   |       13.0994 |       18.2935 |       10.9137 |            1.6167 |            3.6478 |            2.8235 |            2.8257
 27204 |    343 | 2019-06-22 12:42:22   |       13.1449 |       18.3108 |       11.0067 |            1.6354 |            3.6747 |            2.8574 |            2.8392
 27204 |    344 | 2019-06-22 12:42:33.5 |       13.1419 |       18.3101 |       11.0242 |            1.6373 |            3.6815 |            2.8617 |            2.8437
 27204 |    345 | 2019-06-22 12:42:46.5 |       13.1466 |       18.3104 |       10.4441 |            1.5559 |            3.4821 |            2.7158 |            2.6903
 27204 |    346 | 2019-06-22 12:42:59.5 |       13.1485 |       18.3109 |       10.8776 |            1.6165 |            3.6294 |            2.8254 |            2.8063
 27204 |    347 | 2019-06-22 12:43:12   |       13.1522 |       18.3112 |       11.2139 |            1.6641 |            3.7439 |            2.9104 |            2.8955
 27204 |    348 | 2019-06-22 12:43:24   |       13.1518 |       18.3099 |       11.3001 |            1.6761 |             3.774 |            2.9327 |            2.9174
 27204 |    349 | 2019-06-22 12:43:38   |       13.1386 |       18.3116 |       10.6046 |            1.5777 |            3.5392 |            2.7565 |            2.7312
 27204 |    350 | 2019-06-22 12:43:52.5 |       13.1506 |       18.3113 |       10.8087 |            1.6064 |             3.606 |            2.8083 |             2.788
 27204 |    351 | 2019-06-22 12:44:05   |       13.1493 |         18.31 |       10.9634 |            1.6278 |             3.659 |             2.847 |            2.8297
 27204 |    352 | 2019-06-22 12:44:17   |       13.1526 |       18.3105 |       11.2615 |            1.6707 |            3.7606 |            2.9226 |            2.9076
 27204 |    353 | 2019-06-22 12:44:31   |       13.1517 |       18.3113 |       11.3014 |            1.6756 |            3.7751 |            2.9331 |            2.9176
 27204 |    354 | 2019-06-22 12:44:45.5 |       13.1512 |       18.3119 |        10.419 |            1.5523 |            3.4728 |            2.7113 |            2.6826
 27204 |    355 | 2019-06-22 12:44:58   |        13.149 |       18.3109 |       10.8679 |             1.615 |             3.626 |            2.8232 |            2.8037
 27204 |    356 | 2019-06-22 12:45:10   |       13.1338 |       18.3126 |       11.0926 |            1.6424 |            3.7074 |            2.8762 |            2.8665
 27204 |    357 | 2019-06-22 12:45:22   |       13.1364 |       18.3138 |       11.4046 |            1.6856 |            3.8116 |            2.9599 |            2.9475
 27204 |    358 | 2019-06-22 12:45:36   |       13.1365 |       18.3104 |        10.818 |            1.6091 |            3.6111 |              2.81 |            2.7879
 27204 |    359 | 2019-06-22 12:45:50.5 |       13.1453 |       18.3102 |        10.613 |            1.5797 |            3.5394 |            2.7583 |            2.7357
 27204 |    360 | 2019-06-22 12:46:03   |        13.146 |       18.3105 |       10.8441 |            1.6118 |            3.6181 |            2.8165 |            2.7976
 27204 |    361 | 2019-06-22 12:46:15   |       13.1531 |       18.3107 |       11.2853 |            1.6737 |            3.7683 |            2.9291 |            2.9141
 27204 |    362 | 2019-06-22 12:46:27   |        13.154 |       18.3132 |       11.4268 |            1.6919 |            3.8168 |             2.967 |            2.9511
 27204 |    363 | 2019-06-22 12:46:41   |       13.1432 |       18.3101 |       10.0163 |            1.4954 |            3.3381 |            2.6085 |            2.5743
 27204 |    364 | 2019-06-22 12:46:55.5 |       13.1524 |       18.3106 |       10.9584 |            1.6279 |            3.6563 |            2.8467 |            2.8275
 27204 |    365 | 2019-06-22 12:47:08.5 |       13.1507 |       18.3109 |       10.8959 |            1.6205 |            3.6357 |            2.8298 |            2.8099
 27204 |    366 | 2019-06-22 12:47:20.5 |       13.1516 |       18.3086 |       11.2043 |            1.6589 |            3.7427 |            2.9084 |            2.8944
 27204 |    367 | 2019-06-22 12:47:34   |       13.1498 |       18.3099 |       10.8775 |            1.6177 |            3.6312 |             2.826 |            2.8026
 27204 |    368 | 2019-06-22 12:47:47.5 |       13.1532 |       18.3136 |       10.8967 |            1.6178 |            3.6353 |            2.8328 |            2.8109
 27204 |    369 | 2019-06-22 12:47:58   |       13.1428 |       18.2907 |       10.9198 |            1.6173 |            3.6481 |            2.8273 |            2.8271
 27204 |    370 | 2019-06-22 12:48:07.5 |       13.1521 |       18.3094 |       11.1031 |            1.6482 |            3.7057 |             2.883 |            2.8662
 27204 |    371 | 2019-06-22 12:48:17   |       13.1539 |       18.3122 |       11.3212 |            1.6786 |            3.7803 |             2.939 |            2.9233
 27204 |    372 | 2019-06-22 12:48:27   |       13.1527 |       18.3108 |       11.3509 |             1.683 |            3.7908 |            2.9465 |            2.9306
 27204 |    373 | 2019-06-22 12:48:39.5 |       13.1339 |        18.316 |       10.4735 |            1.5552 |            3.4974 |            2.7214 |            2.6995
 27204 |    374 | 2019-06-22 12:48:52   |       13.1486 |       18.3107 |       10.7226 |            1.5948 |            3.5766 |            2.7866 |            2.7646
 27204 |    375 | 2019-06-22 12:49:02   |       13.1492 |       18.3107 |       10.9408 |            1.6256 |            3.6507 |            2.8416 |            2.8229
 27204 |    376 | 2019-06-22 12:49:12   |       13.1459 |       18.3104 |       10.9531 |            1.6285 |            3.6559 |            2.8431 |            2.8256
 27204 |    377 | 2019-06-22 12:49:23   |       13.1475 |       18.3108 |       11.1086 |            1.6497 |             3.709 |            2.8835 |            2.8664
 27204 |    378 | 2019-06-22 12:49:37   |       13.1349 |       18.3107 |        10.688 |            1.5905 |            3.5673 |            2.7763 |            2.7539
 27204 |    379 | 2019-06-22 12:49:51.5 |       13.1469 |       18.3104 |       10.6513 |            1.5858 |            3.5521 |            2.7676 |            2.7458
 27204 |    380 | 2019-06-22 12:50:04   |       13.1503 |       18.3111 |       11.0373 |             1.639 |            3.6836 |             2.866 |            2.8488
 27204 |    381 | 2019-06-22 12:50:16   |       13.1484 |       18.3107 |        11.059 |            1.6438 |            3.6915 |            2.8709 |            2.8528
 27204 |    382 | 2019-06-22 12:50:28.5 |       13.1497 |       18.3105 |       11.2434 |            1.6686 |            3.7549 |            2.9175 |            2.9024
 27204 |    383 | 2019-06-22 12:50:43   |       13.1174 |       18.3151 |       10.2694 |            1.5228 |            3.4288 |            2.6633 |            2.6545
 27204 |    384 | 2019-06-22 12:50:57   |       13.1497 |       18.3112 |       10.8506 |            1.6131 |              3.62 |            2.8184 |            2.7991
 27204 |    385 | 2019-06-22 12:51:09   |       13.1499 |       18.3107 |       10.9715 |            1.6296 |            3.6614 |            2.8488 |            2.8317
 27204 |    386 | 2019-06-22 12:51:21.5 |       13.1447 |       18.3078 |       10.9859 |            1.6324 |            3.6677 |            2.8522 |            2.8337
 27204 |    387 | 2019-06-22 12:51:35.5 |       13.1327 |       18.3111 |       10.6928 |             1.591 |            3.5696 |            2.7776 |            2.7546
 27204 |    388 | 2019-06-22 12:51:49.5 |       13.1491 |       18.3167 |       10.8601 |            1.6112 |            3.6236 |            2.8236 |            2.8016
 27204 |    389 | 2019-06-22 12:52:00.5 |       13.0841 |       18.3136 |       11.1197 |             1.641 |            3.7179 |            2.8817 |            2.8791
 27204 |    390 | 2019-06-22 12:52:10   |       13.1512 |       18.3094 |       10.9773 |            1.6323 |            3.6632 |            2.8501 |            2.8316
 27204 |    391 | 2019-06-22 12:52:20   |       13.1477 |       18.3103 |       11.0767 |            1.6453 |             3.698 |            2.8751 |            2.8582
 27204 |    392 | 2019-06-22 12:52:30   |       13.1499 |       18.3106 |       11.1982 |            1.6621 |            3.7395 |            2.9067 |            2.8899
 27204 |    393 | 2019-06-22 12:52:42.5 |       13.1543 |       18.3133 |       10.3441 |            1.5404 |            3.4477 |            2.6938 |            2.6622
 27204 |    394 | 2019-06-22 12:52:54.5 |       13.1461 |       18.3103 |        10.656 |            1.5858 |            3.5543 |            2.7689 |            2.7469
 27204 |    395 | 2019-06-22 12:53:04   |       13.1471 |       18.3103 |       10.8423 |            1.6123 |            3.6172 |            2.8158 |            2.7971
 27204 |    396 | 2019-06-22 12:53:14.5 |       13.1453 |       18.3106 |       10.9585 |             1.629 |            3.6582 |            2.8445 |            2.8268
 27204 |    397 | 2019-06-22 12:53:26   |       13.1458 |       18.3107 |       11.0773 |            1.6445 |             3.699 |            2.8756 |            2.8582
 27204 |    398 | 2019-06-22 12:53:40   |       13.1606 |       18.3105 |       10.2158 |            1.5249 |            3.4053 |              2.66 |            2.6256
 27204 |    399 | 2019-06-22 12:53:53   |       13.1748 |       18.3141 |       10.9865 |            1.6287 |            3.6659 |            2.8572 |            2.8347
 27204 |    400 | 2019-06-22 12:54:03   |       13.1545 |       18.3116 |       11.1121 |            1.6489 |            3.7088 |            2.8861 |            2.8683
 27204 |    401 | 2019-06-22 12:54:12   |       13.1526 |       18.3102 |       11.1994 |             1.663 |            3.7388 |            2.9064 |            2.8912
 27204 |    402 | 2019-06-22 12:54:22   |       13.1525 |       18.3104 |        11.292 |            1.6751 |             3.771 |            2.9304 |            2.9155
 27204 |    403 | 2019-06-22 12:54:33.5 |       13.1493 |       18.3111 |       11.3369 |            1.6809 |            3.7869 |            2.9425 |            2.9266
 27204 |    404 | 2019-06-22 12:54:46   |       13.1516 |       18.3104 |       10.5533 |            1.5708 |            3.5192 |            2.7443 |            2.7189
 27204 |    405 | 2019-06-22 12:54:56.5 |       13.1526 |       18.3106 |       10.9964 |            1.6331 |            3.6692 |             2.856 |            2.8381
 27204 |    406 | 2019-06-22 12:55:06   |       13.1477 |       18.3118 |       10.8526 |            1.6127 |            3.6204 |            2.8193 |            2.8002
 27204 |    407 | 2019-06-22 12:55:16   |       13.1507 |       18.3103 |        11.191 |            1.6623 |            3.7369 |            2.9038 |            2.8881
 27204 |    408 | 2019-06-22 12:55:26   |       13.1509 |       18.3085 |       11.2571 |            1.6707 |            3.7599 |            2.9204 |             2.906
 27204 |    409 | 2019-06-22 12:55:38   |       13.1239 |        18.308 |       10.6342 |            1.5812 |            3.5503 |             2.761 |            2.7417
 27204 |    410 | 2019-06-22 12:55:50   |       13.1563 |       18.3133 |       10.6212 |            1.5824 |            3.5414 |            2.7614 |             2.736
 27204 |    411 | 2019-06-22 12:56:00.5 |       13.1476 |        18.311 |       10.8223 |            1.6089 |            3.6109 |            2.8111 |            2.7914
 27204 |    412 | 2019-06-22 12:56:10   |       13.1464 |       18.3111 |        10.869 |            1.6155 |            3.6271 |            2.8226 |            2.8038
 27204 |    413 | 2019-06-22 12:56:20   |       13.1465 |       18.3104 |       11.0389 |            1.6402 |            3.6852 |            2.8656 |            2.8479
 27204 |    414 | 2019-06-22 12:56:29.5 |       13.1491 |       18.3109 |       11.1949 |            1.6613 |            3.7385 |            2.9058 |            2.8894
 27204 |    415 | 2019-06-22 12:56:42.5 |       13.1516 |       18.3119 |       10.2571 |            1.5292 |            3.4187 |            2.6709 |            2.6383
 27204 |    416 | 2019-06-22 12:56:54.5 |       13.1344 |       18.3115 |       10.7147 |            1.5862 |            3.5793 |            2.7795 |            2.7696
 27204 |    417 | 2019-06-22 12:57:04   |       13.1546 |       18.3167 |        10.989 |             1.631 |            3.6669 |            2.8563 |            2.8348
 27204 |    418 | 2019-06-22 12:57:14.5 |       13.1427 |       18.2913 |       10.8859 |            1.6178 |            3.6321 |            2.8251 |            2.8108
 27204 |    419 | 2019-06-22 12:57:24.5 |       13.1439 |       18.2973 |       10.9802 |            1.6304 |            3.6654 |            2.8498 |            2.8345
 27204 |    420 | 2019-06-22 12:57:36   |       13.1328 |       18.3103 |       10.7339 |            1.5959 |            3.5841 |            2.7873 |            2.7666
 27204 |    421 | 2019-06-22 12:57:48.5 |       13.1608 |       18.3134 |       10.8993 |            1.6148 |            3.6375 |            2.8341 |            2.8129
 27204 |    422 | 2019-06-22 12:57:59   |       13.1546 |       18.3131 |       11.0932 |            1.6458 |            3.7017 |            2.8819 |            2.8639
 27204 |    423 | 2019-06-22 12:58:08.5 |       13.1524 |       18.3117 |       11.1049 |            1.6486 |            3.7056 |            2.8837 |             2.867
 27204 |    424 | 2019-06-22 12:58:18.5 |       13.1545 |       18.3137 |       11.1546 |            1.6555 |            3.7236 |            2.8975 |            2.8779
 27204 |    425 | 2019-06-22 12:58:28   |       13.1112 |       18.3023 |        11.154 |             1.645 |            3.7322 |            2.8859 |            2.8909
 27204 |    426 | 2019-06-22 12:58:40.5 |       13.1366 |       18.3104 |       10.1802 |            1.5185 |            3.3945 |            2.6487 |            2.6185
 27204 |    427 | 2019-06-22 12:58:53   |       13.1538 |       18.3114 |        10.901 |            1.6197 |            3.6366 |            2.8325 |            2.8122
 27204 |    428 | 2019-06-22 12:59:03   |       13.1519 |       18.3098 |       11.0469 |            1.6395 |            3.6873 |            2.8684 |            2.8517
 27204 |    429 | 2019-06-22 12:59:12.5 |       13.1519 |       18.3091 |       11.1679 |            1.6582 |            3.7284 |            2.8984 |            2.8829
 27204 |    430 | 2019-06-22 12:59:22   |       13.1462 |       18.3104 |       11.0406 |            1.6398 |            3.6863 |            2.8658 |            2.8486
 27204 |    431 | 2019-06-22 12:59:33.5 |       13.1457 |       18.3104 |        11.121 |            1.6506 |            3.7146 |            2.8866 |            2.8693
 27204 |    432 | 2019-06-22 12:59:46   |       13.1509 |       18.3104 |       10.3558 |            1.5434 |            3.4519 |            2.6946 |            2.6659
 27204 |    433 | 2019-06-22 12:59:56.5 |       13.1473 |       18.3109 |       10.7123 |            1.5932 |            3.5736 |            2.7833 |            2.7622
 27204 |    434 | 2019-06-22 13:00:06.5 |       13.1586 |       18.3131 |       10.9012 |            1.6203 |            3.6361 |            2.8346 |            2.8102
 27204 |    435 | 2019-06-22 13:00:16   |       13.1241 |       18.3073 |       11.1034 |            1.6449 |            3.7103 |            2.8766 |            2.8716
 27204 |    436 | 2019-06-22 13:00:26   |       13.1429 |       18.3097 |       10.9912 |            1.6326 |            3.6702 |            2.8531 |            2.8353
 27204 |    437 | 2019-06-22 13:00:38   |       13.1311 |       18.3105 |       10.5424 |              1.57 |            3.5188 |            2.7389 |            2.7147
 27204 |    438 | 2019-06-22 13:00:51   |       13.1532 |       18.3122 |        10.924 |            1.6227 |            3.6444 |            2.8385 |            2.8184
 27204 |    439 | 2019-06-22 13:01:01   |       13.1521 |       18.3087 |        11.007 |            1.6344 |            3.6738 |            2.8579 |            2.8409
 27204 |    440 | 2019-06-22 13:01:11   |       13.1661 |       18.3124 |       11.0555 |             1.642 |            3.6896 |            2.8722 |            2.8517
 27204 |    441 | 2019-06-22 13:01:21   |        13.085 |       18.3032 |       11.2903 |            1.6709 |            3.7744 |            2.9235 |            2.9215
 27204 |    442 | 2019-06-22 13:01:30.5 |       13.1479 |       18.3073 |       11.3395 |            1.6811 |            3.7883 |            2.9416 |            2.9285
 27204 |    443 | 2019-06-22 13:01:42.5 |        13.153 |       18.3135 |       10.3787 |            1.5451 |            3.4598 |            2.7029 |            2.6709
 27204 |    444 | 2019-06-22 13:01:55   |       13.1476 |       18.3105 |       10.7158 |            1.5942 |            3.5744 |            2.7843 |            2.7628
 27204 |    445 | 2019-06-22 13:02:05   |       13.1452 |       18.3108 |        10.775 |             1.602 |            3.5947 |            2.7988 |            2.7795
 27204 |    446 | 2019-06-22 13:02:15   |       13.1474 |       18.3096 |       11.0155 |            1.6372 |             3.677 |            2.8605 |            2.8408
 27204 |    447 | 2019-06-22 13:02:24.5 |        13.086 |       18.3122 |       11.3196 |            1.6681 |            3.7889 |            2.9252 |            2.9374
 27204 |    448 | 2019-06-22 13:02:36   |       13.1493 |       18.3171 |       11.2006 |            1.6576 |            3.7444 |            2.9031 |            2.8955
 27204 |    449 | 2019-06-22 13:02:48.5 |       13.1507 |       18.3107 |        10.707 |            1.5929 |            3.5715 |             2.782 |            2.7606
 27204 |    450 | 2019-06-22 13:02:59   |       13.1503 |         18.31 |       10.9076 |            1.6209 |            3.6397 |            2.8327 |            2.8144
 27204 |    451 | 2019-06-22 13:03:09   |       13.1508 |       18.3076 |       10.9854 |            1.6318 |            3.6664 |            2.8519 |            2.8353
 27204 |    452 | 2019-06-22 13:03:19   |       13.1495 |        18.311 |       11.1458 |            1.6553 |            3.7215 |            2.8925 |            2.8765
 27204 |    453 | 2019-06-22 13:03:28.5 |       13.1494 |       18.3105 |       11.2119 |            1.6634 |            3.7443 |            2.9101 |             2.894
 27204 |    454 | 2019-06-22 13:03:41   |        13.144 |       18.3109 |       10.2952 |            1.5355 |            3.4325 |            2.6792 |             2.648
 27204 |    455 | 2019-06-22 13:03:55.5 |       13.1461 |       18.3131 |        10.659 |            1.5864 |             3.555 |            2.7699 |            2.7476
 27204 |    456 | 2019-06-22 13:04:07.5 |       13.1408 |       18.2733 |       10.5981 |            1.5767 |            3.5322 |            2.7519 |            2.7373
 27204 |    457 | 2019-06-22 13:04:18.5 |       13.1514 |       18.3079 |       11.2102 |            1.6636 |            3.7431 |            2.9092 |            2.8943
 27204 |    458 | 2019-06-22 13:04:29   |       13.1516 |        18.308 |       11.3034 |            1.6764 |            3.7756 |            2.9327 |            2.9187
 27204 |    459 | 2019-06-22 13:04:41.5 |       13.1455 |       18.3114 |       10.2083 |            1.5222 |            3.4028 |            2.6578 |            2.6255
 27204 |    460 | 2019-06-22 13:04:54   |       13.0726 |       18.2977 |       10.6443 |            1.5745 |            3.5564 |            2.7566 |            2.7568
 27204 |    461 | 2019-06-22 13:05:04   |       13.1505 |       18.3097 |       11.1033 |            1.6473 |             3.706 |            2.8825 |            2.8675
 27204 |    462 | 2019-06-22 13:05:14   |       13.1472 |       18.3104 |       11.0155 |            1.6367 |            3.6773 |            2.8597 |            2.8419
 27204 |    463 | 2019-06-22 13:05:23.5 |       13.1454 |       18.3104 |       11.0101 |             1.636 |            3.6758 |            2.8582 |            2.8402
 27204 |    464 | 2019-06-22 13:05:35   |        13.138 |       18.3114 |        10.913 |            1.6217 |            3.6439 |            2.8332 |            2.8143
 27204 |    465 | 2019-06-22 13:05:47.5 |       13.1546 |       18.3126 |       10.7406 |            1.5967 |            3.5817 |            2.7932 |            2.7689
 27204 |    466 | 2019-06-22 13:05:58   |       13.1527 |       18.3108 |       11.0067 |            1.6349 |            3.6721 |            2.8586 |            2.8411
 27204 |    467 | 2019-06-22 13:06:08   |       13.1513 |       18.3084 |       11.0019 |            1.6343 |            3.6717 |            2.8564 |            2.8396
 27204 |    468 | 2019-06-22 13:06:17.5 |       13.1519 |       18.3102 |        11.258 |            1.6701 |            3.7595 |            2.9217 |            2.9067
 27204 |    469 | 2019-06-22 13:06:27   |       13.1523 |         18.31 |       11.3309 |              1.68 |            3.7845 |            2.9408 |            2.9256
 27204 |    470 | 2019-06-22 13:06:39.5 |       13.1378 |       18.3053 |       10.4708 |            1.5591 |            3.4936 |            2.7204 |            2.6977
 27204 |    471 | 2019-06-22 13:06:52   |       13.1514 |       18.3096 |       10.8288 |            1.6102 |            3.6124 |            2.8132 |            2.7931
 27204 |    472 | 2019-06-22 13:07:02   |        13.151 |       18.3103 |       10.9929 |            1.6331 |            3.6682 |            2.8547 |            2.8369
 27204 |    473 | 2019-06-22 13:07:11.5 |       13.1562 |       18.3029 |       11.0153 |             1.635 |            3.6759 |            2.8579 |            2.8464
 27204 |    474 | 2019-06-22 13:07:21.5 |        13.141 |       18.2793 |       11.2227 |            1.6611 |            3.7488 |            2.9103 |            2.9026
 27204 |    475 | 2019-06-22 13:07:31   |       13.1018 |       18.3169 |       11.4579 |            1.6876 |            3.8355 |            2.9671 |            2.9677
 27204 |    476 | 2019-06-22 13:07:43.5 |       13.1482 |       18.3089 |       10.0472 |            1.4997 |            3.3475 |            2.6164 |            2.5836
 27204 |    477 | 2019-06-22 13:07:56   |       13.1534 |       18.3142 |       10.9945 |             1.633 |            3.6677 |            2.8571 |            2.8366
 27204 |    478 | 2019-06-22 13:08:06   |       13.1479 |       18.3098 |       11.0539 |            1.6411 |            3.6891 |            2.8696 |            2.8542
 27204 |    479 | 2019-06-22 13:08:15.5 |        13.095 |         18.31 |       11.1158 |            1.6451 |            3.7159 |            2.8776 |            2.8771
 27204 |    480 | 2019-06-22 13:08:25   |       13.1314 |       18.3163 |       11.4113 |            1.6864 |            3.8144 |            2.9612 |            2.9494
 27204 |    481 | 2019-06-22 13:08:37   |       13.1458 |       18.3094 |       10.9966 |            1.6348 |            3.6713 |            2.8559 |            2.8347
 27204 |    482 | 2019-06-22 13:08:49.5 |       13.1492 |       18.3096 |       10.6273 |            1.5828 |            3.5432 |            2.7633 |             2.738
 27204 |    483 | 2019-06-22 13:09:00   |       13.1482 |       18.3107 |       10.8495 |            1.6123 |            3.6201 |             2.818 |            2.7991
 27204 |    484 | 2019-06-22 13:09:09.5 |       13.1474 |       18.3106 |       10.8959 |             1.619 |            3.6361 |            2.8294 |            2.8114
 27204 |    485 | 2019-06-22 13:09:19   |       13.1496 |       18.3103 |        11.152 |            1.6554 |            3.7239 |            2.8944 |            2.8783
 27204 |    486 | 2019-06-22 13:09:29   |       13.1502 |       18.3108 |       11.2448 |             1.668 |            3.7558 |            2.9182 |            2.9028
 27204 |    487 | 2019-06-22 13:09:41.5 |       13.1491 |        18.313 |        10.344 |            1.5411 |            3.4485 |             2.693 |            2.6614
 27204 |    488 | 2019-06-22 13:09:54   |       13.1485 |       18.3112 |       10.7356 |            1.5963 |            3.5813 |            2.7891 |            2.7689
 27204 |    489 | 2019-06-22 13:10:03.5 |       13.1442 |       18.3113 |       10.7534 |            1.5994 |            3.5878 |            2.7932 |            2.7731
 27204 |    490 | 2019-06-22 13:10:13   |       13.1504 |        18.311 |        11.119 |             1.652 |             3.712 |            2.8851 |            2.8699
 27204 |    491 | 2019-06-22 13:10:23   |       13.1467 |       18.3105 |       11.0778 |             1.645 |            3.6989 |            2.8754 |            2.8585
 27204 |    492 | 2019-06-22 13:10:34.5 |        13.141 |        18.311 |       11.0457 |            1.6406 |            3.6887 |            2.8668 |            2.8495
 27204 |    493 | 2019-06-22 13:10:49.5 |       13.0956 |       18.3172 |       10.5187 |            1.5598 |            3.5145 |            2.7224 |             2.722
(494 rows)

