  run  | subrun |         time          | step1_voltage | step2_voltage | total_current | pos_2step_current | pos_1step_current | neg_2step_current | neg_1step_current 
-------+--------+-----------------------+---------------+---------------+---------------+-------------------+-------------------+-------------------+-------------------
 34226 |      0 | 2020-02-29 19:25:19.5 |       13.1311 |       18.2085 |        4.7694 |             1.813 |             0.693 |            1.9185 |            0.3449
 34226 |      1 | 2020-02-29 19:25:29.5 |       13.1269 |       18.2088 |        7.2395 |            2.6981 |            1.0976 |            2.9055 |            0.5383
 34226 |      2 | 2020-02-29 19:25:39   |         13.13 |       18.2078 |        9.0745 |            3.3519 |            1.4014 |              3.64 |            0.6812
 34226 |      3 | 2020-02-29 19:25:49   |       13.1352 |       18.2127 |       10.3919 |            3.8215 |             1.621 |            4.1674 |             0.782
 34226 |      4 | 2020-02-29 19:26:02   |       13.1224 |       18.2084 |        9.2389 |            3.3896 |            1.4374 |            3.7254 |            0.6864
 34226 |      5 | 2020-02-29 19:26:15.5 |       13.1219 |       18.2051 |       10.7372 |            3.9282 |            1.6832 |             4.323 |            0.8028
 34226 |      6 | 2020-02-29 19:26:29.5 |       13.1222 |       18.2074 |       11.1753 |             4.079 |            1.7584 |            4.5014 |            0.8365
 34226 |      7 | 2020-02-29 19:26:42   |        13.133 |         18.21 |        12.025 |             4.382 |               1.9 |              4.84 |             0.903
 34226 |      8 | 2020-02-29 19:26:50.5 |       13.1311 |       18.2112 |       12.0276 |            4.3816 |            1.9023 |            4.8435 |            0.9002
 34226 |      9 | 2020-02-29 19:27:02   |       13.1239 |       18.2082 |       10.4674 |            3.8109 |            1.6489 |            4.2313 |            0.7762
(10 rows)

