  run  | subrun |         time          | step1_voltage | step2_voltage | total_current | pos_2step_current | pos_1step_current | neg_2step_current | neg_1step_current 
-------+--------+-----------------------+---------------+---------------+---------------+-------------------+-------------------+-------------------+-------------------
 34227 |      0 | 2020-02-29 19:31:25.5 |       13.1253 |       18.2076 |       11.6335 |            4.2316 |            1.8398 |            4.6934 |            0.8686
 34227 |      1 | 2020-02-29 19:31:35.5 |       13.1317 |       18.2075 |       12.0585 |            4.3847 |            1.9106 |            4.8605 |            0.9028
 34227 |      2 | 2020-02-29 19:31:45   |       13.0975 |       18.2059 |       12.2749 |            4.4817 |             1.928 |            4.9557 |            0.9095
 34227 |      3 | 2020-02-29 19:31:57.5 |       13.1137 |       18.2081 |       11.7139 |            4.2591 |            1.8516 |            4.7287 |            0.8746
 34227 |      4 | 2020-02-29 19:32:10.5 |       13.1284 |       18.2079 |       11.1488 |            4.0551 |            1.7616 |            4.5023 |            0.8297
 34227 |      5 | 2020-02-29 19:32:21   |       13.1315 |         18.21 |       11.4761 |             4.177 |            1.8143 |            4.6302 |            0.8546
 34227 |      6 | 2020-02-29 19:32:31   |        13.129 |       18.2082 |       11.9302 |            4.3388 |            1.8883 |            4.8108 |            0.8924
 34227 |      7 | 2020-02-29 19:32:41   |       13.1118 |       18.1977 |       12.1731 |            4.4332 |            1.9218 |              4.91 |            0.9081
 34227 |      8 | 2020-02-29 19:32:51   |        13.132 |       18.2073 |       12.0335 |            4.3734 |            1.9063 |            4.8534 |            0.9004
 34227 |      9 | 2020-02-29 19:33:04   |       13.1329 |       18.2082 |       10.6629 |             3.877 |             1.685 |            4.3105 |            0.7904
 34227 |     10 | 2020-02-29 19:33:18   |       13.0725 |       18.1897 |        11.306 |             4.124 |             1.777 |             4.567 |             0.838
(11 rows)

