  run  | subrun |         time          | step1_voltage | step2_voltage | total_current | pos_2step_current | pos_1step_current | neg_2step_current | neg_1step_current 
-------+--------+-----------------------+---------------+---------------+---------------+-------------------+-------------------+-------------------+-------------------
 34282 |      0 | 2020-03-01 01:57:21.5 |       13.1304 |       18.2076 |         6.045 |            2.2709 |            0.9015 |            2.4275 |            0.4451
 34282 |      1 | 2020-03-01 01:57:31.5 |       13.1337 |       18.2117 |        8.2946 |            3.0777 |            1.2718 |            3.3245 |            0.6206
 34282 |      2 | 2020-03-01 01:57:41   |       13.1256 |       18.2088 |         9.335 |            3.4433 |            1.4444 |            3.7475 |            0.6998
 34282 |      3 | 2020-03-01 01:57:51   |        13.133 |       18.2076 |       10.6246 |            3.8987 |             1.661 |            4.2652 |            0.7998
 34282 |      4 | 2020-03-01 01:58:04   |       13.1519 |       18.2126 |        9.7079 |             3.557 |            1.5195 |              3.91 |            0.7214
 34282 |      5 | 2020-03-01 01:58:17   |       13.1364 |       18.2092 |       10.8505 |            3.9648 |             1.705 |            4.3684 |            0.8123
 34282 |      6 | 2020-03-01 01:58:27.5 |       13.1327 |       18.2109 |       11.6157 |            4.2388 |            1.8319 |            4.6742 |            0.8708
 34282 |      7 | 2020-03-01 01:58:37.5 |       13.1252 |       18.2091 |       11.6069 |            4.2317 |            1.8306 |            4.6753 |            0.8692
 34282 |      8 | 2020-03-01 01:58:47   |       13.1277 |       18.2085 |       11.9432 |             4.349 |            1.8875 |             4.811 |            0.8957
 34282 |      9 | 2020-03-01 01:59:00   |       13.1125 |       18.2079 |       10.4683 |            3.8126 |             1.647 |            4.2333 |            0.7754
 34282 |     10 | 2020-03-01 01:59:13   |       13.1257 |       18.2093 |       11.1341 |            4.0574 |            1.7546 |            4.4953 |            0.8269
 34282 |     11 | 2020-03-01 01:59:23   |       13.1305 |       18.2072 |       11.7467 |            4.2754 |            1.8577 |            4.7355 |            0.8781
 34282 |     12 | 2020-03-01 01:59:33   |       13.1266 |       18.2108 |        12.007 |            4.3808 |             1.892 |            4.8435 |            0.8907
 34282 |     13 | 2020-03-01 01:59:43   |       13.1277 |       18.2089 |       12.0513 |            4.3832 |            1.9083 |            4.8589 |            0.9008
 34282 |     14 | 2020-03-01 01:59:55.5 |       13.1215 |       18.2091 |       12.0355 |            4.3767 |            1.9052 |            4.8541 |            0.8996
 34282 |     15 | 2020-03-01 02:00:10   |       13.1235 |       18.1932 |        10.967 |             3.999 |             1.726 |              4.43 |             0.812
 34282 |     16 | 2020-03-01 02:00:21.5 |       13.1255 |       18.2069 |       11.4473 |            4.1658 |            1.8091 |            4.6188 |            0.8537
 34282 |     17 | 2020-03-01 02:00:30.5 |       13.1248 |       18.1854 |       11.8628 |            4.3212 |            1.8764 |            4.7803 |            0.8849
 34282 |     18 | 2020-03-01 02:00:39.5 |       13.1321 |       18.2081 |       11.8492 |            4.3083 |            1.8768 |            4.7783 |            0.8859
 34282 |     19 | 2020-03-01 02:00:49   |       13.1272 |       18.2086 |       12.0937 |            4.3969 |            1.9158 |            4.8763 |            0.9047
 34282 |     20 | 2020-03-01 02:01:01.5 |       13.1214 |       18.2078 |       10.3898 |            3.7787 |            1.6384 |            4.2043 |            0.7684
 34282 |     21 | 2020-03-01 02:01:14   |       13.1275 |       18.2085 |        11.271 |             4.101 |             1.781 |              4.55 |             0.839
 34282 |     22 | 2020-03-01 02:01:24   |       13.1327 |        18.211 |       11.9349 |            4.3426 |            1.8898 |            4.8106 |            0.8918
 34282 |     23 | 2020-03-01 02:01:34   |       13.1235 |        18.211 |        11.767 |             4.289 |             1.854 |             4.749 |             0.875
 34282 |     24 | 2020-03-01 02:01:44   |       13.1263 |        18.209 |       12.0056 |            4.3654 |            1.9009 |            4.8416 |            0.8977
 34282 |     25 | 2020-03-01 02:01:56   |       13.1254 |       18.2091 |       12.0528 |            4.3805 |            1.9095 |            4.8616 |            0.9011
 34282 |     26 | 2020-03-01 02:02:09.5 |       13.1262 |       18.2093 |       10.9525 |            3.9846 |            1.7303 |            4.4237 |            0.8138
 34282 |     27 | 2020-03-01 02:02:19.5 |       13.1286 |       18.2068 |       11.6779 |            4.2488 |            1.8477 |            4.7096 |            0.8718
 34282 |     28 | 2020-03-01 02:02:30   |        13.063 |       18.1997 |        11.937 |             4.357 |             1.876 |             4.819 |             0.885
 34282 |     29 | 2020-03-01 02:02:40   |       13.1252 |        18.208 |       11.9973 |            4.3638 |            1.8992 |            4.8372 |            0.8972
 34282 |     30 | 2020-03-01 02:02:50   |       13.1315 |       18.2077 |        12.316 |             4.477 |             1.953 |             4.964 |             0.922
 34282 |     31 | 2020-03-01 02:03:02.5 |       13.1317 |       18.1938 |       10.5834 |            3.8559 |            1.6647 |            4.2823 |            0.7805
 34282 |     32 | 2020-03-01 02:03:15   |       13.1265 |       18.2085 |        11.252 |             4.094 |             1.778 |             4.542 |             0.838
 34282 |     33 | 2020-03-01 02:03:25.5 |       13.0939 |       18.1932 |       11.9357 |            4.3554 |            1.8797 |            4.8159 |            0.8847
 34282 |     34 | 2020-03-01 02:03:38.5 |       13.1273 |       18.2087 |       11.9619 |            4.3513 |            1.8941 |             4.823 |            0.8934
 34282 |     35 | 2020-03-01 02:03:51   |       13.1319 |       18.2111 |       12.4007 |             4.512 |             1.964 |            4.9977 |            0.9271
 34282 |     36 | 2020-03-01 02:04:01   |       13.1202 |       18.2074 |       10.4743 |            3.8079 |             1.653 |            4.2382 |            0.7752
 34282 |     37 | 2020-03-01 02:04:11   |       13.1284 |       18.2089 |       11.1744 |            4.0651 |            1.7663 |            4.5115 |            0.8314
 34282 |     38 | 2020-03-01 02:04:21   |        13.133 |       18.2098 |       11.8314 |            4.3049 |            1.8728 |            4.7695 |            0.8841
 34282 |     39 | 2020-03-01 02:04:31   |       13.1314 |       18.2116 |       11.9104 |            4.3336 |            1.8863 |            4.8012 |            0.8893
 34282 |     40 | 2020-03-01 02:04:41   |       13.1291 |        18.209 |       12.0869 |            4.3953 |            1.9151 |            4.8728 |            0.9037
 34282 |     41 | 2020-03-01 02:04:51   |       13.1349 |       18.2106 |       12.4698 |            4.5334 |            1.9787 |            5.0238 |            0.9339
 34282 |     42 | 2020-03-01 02:05:04   |       13.1211 |       18.2198 |       10.7056 |            3.9059 |            1.6806 |            4.3322 |            0.7869
 34282 |     43 | 2020-03-01 02:05:17   |       13.1267 |       18.2113 |       11.3507 |            4.1297 |            1.7943 |             4.581 |            0.8457
 34282 |     44 | 2020-03-01 02:05:27   |       13.1308 |       18.1881 |       11.7328 |            4.2677 |            1.8578 |            4.7309 |            0.8764
 34282 |     45 | 2020-03-01 02:05:36.5 |       13.1254 |        18.205 |       11.9503 |            4.3538 |            1.8858 |            4.8212 |            0.8896
 34282 |     46 | 2020-03-01 02:05:46.5 |       13.1269 |       18.2088 |       12.0709 |            4.3895 |            1.9117 |            4.8669 |            0.9029
 34282 |     47 | 2020-03-01 02:06:00   |       13.1082 |       18.2015 |       10.9661 |             3.988 |            1.7298 |             4.434 |            0.8143
 34282 |     48 | 2020-03-01 02:06:12.5 |        13.125 |       18.2076 |       11.0555 |            4.0226 |            1.7458 |            4.4647 |            0.8224
 34282 |     49 | 2020-03-01 02:06:22   |        13.127 |       18.2168 |        11.902 |             4.339 |             1.877 |             4.803 |             0.883
 34282 |     50 | 2020-03-01 02:06:32   |       13.1323 |       18.2075 |       11.7709 |             4.281 |             1.863 |            4.7466 |            0.8802
 34282 |     51 | 2020-03-01 02:06:42   |       13.1305 |        18.207 |        12.188 |             4.432 |             1.931 |             4.913 |             0.912
 34282 |     52 | 2020-03-01 02:06:52   |       13.1352 |       18.2055 |       12.4433 |            4.5267 |            1.9718 |            5.0137 |            0.9311
 34282 |     53 | 2020-03-01 02:07:06   |       13.1265 |        18.208 |        10.833 |             3.941 |             1.711 |             4.377 |             0.804
 34282 |     54 | 2020-03-01 02:07:20   |       13.1352 |       18.2138 |       11.8399 |            4.3066 |            1.8767 |            4.7707 |            0.8859
 34282 |     55 | 2020-03-01 02:07:29.5 |       13.1247 |       18.2064 |       11.7113 |             4.263 |            1.8509 |            4.7244 |            0.8731
 34282 |     56 | 2020-03-01 02:07:39   |       13.1298 |       18.2087 |        12.093 |            4.3973 |            1.9158 |            4.8747 |            0.9052
 34282 |     57 | 2020-03-01 02:07:49   |       13.1429 |       18.2129 |       12.3819 |            4.5006 |            1.9648 |            4.9876 |            0.9289
 34282 |     58 | 2020-03-01 02:08:02   |       13.1253 |       18.2101 |        10.549 |            3.8355 |            1.6652 |            4.2669 |            0.7813
 34282 |     59 | 2020-03-01 02:08:14.5 |       13.1316 |       18.2093 |       11.5247 |            4.1934 |            1.8229 |            4.6486 |            0.8598
 34282 |     60 | 2020-03-01 02:08:24   |       13.1361 |       18.2094 |       11.8018 |            4.2961 |            1.8676 |            4.7588 |            0.8794
 34282 |     61 | 2020-03-01 02:08:34   |        13.128 |       18.2082 |        11.914 |             4.334 |             1.886 |             4.804 |              0.89
 34282 |     62 | 2020-03-01 02:08:44   |        13.133 |       18.2089 |       12.3159 |            4.4783 |            1.9525 |            4.9626 |            0.9225
 34282 |     63 | 2020-03-01 02:08:56   |       13.1263 |       18.2109 |       12.0486 |             4.381 |            1.9087 |            4.8585 |            0.9004
 34282 |     64 | 2020-03-01 02:09:09   |       13.1241 |       18.1949 |       10.9864 |            4.0019 |            1.7334 |            4.4358 |            0.8153
 34282 |     65 | 2020-03-01 02:09:20   |       13.1252 |       18.1987 |        11.707 |            4.2719 |            1.8429 |            4.7255 |            0.8667
 34282 |     66 | 2020-03-01 02:09:29.5 |       13.1236 |       18.2082 |       11.6319 |            4.2323 |            1.8395 |            4.6922 |            0.8678
 34282 |     67 | 2020-03-01 02:09:39   |        13.132 |       18.2077 |        12.161 |            4.4212 |            1.9274 |            4.9015 |            0.9108
 34282 |     68 | 2020-03-01 02:09:49   |       13.1322 |       18.2139 |       12.5007 |            4.5533 |            1.9776 |            5.0379 |            0.9319
 34282 |     69 | 2020-03-01 02:10:02   |       13.1246 |       18.2132 |         10.48 |            3.8102 |            1.6537 |            4.2397 |            0.7764
 34282 |     70 | 2020-03-01 02:10:15   |        13.125 |       18.2085 |        11.208 |             4.078 |              1.77 |             4.525 |             0.835
 34282 |     71 | 2020-03-01 02:10:25   |       13.1063 |       18.2145 |       11.8879 |            4.3295 |            1.8791 |            4.7939 |            0.8854
 34282 |     72 | 2020-03-01 02:10:39   |         13.13 |       18.2057 |       12.0728 |            4.3893 |            1.9133 |            4.8674 |            0.9028
 34282 |     73 | 2020-03-01 02:10:52.5 |       13.1342 |       18.2122 |       12.4118 |            4.5133 |            1.9695 |            5.0001 |            0.9289
 34282 |     74 | 2020-03-01 02:11:01.5 |       13.1188 |       18.2087 |       10.6262 |            3.8645 |            1.6763 |            4.2994 |             0.786
 34282 |     75 | 2020-03-01 02:11:11   |        13.126 |        18.208 |        11.046 |             4.019 |             1.745 |             4.461 |             0.821
 34282 |     76 | 2020-03-01 02:11:21   |       13.0909 |       18.2008 |       11.6393 |            4.2452 |            1.8331 |             4.698 |             0.863
 34282 |     77 | 2020-03-01 02:11:31   |       13.1265 |       18.2088 |        11.782 |             4.286 |             1.864 |             4.752 |              0.88
 34282 |     78 | 2020-03-01 02:11:41   |       13.1334 |       18.2081 |        12.254 |            4.4536 |            1.9447 |            4.9369 |            0.9189
 34282 |     79 | 2020-03-01 02:11:51   |       13.1435 |       18.2125 |        12.247 |             4.457 |             1.941 |             4.937 |             0.912
 34282 |     80 | 2020-03-01 02:12:04   |       13.1287 |        18.208 |       10.4347 |            3.7947 |            1.6472 |            4.2219 |             0.771
 34282 |     81 | 2020-03-01 02:12:17   |        13.131 |       18.1987 |       11.4673 |             4.177 |            1.8098 |            4.6274 |            0.8532
 34282 |     82 | 2020-03-01 02:12:26.5 |       13.1247 |       18.2075 |       11.5884 |             4.216 |            1.8324 |            4.6751 |            0.8649
 34282 |     83 | 2020-03-01 02:12:36.5 |       13.1317 |       18.2056 |       12.0765 |            4.3899 |            1.9136 |            4.8692 |            0.9039
 34282 |     84 | 2020-03-01 02:12:46   |       13.1518 |       18.2115 |       12.3929 |            4.5044 |            1.9669 |            4.9922 |            0.9294
 34282 |     85 | 2020-03-01 02:12:59.5 |       13.1098 |       18.2074 |       11.1467 |            4.0525 |            1.7601 |            4.5058 |            0.8284
 34282 |     86 | 2020-03-01 02:13:12.5 |       13.1301 |       18.2091 |       11.2815 |            4.1043 |             1.784 |            4.5532 |            0.8399
 34282 |     87 | 2020-03-01 02:13:22   |       13.1249 |       18.1839 |       11.3953 |            4.1458 |             1.801 |             4.599 |            0.8496
 34282 |     88 | 2020-03-01 02:13:32.5 |       13.1282 |       18.2059 |       11.8691 |            4.3168 |            1.8788 |            4.7868 |            0.8868
 34282 |     89 | 2020-03-01 02:13:42.5 |       13.1335 |       18.2117 |       12.3276 |            4.4835 |            1.9546 |            4.9667 |            0.9229
 34282 |     90 | 2020-03-01 02:13:52   |       13.1317 |       18.2114 |       12.2361 |            4.4504 |              1.94 |            4.9309 |            0.9148
 34282 |     91 | 2020-03-01 02:14:05.5 |       13.1304 |       18.2091 |       10.6956 |            3.8896 |            1.6899 |            4.3234 |            0.7926
 34282 |     92 | 2020-03-01 02:14:19   |       13.1126 |       18.2132 |       11.5817 |            4.2184 |            1.8309 |             4.671 |            0.8615
 34282 |     93 | 2020-03-01 02:14:28.5 |       13.1375 |       18.2081 |       11.6413 |            4.2341 |            1.8426 |            4.6959 |            0.8687
 34282 |     94 | 2020-03-01 02:14:38   |       13.1361 |        18.208 |       12.1256 |             4.408 |            1.9228 |            4.8866 |            0.9082
 34282 |     95 | 2020-03-01 02:14:48   |       13.0892 |       18.2023 |       12.1528 |            4.4287 |            1.9168 |            4.9036 |            0.9036
 34282 |     96 | 2020-03-01 02:15:01   |       13.1208 |       18.2084 |       10.7611 |            3.9127 |            1.6989 |            4.3518 |            0.7976
 34282 |     97 | 2020-03-01 02:15:14   |       13.1261 |       18.2086 |       11.1889 |            4.0704 |             1.768 |            4.5176 |            0.8328
 34282 |     98 | 2020-03-01 02:15:24   |       13.1311 |       18.2106 |       11.6306 |            4.2316 |            1.8409 |              4.69 |             0.868
 34282 |     99 | 2020-03-01 02:15:34   |       13.1282 |       18.2073 |       11.9735 |             4.355 |            1.8963 |            4.8273 |            0.8949
 34282 |    100 | 2020-03-01 02:15:44   |       13.0682 |        18.197 |       12.1686 |            4.4423 |            1.9141 |            4.9108 |            0.9014
 34282 |    101 | 2020-03-01 02:15:56   |       13.1207 |       18.2084 |       12.0291 |            4.3739 |            1.9047 |            4.8522 |            0.8984
 34282 |    102 | 2020-03-01 02:16:09   |        13.126 |       18.2086 |         11.04 |            4.0163 |             1.744 |            4.4588 |            0.8209
 34282 |    103 | 2020-03-01 02:16:20   |       13.1244 |       18.2143 |       11.6451 |            4.2489 |            1.8331 |            4.7007 |            0.8625
 34282 |    104 | 2020-03-01 02:16:30   |       13.1295 |       18.2063 |       11.8702 |            4.3175 |            1.8796 |            4.7862 |            0.8868
 34282 |    105 | 2020-03-01 02:16:39.5 |        13.133 |       18.2098 |       12.2247 |            4.4461 |            1.9377 |            4.9262 |            0.9146
 34282 |    106 | 2020-03-01 02:16:49   |        13.123 |       18.2103 |       11.8941 |            4.3282 |            1.8814 |            4.7965 |             0.888
 34282 |    107 | 2020-03-01 02:17:02   |       13.1274 |       18.2097 |        10.785 |            3.9223 |            1.7039 |            4.3602 |            0.7986
 34282 |    108 | 2020-03-01 02:17:15   |       13.1325 |       18.2102 |        11.318 |             4.118 |              1.79 |             4.567 |             0.843
 34282 |    109 | 2020-03-01 02:17:25   |       13.1274 |       18.2089 |       11.6244 |            4.2286 |            1.8389 |             4.689 |            0.8679
 34282 |    110 | 2020-03-01 02:17:38.5 |       13.1353 |       18.2137 |       12.2513 |             4.456 |            1.9428 |            4.9358 |            0.9166
 34282 |    111 | 2020-03-01 02:17:52   |       13.1266 |       18.2077 |       12.1144 |            4.4042 |            1.9197 |            4.8843 |            0.9062
 34282 |    112 | 2020-03-01 02:18:04   |       13.1321 |       18.2069 |       10.5558 |             3.838 |             1.668 |            4.2686 |            0.7811
 34282 |    113 | 2020-03-01 02:18:15.5 |       13.1277 |       18.2133 |       11.3361 |            4.1392 |            1.7816 |            4.5788 |            0.8365
 34282 |    114 | 2020-03-01 02:18:24.5 |       13.1279 |       18.2089 |       11.6377 |            4.2348 |            1.8405 |            4.6935 |            0.8689
 34282 |    115 | 2020-03-01 02:18:33.5 |       13.1331 |       18.2131 |       12.1319 |            4.4134 |            1.9218 |            4.8894 |            0.9074
 34282 |    116 | 2020-03-01 02:18:42.5 |       13.1276 |       18.2172 |       12.0635 |            4.4023 |            1.9004 |            4.8666 |            0.8943
 34282 |    117 | 2020-03-01 02:18:51.5 |       13.1277 |       18.2087 |       12.1268 |            4.4097 |            1.9206 |            4.8894 |            0.9071
 34282 |    118 | 2020-03-01 02:19:04.5 |       13.1365 |       18.2102 |       10.7221 |            3.8983 |            1.6969 |            4.3321 |            0.7948
 34282 |    119 | 2020-03-01 02:19:17   |       13.1308 |       18.2093 |       11.3403 |            4.1251 |            1.7948 |            4.5749 |            0.8455
 34282 |    120 | 2020-03-01 02:19:27.5 |       13.1301 |       18.2056 |       11.8214 |            4.2999 |            1.8712 |            4.7667 |            0.8835
 34282 |    121 | 2020-03-01 02:19:37.5 |       13.1346 |       18.2106 |       12.0877 |            4.3952 |            1.9169 |            4.8704 |            0.9052
 34282 |    122 | 2020-03-01 02:19:46.5 |       13.1239 |       18.2099 |       11.9662 |            4.3534 |            1.8931 |            4.8261 |            0.8936
 34282 |    123 | 2020-03-01 02:19:59.5 |       13.1174 |       18.2083 |       11.5595 |             4.203 |            1.8275 |            4.6671 |            0.8618
 34282 |    124 | 2020-03-01 02:20:12.5 |       13.1335 |       18.2092 |       11.2717 |            4.0996 |            1.7838 |            4.5481 |            0.8401
 34282 |    125 | 2020-03-01 02:20:22.5 |       13.1232 |       18.2069 |       11.5365 |            4.1998 |            1.8231 |            4.6544 |            0.8591
 34282 |    126 | 2020-03-01 02:20:32.5 |        13.119 |       18.2082 |       12.0065 |            4.3703 |            1.8989 |            4.8419 |            0.8954
 34282 |    127 | 2020-03-01 02:20:43   |       13.1235 |       18.2087 |        11.851 |              4.31 |             1.876 |              4.78 |             0.885
 34282 |    128 | 2020-03-01 02:20:52.5 |       13.1271 |       18.2087 |       12.0845 |            4.3942 |            1.9146 |            4.8722 |            0.9035
 34282 |    129 | 2020-03-01 02:21:05.5 |       13.1351 |       18.2118 |       10.9216 |            3.9737 |            1.7274 |            4.4106 |              0.81
 34282 |    130 | 2020-03-01 02:21:19.5 |       13.1257 |       18.2082 |       11.3666 |            4.1359 |            1.7965 |             4.587 |            0.8472
 34282 |    131 | 2020-03-01 02:21:29.5 |       13.1301 |       18.2085 |       11.9822 |            4.3598 |            1.8972 |            4.8293 |             0.896
 34282 |    132 | 2020-03-01 02:21:38.5 |       13.0744 |       18.1959 |       12.2064 |            4.4537 |            1.9233 |            4.9233 |            0.9061
 34282 |    133 | 2020-03-01 02:21:48.5 |        13.126 |       18.2086 |       12.1241 |             4.409 |            1.9203 |            4.8883 |            0.9066
 34282 |    134 | 2020-03-01 02:22:01.5 |       13.1362 |       18.2129 |       11.0359 |            4.0115 |            1.7469 |            4.4579 |            0.8197
 34282 |    135 | 2020-03-01 02:22:14   |       13.1299 |       18.1922 |       11.1582 |             4.065 |            1.7605 |            4.5041 |            0.8286
 34282 |    136 | 2020-03-01 02:22:24   |       13.1293 |       18.2078 |       11.6968 |            4.2553 |            1.8505 |             4.718 |             0.873
 34282 |    137 | 2020-03-01 02:22:34   |       13.1306 |        18.207 |       12.0271 |            4.3746 |            1.9046 |            4.8484 |            0.8995
 34282 |    138 | 2020-03-01 02:22:44   |       13.1236 |       18.2078 |       11.8903 |            4.3242 |            1.8817 |             4.796 |            0.8885
 34282 |    139 | 2020-03-01 02:22:56   |       13.1299 |       18.2093 |       12.2689 |            4.4596 |             1.945 |            4.9454 |            0.9188
 34282 |    140 | 2020-03-01 02:23:09.5 |       13.1434 |       18.2087 |        11.128 |            4.0518 |            1.7581 |            4.4931 |             0.825
 34282 |    141 | 2020-03-01 02:23:19.5 |       13.1333 |       18.2095 |       11.4326 |            4.1582 |            1.8087 |            4.6128 |            0.8529
 34282 |    142 | 2020-03-01 02:23:29   |       13.1377 |       18.2083 |       11.9663 |            4.3516 |            1.8963 |            4.8222 |            0.8961
 34282 |    143 | 2020-03-01 02:23:39   |       13.1235 |       18.2087 |        11.789 |             4.288 |             1.865 |             4.756 |              0.88
 34282 |    144 | 2020-03-01 02:23:49   |       13.1288 |       18.2081 |       12.1493 |            4.4168 |            1.9251 |            4.8982 |            0.9091
 34282 |    145 | 2020-03-01 02:24:02   |       13.1322 |       18.2123 |       10.8752 |            3.9543 |            1.7202 |            4.3944 |            0.8063
 34282 |    146 | 2020-03-01 02:24:15   |        13.126 |       18.2085 |        11.186 |             4.071 |             1.767 |             4.516 |             0.832
 34282 |    147 | 2020-03-01 02:24:25   |       13.1319 |       18.2047 |       11.7393 |            4.2691 |            1.8587 |            4.7337 |            0.8778
 34282 |    148 | 2020-03-01 02:24:38   |       13.1276 |       18.2083 |       11.8894 |            4.3244 |            1.8825 |            4.7934 |            0.8891
 34282 |    149 | 2020-03-01 02:24:51   |       13.1305 |       18.2075 |        12.264 |             4.459 |             1.944 |             4.943 |             0.918
 34282 |    150 | 2020-03-01 02:25:00.5 |       13.1235 |       18.2084 |       11.3353 |            4.1214 |            1.7924 |            4.5782 |            0.8433
 34282 |    151 | 2020-03-01 02:25:10.5 |       13.1243 |        18.213 |       10.9043 |            3.9746 |            1.7158 |            4.4074 |            0.8065
 34282 |    152 | 2020-03-01 02:25:21   |       13.1261 |       18.2069 |       11.3817 |            4.1391 |            1.8006 |            4.5925 |            0.8495
 34282 |    153 | 2020-03-01 02:25:31   |       13.1325 |       18.2102 |        12.028 |             4.376 |             1.905 |             4.847 |               0.9
 34282 |    154 | 2020-03-01 02:25:41   |       13.1186 |       18.2122 |       12.0004 |            4.3689 |             1.897 |            4.8413 |            0.8932
 34282 |    155 | 2020-03-01 02:25:51   |        13.129 |       18.2077 |        12.154 |             4.419 |             1.926 |               4.9 |             0.909
 34282 |    156 | 2020-03-01 02:26:03.5 |       13.1061 |       18.1925 |        10.168 |            3.7047 |            1.5984 |            4.1161 |            0.7488
 34282 |    157 | 2020-03-01 02:26:16.5 |       13.0728 |       18.2119 |       11.1852 |            4.0798 |            1.7573 |            4.5204 |            0.8277
 34282 |    158 | 2020-03-01 02:26:26.5 |       13.1337 |       18.2088 |        11.909 |            4.3312 |            1.8867 |            4.8003 |            0.8909
 34282 |    159 | 2020-03-01 02:26:36   |       13.1256 |       18.2071 |       11.7185 |            4.2611 |            1.8556 |            4.7266 |            0.8752
 34282 |    160 | 2020-03-01 02:26:46   |       13.1299 |       18.2061 |       12.1583 |            4.4211 |            1.9262 |            4.9008 |            0.9102
 34282 |    161 | 2020-03-01 02:26:59.5 |       13.1189 |       18.2076 |       11.6548 |            4.2366 |            1.8435 |            4.7059 |            0.8688
 34282 |    162 | 2020-03-01 02:27:12.5 |       13.1276 |       18.2093 |       10.9632 |             3.986 |            1.7331 |            4.4286 |            0.8156
 34282 |    163 | 2020-03-01 02:27:22   |       13.1323 |       18.2089 |       11.7246 |            4.2658 |            1.8551 |            4.7283 |            0.8753
 34282 |    164 | 2020-03-01 02:27:32   |       13.1316 |       18.2119 |       11.8317 |            4.3051 |            1.8735 |            4.7704 |            0.8828
 34282 |    165 | 2020-03-01 02:27:42   |       13.1272 |       18.2083 |       11.9912 |            4.3604 |            1.8991 |            4.8354 |            0.8962
 34282 |    166 | 2020-03-01 02:27:52   |        13.133 |       18.2094 |       12.3611 |            4.4945 |            1.9601 |            4.9811 |            0.9254
 34282 |    167 | 2020-03-01 02:28:05.5 |        13.128 |       18.2094 |       10.4444 |               3.8 |            1.6481 |            4.2248 |            0.7714
 34282 |    168 | 2020-03-01 02:28:21   |       13.1321 |       18.2088 |       11.6691 |            4.2432 |            1.8479 |            4.7052 |            0.8727
 34282 |    169 | 2020-03-01 02:28:32   |       13.1309 |       18.2115 |        11.822 |            4.3016 |            1.8717 |            4.7659 |            0.8828
 34282 |    170 | 2020-03-01 02:28:40.5 |       13.1278 |       18.2078 |       11.9805 |            4.3573 |            1.8968 |            4.8306 |            0.8958
 34282 |    171 | 2020-03-01 02:28:49   |       13.1316 |       18.2067 |       12.2661 |            4.4575 |            1.9457 |            4.9433 |            0.9195
 34282 |    172 | 2020-03-01 02:29:01   |       13.1248 |       18.2071 |       10.9288 |            3.9717 |            1.7266 |            4.4184 |            0.8121
 34282 |    173 | 2020-03-01 02:29:13.5 |       13.1359 |       18.2076 |        11.074 |            4.0281 |            1.7501 |            4.4716 |            0.8242
 34282 |    174 | 2020-03-01 02:29:23.5 |       13.1289 |       18.2084 |       11.7651 |            4.2816 |            1.8606 |            4.7449 |            0.8781
 34282 |    175 | 2020-03-01 02:29:34   |        13.128 |       18.2099 |       11.7452 |            4.2715 |             1.859 |            4.7371 |            0.8777
 34282 |    176 | 2020-03-01 02:29:44   |       13.1292 |       18.2082 |       12.1239 |            4.4084 |            1.9204 |            4.8879 |            0.9071
 34282 |    177 | 2020-03-01 02:29:53.5 |       13.1314 |         18.21 |       12.3934 |             4.506 |            1.9652 |             4.994 |            0.9283
 34282 |    178 | 2020-03-01 02:30:06.5 |        13.126 |       18.2085 |       10.8092 |            3.9332 |            1.7072 |            4.3685 |            0.8003
 34282 |    179 | 2020-03-01 02:30:19.5 |       13.1305 |        18.208 |       11.5045 |            4.1849 |            1.8196 |            4.6413 |            0.8586
 34282 |    180 | 2020-03-01 02:30:29   |       13.0931 |       18.2188 |       11.8472 |            4.3235 |            1.8624 |            4.7839 |            0.8774
 34282 |    181 | 2020-03-01 02:30:39   |        13.126 |        18.208 |        11.895 |             4.326 |             1.883 |             4.797 |             0.889
 34282 |    182 | 2020-03-01 02:30:49   |       13.1302 |       18.2055 |       12.2193 |            4.4415 |            1.9363 |            4.9264 |            0.9152
 34282 |    183 | 2020-03-01 02:31:02   |        13.109 |       18.2079 |       10.5808 |            3.8484 |            1.6673 |            4.2819 |            0.7831
 34282 |    184 | 2020-03-01 02:31:15   |        13.124 |       18.2085 |        11.094 |             4.037 |             1.752 |              4.48 |             0.825
 34282 |    185 | 2020-03-01 02:31:25   |       13.1452 |       18.2144 |        11.952 |            4.3474 |            1.8946 |            4.8156 |            0.8944
 34282 |    186 | 2020-03-01 02:31:40   |       13.1249 |       18.2072 |       12.0228 |            4.3736 |            1.9035 |            4.8471 |            0.8987
 34282 |    187 | 2020-03-01 02:31:53.5 |       13.1069 |       18.2137 |       12.4289 |            4.5229 |            1.9684 |            5.0096 |             0.928
 34282 |    188 | 2020-03-01 02:32:01.5 |       13.1192 |       18.1994 |       10.8519 |            3.9569 |            1.7036 |            4.3919 |            0.7994
 34282 |    189 | 2020-03-01 02:32:10.5 |       13.1285 |       18.2079 |       11.0348 |            4.0142 |            1.7442 |            4.4558 |            0.8206
 34282 |    190 | 2020-03-01 02:32:21   |       13.1329 |       18.2105 |       11.7901 |            4.2902 |            1.8671 |             4.752 |            0.8808
 34282 |    191 | 2020-03-01 02:32:31   |       13.1245 |       18.2087 |        11.651 |             4.239 |             1.843 |               4.7 |             0.869
 34282 |    192 | 2020-03-01 02:32:40.5 |       13.1293 |       18.2081 |        12.051 |            4.3803 |            1.9105 |            4.8577 |            0.9025
 34282 |    193 | 2020-03-01 02:32:50   |       13.1313 |       18.2083 |       12.3233 |            4.4807 |            1.9539 |            4.9662 |            0.9225
 34282 |    194 | 2020-03-01 02:33:03.5 |         13.11 |        18.208 |        10.263 |            3.7335 |            1.6156 |            4.1562 |            0.7578
 34282 |    195 | 2020-03-01 02:33:16.5 |       13.1295 |       18.2089 |       11.3832 |            4.1424 |            1.7997 |             4.593 |            0.8481
 34282 |    196 | 2020-03-01 02:33:26   |       13.1413 |       18.2112 |       11.7764 |            4.2875 |             1.864 |            4.7484 |            0.8766
 34282 |    197 | 2020-03-01 02:33:36   |       13.1248 |       18.2083 |       11.7829 |            4.2858 |            1.8639 |            4.7527 |            0.8804
 34282 |    198 | 2020-03-01 02:33:46   |         13.13 |       18.2065 |       12.2211 |            4.4439 |            1.9366 |            4.9263 |            0.9144
 34282 |    199 | 2020-03-01 02:33:58   |       13.1161 |       18.2099 |       12.3482 |            4.4905 |            1.9561 |            4.9784 |            0.9232
 34282 |    200 | 2020-03-01 02:34:11.5 |       13.1275 |        18.208 |       11.0625 |            4.0243 |            1.7477 |            4.4675 |            0.8229
 34282 |    201 | 2020-03-01 02:34:22   |       13.1343 |       18.2098 |       11.8192 |            4.2986 |            1.8725 |            4.7637 |            0.8844
 34282 |    202 | 2020-03-01 02:34:32   |       13.1266 |       18.2077 |        11.709 |            4.2578 |            1.8534 |            4.7229 |             0.875
 34282 |    203 | 2020-03-01 02:34:42   |        13.129 |       18.2074 |       12.1039 |            4.4014 |             1.917 |            4.8798 |            0.9057
 34282 |    204 | 2020-03-01 02:34:52   |       13.0871 |       18.2138 |       12.3226 |            4.4926 |            1.9437 |            4.9719 |            0.9144
 34282 |    205 | 2020-03-01 02:35:05   |       13.1142 |       18.2078 |       10.2395 |             3.726 |            1.6126 |            4.1456 |            0.7553
 34282 |    206 | 2020-03-01 02:35:18   |       13.1328 |       18.2074 |       11.5347 |            4.1964 |            1.8258 |            4.6512 |            0.8613
 34282 |    207 | 2020-03-01 02:35:27.5 |       13.1244 |        18.196 |       11.9178 |            4.3484 |             1.877 |            4.8091 |            0.8833
 34282 |    208 | 2020-03-01 02:35:37.5 |       13.1279 |       18.2077 |       11.9322 |            4.3402 |            1.8887 |            4.8115 |            0.8918
 34282 |    209 | 2020-03-01 02:35:47.5 |       13.1336 |       18.2087 |       12.2665 |            4.4596 |            1.9444 |            4.9435 |             0.919
 34282 |    210 | 2020-03-01 02:36:00.5 |       13.1238 |       18.2107 |       11.2934 |            4.1039 |            1.7862 |            4.5626 |            0.8407
 34282 |    211 | 2020-03-01 02:36:13   |        13.124 |       18.1822 |        10.948 |             3.984 |             1.728 |             4.423 |             0.813
 34282 |    212 | 2020-03-01 02:36:23   |       13.1266 |       18.2095 |       11.5166 |            4.1903 |            1.8208 |            4.6467 |            0.8589
 34282 |    213 | 2020-03-01 02:36:33   |        13.134 |       18.2122 |         12.13 |             4.413 |             1.922 |             4.888 |             0.907
 34282 |    214 | 2020-03-01 02:36:43.5 |       13.1077 |       18.2006 |       11.7453 |            4.2767 |            1.8526 |            4.7414 |            0.8746
 34282 |    215 | 2020-03-01 02:36:54   |        13.126 |       18.2069 |       12.1059 |            4.4013 |            1.9173 |            4.8816 |            0.9057
 34282 |    216 | 2020-03-01 02:37:06.5 |       13.1316 |        18.209 |       10.8507 |            3.9464 |            1.7151 |            4.3837 |            0.8055
 34282 |    217 | 2020-03-01 02:37:19   |       13.1325 |         18.21 |        11.628 |              4.23 |              1.84 |              4.69 |             0.868
 34282 |    218 | 2020-03-01 02:37:29.5 |       13.1321 |       18.2083 |       11.8878 |            4.3233 |            1.8831 |             4.792 |            0.8894
 34282 |    219 | 2020-03-01 02:37:39.5 |       13.1299 |       18.2076 |       12.0057 |            4.3658 |            1.9015 |            4.8402 |            0.8982
 34282 |    220 | 2020-03-01 02:37:49.5 |       13.1348 |       18.2094 |       12.1826 |            4.4309 |             1.929 |            4.9127 |            0.9101
 34282 |    221 | 2020-03-01 02:38:02.5 |       13.1089 |       18.2091 |       10.5178 |            3.8257 |            1.6569 |            4.2572 |             0.778
 34282 |    222 | 2020-03-01 02:38:15   |         13.13 |       18.2062 |        11.343 |             4.126 |             1.794 |             4.578 |             0.845
 34282 |    223 | 2020-03-01 02:38:25   |       13.1354 |       18.2117 |       11.5949 |            4.2172 |            1.8358 |            4.6758 |             0.866
 34282 |    224 | 2020-03-01 02:38:38   |       13.1305 |       18.2082 |       12.0658 |            4.3874 |            1.9112 |            4.8643 |            0.9029
 34282 |    225 | 2020-03-01 02:38:51   |        13.126 |       18.2185 |        12.367 |             4.511 |              1.95 |             4.988 |             0.918
 34282 |    226 | 2020-03-01 02:39:00   |       13.1214 |       18.2087 |       11.7741 |            4.2809 |            1.8629 |            4.7513 |             0.879
 34282 |    227 | 2020-03-01 02:39:10.5 |       13.1282 |       18.2078 |       11.1551 |            4.0584 |            1.7633 |            4.5037 |            0.8297
 34282 |    228 | 2020-03-01 02:39:21   |       13.1295 |       18.2085 |        11.566 |             4.207 |              1.83 |             4.666 |             0.863
 34282 |    229 | 2020-03-01 02:39:31.5 |       13.1315 |       18.2097 |       11.8796 |             4.322 |            1.8812 |            4.7888 |            0.8877
 34282 |    230 | 2020-03-01 02:39:41.5 |       13.1248 |       18.2078 |       11.8771 |            4.3196 |            1.8795 |            4.7903 |            0.8878
 34282 |    231 | 2020-03-01 02:39:51   |       13.1288 |       18.2073 |       12.1939 |            4.4322 |            1.9322 |            4.9162 |            0.9134
 34282 |    232 | 2020-03-01 02:40:03.5 |       13.1107 |        18.211 |       10.9452 |            3.9845 |            1.7253 |             4.426 |            0.8094
 34282 |    233 | 2020-03-01 02:40:17   |       13.1235 |       18.1987 |        11.189 |             4.081 |             1.759 |              4.52 |             0.829
 34282 |    234 | 2020-03-01 02:40:26.5 |       13.1262 |       18.2083 |       11.6078 |             4.223 |            1.8357 |            4.6827 |            0.8664
 34282 |    235 | 2020-03-01 02:40:36.5 |       13.1256 |       18.2085 |       11.7746 |            4.2839 |            1.8632 |            4.7484 |            0.8791
 34282 |    236 | 2020-03-01 02:40:46.5 |       13.1262 |       18.2081 |       12.0109 |            4.3676 |            1.9016 |            4.8436 |            0.8981
 34282 |    237 | 2020-03-01 02:40:58.5 |       13.1224 |       18.2108 |       12.1204 |            4.4086 |            1.9192 |            4.8875 |            0.9051
 34282 |    238 | 2020-03-01 02:41:11.5 |       13.1184 |       18.2115 |       11.0271 |            4.0157 |            1.7398 |             4.455 |            0.8167
 34282 |    239 | 2020-03-01 02:41:22   |       13.1294 |       18.2085 |       11.6242 |             4.229 |            1.8384 |            4.6893 |            0.8676
 34282 |    240 | 2020-03-01 02:41:32   |       13.0977 |       18.1981 |       12.1194 |            4.4216 |            1.9101 |             4.888 |            0.8996
 34282 |    241 | 2020-03-01 02:41:42.5 |       13.1247 |       18.2114 |       11.9434 |            4.3443 |              1.89 |            4.8169 |            0.8923
 34282 |    242 | 2020-03-01 02:41:52   |       13.1304 |       18.2078 |       12.2887 |            4.4671 |             1.948 |            4.9538 |            0.9198
 34282 |    243 | 2020-03-01 02:42:05.5 |        13.132 |       18.2109 |       10.8129 |            3.9335 |            1.7089 |             4.369 |            0.8016
 34282 |    244 | 2020-03-01 02:42:19   |        13.133 |       18.2127 |        11.479 |             4.178 |             1.816 |              4.63 |             0.855
 34282 |    245 | 2020-03-01 02:42:29   |       13.1335 |       18.2107 |        12.001 |             4.367 |               1.9 |             4.837 |             0.897
 34282 |    246 | 2020-03-01 02:42:38.5 |       13.1315 |       18.2104 |        12.126 |            4.4111 |            1.9206 |            4.8869 |            0.9074
 34282 |    247 | 2020-03-01 02:42:48   |       13.1102 |       18.2142 |       12.2767 |            4.4689 |            1.9425 |            4.9499 |            0.9154
 34282 |    248 | 2020-03-01 02:43:01   |       13.1111 |       18.2068 |        11.283 |            4.1011 |            1.7822 |            4.5587 |             0.841
 34282 |    249 | 2020-03-01 02:43:14   |       13.1298 |       18.2089 |       11.3892 |            4.1443 |            1.8009 |            4.5952 |            0.8487
 34282 |    250 | 2020-03-01 02:43:24   |       13.0712 |       18.1989 |        11.446 |            4.1775 |            1.7969 |            4.6242 |            0.8474
 34282 |    251 | 2020-03-01 02:43:34   |       13.1277 |       18.2072 |       11.9214 |            4.3357 |            1.8874 |            4.8071 |            0.8912
 34282 |    252 | 2020-03-01 02:43:44   |       13.0987 |       18.2048 |        12.148 |            4.4348 |            1.9103 |            4.9028 |            0.9001
 34282 |    253 | 2020-03-01 02:43:54   |       13.1272 |        18.209 |       12.0321 |            4.3745 |            1.9056 |            4.8528 |            0.8992
 34282 |    254 | 2020-03-01 02:44:06.5 |       13.1341 |       18.2111 |       10.8081 |            3.9321 |            1.7086 |            4.3664 |            0.8009
 34282 |    255 | 2020-03-01 02:44:20   |       13.1317 |       18.2088 |       11.5932 |            4.2179 |            1.8344 |            4.6759 |             0.865
 34282 |    256 | 2020-03-01 02:44:30   |       13.1172 |       18.2136 |       11.8104 |            4.3002 |             1.867 |            4.7636 |            0.8796
 34282 |    257 | 2020-03-01 02:44:39.5 |       13.1324 |       18.2073 |       11.9096 |            4.3308 |            1.8864 |             4.801 |            0.8914
 34282 |    258 | 2020-03-01 02:44:49.5 |       13.1336 |       18.2086 |       12.2853 |            4.4666 |            1.9476 |            4.9511 |              0.92
 34282 |    259 | 2020-03-01 02:45:02.5 |       13.1208 |       18.2071 |       10.8012 |            3.9255 |            1.7048 |             4.368 |             0.803
 34282 |    260 | 2020-03-01 02:45:15   |        13.127 |       18.2082 |       11.1817 |            4.0682 |            1.7669 |             4.514 |            0.8326
 34282 |    261 | 2020-03-01 02:45:25.5 |        13.134 |       18.2113 |       11.9239 |            4.3391 |            1.8882 |            4.8053 |            0.8913
 34282 |    262 | 2020-03-01 02:45:39   |       13.1258 |       18.2079 |       11.8566 |            4.3119 |            1.8772 |            4.7813 |            0.8863
 34282 |    263 | 2020-03-01 02:45:51.5 |       13.1302 |       18.2091 |       12.2544 |            4.4554 |            1.9425 |             4.939 |            0.9175
 34282 |    264 | 2020-03-01 02:46:00.5 |         13.11 |       18.2084 |       11.5334 |            4.1938 |            1.8218 |            4.6582 |            0.8596
 34282 |    265 | 2020-03-01 02:46:10.5 |       13.1239 |       18.2076 |       10.9042 |            3.9671 |            1.7216 |            4.4056 |            0.8099
 34282 |    266 | 2020-03-01 02:46:21   |         13.13 |        18.206 |        11.582 |             4.214 |             1.832 |             4.672 |             0.864
 34282 |    267 | 2020-03-01 02:46:31   |       13.1364 |       18.2121 |       11.8444 |            4.3072 |            1.8762 |             4.775 |             0.886
 34282 |    268 | 2020-03-01 02:46:41   |       13.1285 |       18.2085 |        12.024 |             4.373 |             1.904 |             4.848 |             0.899
 34282 |    269 | 2020-03-01 02:46:50.5 |        13.132 |       18.2095 |       12.1117 |            4.4032 |            1.9199 |            4.8821 |            0.9065
 34282 |    270 | 2020-03-01 02:47:03.5 |       13.1125 |       18.2085 |       10.4488 |            3.8005 |            1.6463 |            4.2297 |            0.7724
 34282 |    271 | 2020-03-01 02:47:17   |       13.1315 |       18.2075 |        11.467 |             4.172 |             1.814 |             4.626 |             0.855
 34282 |    272 | 2020-03-01 02:47:27   |       13.1275 |       18.2082 |         11.66 |             4.242 |             1.844 |             4.703 |             0.871
 34282 |    273 | 2020-03-01 02:47:37   |       13.1275 |       18.2087 |        11.892 |             4.325 |             1.882 |             4.796 |             0.889
 34282 |    274 | 2020-03-01 02:47:46.5 |       13.1289 |       18.2092 |       11.9653 |              4.35 |            1.8952 |            4.8253 |            0.8948
 34282 |    275 | 2020-03-01 02:47:58.5 |       13.1326 |       18.2037 |       12.4109 |            4.5132 |            1.9672 |            5.0011 |            0.9293
 34282 |    276 | 2020-03-01 02:48:11.5 |       13.1317 |       18.1745 |       11.0497 |            4.0262 |            1.7434 |            4.4613 |            0.8188
 34282 |    277 | 2020-03-01 02:48:22   |       13.1258 |       18.2084 |       11.4143 |            4.1531 |            1.8039 |            4.6062 |            0.8511
 34282 |    278 | 2020-03-01 02:48:32   |       13.1295 |       18.2089 |        11.914 |            4.3334 |            1.8866 |            4.8036 |            0.8903
 34282 |    279 | 2020-03-01 02:48:42.5 |       13.1242 |       18.2147 |        11.847 |            4.3143 |            1.8728 |            4.7765 |            0.8834
 34282 |    280 | 2020-03-01 02:48:52.5 |       13.1279 |       18.2086 |        12.133 |            4.4115 |            1.9223 |             4.892 |            0.9071
 34282 |    281 | 2020-03-01 02:49:06   |       13.1274 |       18.2117 |        10.859 |            3.9507 |            1.7156 |            4.3876 |            0.8051
 34282 |    282 | 2020-03-01 02:49:20   |       13.1259 |       18.2081 |       11.3622 |            4.1344 |            1.7959 |            4.5851 |            0.8468
 34282 |    283 | 2020-03-01 02:49:29.5 |       13.1293 |       18.2071 |        11.825 |            4.3021 |            1.8709 |            4.7681 |            0.8839
 34282 |    284 | 2020-03-01 02:49:39   |        13.124 |       18.2197 |        12.107 |             4.418 |             1.905 |             4.885 |             0.899
 34282 |    285 | 2020-03-01 02:49:49   |       13.1272 |        18.209 |       12.0869 |            4.3958 |            1.9139 |            4.8734 |            0.9039
 34282 |    286 | 2020-03-01 02:50:01.5 |       13.1177 |       18.2094 |       11.3927 |            4.1432 |             1.801 |            4.6007 |            0.8478
 34282 |    287 | 2020-03-01 02:50:14   |       13.1415 |       18.2143 |       11.4599 |            4.1667 |            1.8156 |            4.6213 |            0.8563
 34282 |    288 | 2020-03-01 02:50:24   |       13.1323 |       18.2096 |        11.583 |            4.2121 |            1.8336 |            4.6721 |            0.8651
 34282 |    289 | 2020-03-01 02:50:34   |       13.1285 |       18.2052 |       11.8369 |            4.3037 |            1.8752 |            4.7719 |             0.886
 34282 |    290 | 2020-03-01 02:50:44   |       13.1313 |       18.2095 |       12.0496 |            4.3818 |            1.9093 |            4.8563 |            0.9021
 34282 |    291 | 2020-03-01 02:50:54   |       13.1299 |       18.2072 |       12.2251 |            4.4441 |            1.9378 |            4.9286 |            0.9146
 34282 |    292 | 2020-03-01 02:51:07   |       13.1255 |       18.2203 |        10.934 |             3.991 |             1.717 |             4.423 |             0.803
 34282 |    293 | 2020-03-01 02:51:20   |       13.1248 |       18.2082 |       11.2864 |             4.107 |            1.7833 |            4.5559 |            0.8402
 34282 |    294 | 2020-03-01 02:51:30   |       13.1326 |       18.2094 |       11.9719 |            4.3561 |            1.8958 |            4.8249 |            0.8952
 34282 |    295 | 2020-03-01 02:51:39.5 |        13.132 |       18.2109 |       11.9718 |            4.3545 |            1.8959 |            4.8264 |             0.895
 34282 |    296 | 2020-03-01 02:51:49   |       13.1283 |       18.2084 |       12.1185 |            4.4067 |            1.9197 |            4.8856 |            0.9064
 34282 |    297 | 2020-03-01 02:52:02   |       13.1115 |       18.2083 |        10.993 |            3.9986 |            1.7344 |             4.444 |            0.8159
 34282 |    298 | 2020-03-01 02:52:15   |       13.1335 |        18.212 |        11.294 |             4.111 |             1.786 |             4.557 |              0.84
 34282 |    299 | 2020-03-01 02:52:25.5 |       13.1315 |       18.2058 |       11.7652 |            4.2801 |            1.8621 |            4.7444 |            0.8786
 34282 |    300 | 2020-03-01 02:52:39   |        13.067 |       18.1998 |        11.841 |             4.323 |             1.859 |             4.782 |             0.877
 34282 |    301 | 2020-03-01 02:52:52.5 |       13.0656 |       18.2139 |       12.0235 |            4.3842 |            1.8925 |             4.854 |            0.8928
 34282 |    302 | 2020-03-01 02:53:04.5 |       13.1135 |       18.2092 |       10.4904 |            3.8163 |            1.6529 |            4.2459 |            0.7754
 34282 |    303 | 2020-03-01 02:53:15.5 |       13.1263 |       18.2083 |       11.1393 |            4.0538 |            1.7593 |            4.4974 |            0.8288
 34282 |    304 | 2020-03-01 02:53:24   |       13.1305 |       18.2068 |       11.6914 |            4.2534 |            1.8502 |            4.7149 |            0.8729
 34282 |    305 | 2020-03-01 02:53:32.5 |       13.1342 |       18.2114 |       12.0192 |            4.3734 |            1.9033 |            4.8433 |            0.8992
 34282 |    306 | 2020-03-01 02:53:41.5 |       13.1247 |       18.2081 |       11.8546 |            4.3113 |            1.8763 |             4.781 |             0.886
 34282 |    307 | 2020-03-01 02:53:51.5 |       13.1295 |       18.2064 |       12.2146 |            4.4396 |            1.9363 |            4.9245 |            0.9142
 34282 |    308 | 2020-03-01 02:54:04   |       13.1121 |       18.2079 |       10.5434 |            3.8347 |            1.6611 |            4.2666 |            0.7809
 34282 |    309 | 2020-03-01 02:54:17   |       13.1264 |       18.2084 |       11.2342 |             4.087 |            1.7755 |             4.535 |            0.8367
 34282 |    310 | 2020-03-01 02:54:26.5 |       13.1325 |       18.2097 |        11.863 |            4.3159 |            1.8782 |            4.7822 |            0.8867
 34282 |    311 | 2020-03-01 02:54:36.5 |       13.1094 |       18.2065 |       11.9035 |            4.3378 |            1.8793 |            4.8009 |            0.8856
 34282 |    312 | 2020-03-01 02:54:46.5 |       13.1303 |       18.2084 |       12.1021 |               4.4 |            1.9179 |            4.8786 |            0.9057
 34282 |    313 | 2020-03-01 02:54:58.5 |       13.1279 |       18.2179 |       12.5198 |            4.5643 |            1.9753 |            5.0496 |            0.9306
 34282 |    314 | 2020-03-01 02:55:12   |       13.1325 |       18.2119 |        11.133 |             4.052 |            1.7597 |            4.4936 |            0.8278
 34282 |    315 | 2020-03-01 02:55:23   |        13.131 |       18.2078 |        11.673 |             4.247 |             1.847 |             4.708 |             0.871
 34282 |    316 | 2020-03-01 02:55:32.5 |       13.0896 |       18.2165 |       12.1317 |            4.4225 |            1.9141 |            4.8945 |            0.9006
 34282 |    317 | 2020-03-01 02:55:42   |       13.1253 |       18.2085 |       11.9019 |            4.3294 |            1.8836 |            4.8002 |            0.8888
 34282 |    318 | 2020-03-01 02:55:52   |       13.1273 |       18.2078 |       12.1013 |            4.4007 |            1.9173 |            4.8791 |            0.9044
 34282 |    319 | 2020-03-01 02:56:05.5 |       13.0822 |       18.2014 |       10.6712 |            3.8916 |            1.6768 |            4.3177 |            0.7851
 34282 |    320 | 2020-03-01 02:56:19   |       13.1275 |       18.2077 |        11.372 |             4.138 |             1.798 |             4.589 |             0.847
 34282 |    321 | 2020-03-01 02:56:28.5 |       13.1326 |       18.2101 |       11.9499 |            4.3479 |            1.8924 |            4.8166 |             0.893
 34282 |    322 | 2020-03-01 02:56:38   |        13.125 |       18.1964 |         11.77 |            4.2837 |            1.8621 |            4.7465 |            0.8777
 34282 |    323 | 2020-03-01 02:56:48   |       13.1299 |       18.2083 |       12.1954 |            4.4342 |            1.9331 |            4.9157 |            0.9124
 34282 |    324 | 2020-03-01 02:57:00.5 |       13.1234 |       18.2102 |       11.8973 |             4.326 |            1.8838 |            4.7995 |             0.888
 34282 |    325 | 2020-03-01 02:57:13.5 |       13.1217 |         18.21 |       10.9015 |            3.9728 |            1.7164 |            4.4045 |            0.8077
 34282 |    326 | 2020-03-01 02:57:24   |       13.1324 |       18.2114 |       11.7846 |            4.2886 |            1.8655 |            4.7504 |            0.8801
 34282 |    327 | 2020-03-01 02:57:34   |        13.125 |       18.1952 |       11.6766 |            4.2497 |            1.8465 |            4.7092 |            0.8712
 34282 |    328 | 2020-03-01 02:57:44   |       13.1291 |       18.2077 |       12.1046 |            4.4014 |            1.9174 |            4.8803 |            0.9054
 34282 |    329 | 2020-03-01 02:57:54   |       13.1296 |       18.2101 |       12.2474 |            4.4535 |            1.9417 |            4.9362 |            0.9159
 34282 |    330 | 2020-03-01 02:58:07   |        13.127 |       18.2082 |        10.549 |             3.837 |             1.666 |             4.266 |              0.78
 34282 |    331 | 2020-03-01 02:58:20   |       13.1304 |       18.2062 |       11.5388 |            4.1968 |            1.8257 |            4.6549 |            0.8614
 34282 |    332 | 2020-03-01 02:58:30   |       13.1337 |       18.2121 |       11.9025 |            4.3311 |            1.8855 |            4.7971 |            0.8888
 34282 |    333 | 2020-03-01 02:58:39.5 |        13.127 |       18.2082 |       11.9128 |             4.333 |             1.886 |            4.8035 |            0.8903
 34282 |    334 | 2020-03-01 02:58:49   |       13.1317 |       18.2065 |       12.2652 |            4.4592 |            1.9444 |            4.9433 |            0.9183
 34282 |    335 | 2020-03-01 02:59:02   |       13.1117 |       18.2022 |       11.1056 |            4.0389 |            1.7532 |            4.4891 |            0.8244
 34282 |    336 | 2020-03-01 02:59:15   |       13.1275 |       18.2077 |        11.174 |             4.065 |             1.766 |             4.511 |             0.832
 34282 |    337 | 2020-03-01 02:59:25   |       13.1309 |       18.1929 |       11.6707 |            4.2498 |            1.8427 |            4.7088 |            0.8694
 34282 |    338 | 2020-03-01 02:59:39.5 |       13.1269 |       18.2078 |       11.9128 |            4.3327 |            1.8859 |            4.8033 |            0.8909
 34282 |    339 | 2020-03-01 02:59:53   |       13.1327 |       18.2116 |       12.3792 |            4.5018 |             1.963 |            4.9873 |            0.9272
 34282 |    340 | 2020-03-01 03:00:01.5 |       13.1183 |       18.2116 |       11.3334 |            4.1192 |            1.7926 |            4.5772 |            0.8444
 34282 |    341 | 2020-03-01 03:00:11   |       13.0787 |       18.2139 |       11.0232 |            4.0219 |            1.7319 |            4.4586 |            0.8108
 34282 |    342 | 2020-03-01 03:00:20.5 |        13.129 |       18.2086 |       11.3785 |            4.1397 |            1.7994 |             4.591 |            0.8484
 34282 |    343 | 2020-03-01 03:00:30.5 |       13.1286 |        18.213 |       11.7518 |            4.2875 |            1.8492 |            4.7446 |            0.8704
 34282 |    344 | 2020-03-01 03:00:41   |       13.1286 |       18.2069 |       11.9659 |            4.3503 |            1.8963 |            4.8238 |            0.8955
 34282 |    345 | 2020-03-01 03:00:51   |       13.1315 |       18.2085 |         12.28 |             4.465 |             1.947 |             4.949 |             0.919
 34282 |    346 | 2020-03-01 03:01:03.5 |       13.1098 |       18.2084 |       10.7744 |            3.9192 |            1.6988 |             4.358 |            0.7984
 34282 |    347 | 2020-03-01 03:01:16   |        13.132 |        18.194 |        11.241 |             4.095 |             1.776 |             4.534 |             0.836
 34282 |    348 | 2020-03-01 03:01:26   |       13.1347 |       18.2136 |       11.9366 |            4.3432 |             1.891 |            4.8106 |            0.8919
 34282 |    349 | 2020-03-01 03:01:36   |       13.1274 |       18.2104 |        11.845 |            4.3079 |            1.8749 |            4.7766 |            0.8855
 34282 |    350 | 2020-03-01 03:01:46   |        13.136 |       18.2097 |       12.1993 |             4.435 |            1.9343 |            4.9163 |            0.9138
 34282 |    351 | 2020-03-01 03:01:58   |       13.1317 |       18.2096 |        12.232 |             4.447 |            1.9394 |            4.9306 |             0.915
 34282 |    352 | 2020-03-01 03:02:11.5 |       13.1263 |       18.2085 |       10.9473 |            3.9825 |            1.7287 |            4.4225 |            0.8137
 34282 |    353 | 2020-03-01 03:02:22   |       13.1632 |       18.2121 |        11.782 |            4.2836 |            1.8679 |            4.7492 |            0.8813
 34282 |    354 | 2020-03-01 03:02:32   |       13.1403 |       18.2112 |       11.6644 |            4.2496 |            1.8394 |            4.7074 |            0.8679
 34282 |    355 | 2020-03-01 03:02:42   |       13.1311 |       18.2085 |       12.1368 |            4.4142 |            1.9228 |            4.8916 |            0.9081
 34282 |    356 | 2020-03-01 03:02:52   |       13.1232 |       18.2073 |       12.2901 |            4.4849 |            1.9356 |            4.9589 |            0.9107
 34282 |    357 | 2020-03-01 03:03:09   |       13.1327 |       18.2068 |       10.8662 |            3.9514 |            1.7175 |            4.3908 |            0.8065
 34282 |    358 | 2020-03-01 03:03:26   |       13.1254 |       18.2091 |       11.4523 |            4.1673 |            1.8096 |            4.6212 |            0.8542
 34282 |    359 | 2020-03-01 03:03:35   |        13.125 |        18.208 |        11.727 |             4.266 |             1.855 |              4.73 |             0.876
 34282 |    360 | 2020-03-01 03:03:43   |       13.1315 |       18.2087 |        12.181 |              4.43 |              1.93 |             4.909 |             0.912
 34282 |    361 | 2020-03-01 03:03:51.5 |       13.1246 |       18.2135 |       12.3708 |            4.5046 |            1.9576 |            4.9876 |            0.9211
 34282 |    362 | 2020-03-01 03:04:01.5 |       13.1121 |       18.2085 |       11.3311 |            4.1203 |            1.7899 |             4.578 |            0.8429
 34282 |    363 | 2020-03-01 03:04:12.5 |       13.1298 |       18.2078 |       11.1463 |            4.0538 |            1.7633 |            4.4991 |            0.8301
 34282 |    364 | 2020-03-01 03:04:23   |         13.13 |       18.2122 |        11.818 |             4.304 |             1.869 |             4.766 |             0.879
 34282 |    365 | 2020-03-01 03:04:33   |       13.1276 |       18.2083 |       11.8058 |            4.2945 |            1.8684 |            4.7607 |            0.8821
 34282 |    366 | 2020-03-01 03:04:43.5 |       13.1297 |        18.211 |       12.2401 |            4.4531 |            1.9382 |            4.9326 |            0.9162
 34282 |    367 | 2020-03-01 03:04:53.5 |       13.1308 |       18.2119 |       12.1853 |              4.44 |            1.9248 |            4.9143 |            0.9062
 34282 |    368 | 2020-03-01 03:05:06   |       13.1164 |       18.2083 |       10.5798 |            3.8489 |            1.6675 |             4.281 |            0.7825
 34282 |    369 | 2020-03-01 03:05:19   |        13.132 |        18.209 |        11.559 |             4.206 |             1.829 |             4.662 |             0.862
 34282 |    370 | 2020-03-01 03:05:29   |       13.1308 |       18.2099 |       11.6903 |            4.2536 |            1.8495 |            4.7143 |            0.8729
 34282 |    371 | 2020-03-01 03:05:39   |       13.1285 |       18.2082 |        11.946 |             4.345 |             1.891 |             4.817 |             0.893
 34282 |    372 | 2020-03-01 03:05:49   |       13.1351 |       18.2108 |       12.1652 |            4.4238 |            1.9283 |            4.9036 |            0.9095
 34282 |    373 | 2020-03-01 03:06:02   |        13.113 |       18.2098 |       11.2976 |             4.107 |            1.7848 |            4.5638 |             0.842
 34282 |    374 | 2020-03-01 03:06:15   |       13.0193 |        18.191 |       10.9547 |            3.9971 |            1.7195 |            4.4288 |            0.8094
 34282 |    375 | 2020-03-01 03:06:25   |       13.1154 |       18.2098 |       11.5234 |            4.1988 |            1.8164 |            4.6532 |             0.855
 34282 |    376 | 2020-03-01 03:06:36.5 |       13.1309 |       18.2081 |       11.9945 |            4.3624 |            1.9001 |            4.8354 |            0.8966
 34282 |    377 | 2020-03-01 03:06:49   |       13.0843 |       18.2011 |       12.1761 |             4.436 |            1.9223 |            4.9107 |            0.9071
 34282 |    378 | 2020-03-01 03:07:01   |       13.1137 |       18.2075 |       11.5974 |            4.2156 |             1.834 |            4.6817 |            0.8661
 34282 |    379 | 2020-03-01 03:07:07   |       13.1325 |       18.2097 |        10.761 |             3.914 |               1.7 |             4.349 |             0.798
(380 rows)

