  run  | subrun |         time          | step1_voltage | step2_voltage | total_current | pos_2step_current | pos_1step_current | neg_2step_current | neg_1step_current 
-------+--------+-----------------------+---------------+---------------+---------------+-------------------+-------------------+-------------------+-------------------
 34310 |      0 | 2020-03-01 21:33:59.5 |       13.0859 |       18.1994 |       12.0753 |            4.4019 |            1.9039 |            4.8715 |            0.8979
 34310 |      1 | 2020-03-01 21:34:12   |       13.1099 |       18.2081 |       10.7447 |            3.9071 |            1.6944 |            4.3457 |            0.7975
 34310 |      2 | 2020-03-01 21:34:25   |        13.133 |       18.2097 |        11.469 |             4.172 |             1.815 |             4.625 |             0.857
 34310 |      3 | 2020-03-01 21:34:35   |       13.1235 |       18.2076 |       11.4065 |            4.1491 |            1.8032 |            4.6031 |            0.8511
 34310 |      4 | 2020-03-01 21:34:45   |       13.1295 |       18.2052 |        11.962 |             4.349 |             1.895 |             4.822 |             0.896
 34310 |      5 | 2020-03-01 21:34:59   |       13.1298 |       18.2086 |       12.0491 |            4.3804 |            1.9092 |            4.8571 |            0.9024
 34310 |      6 | 2020-03-01 21:35:11.5 |        13.112 |       18.2076 |       10.9609 |            3.9854 |            1.7305 |            4.4305 |            0.8144
 34310 |      7 | 2020-03-01 21:35:20.5 |       13.1329 |       18.2084 |       11.1882 |            4.0683 |            1.7701 |            4.5158 |             0.834
 34310 |      8 | 2020-03-01 21:35:31   |       13.1002 |       18.2035 |       11.5142 |            4.1979 |            1.8161 |            4.6452 |             0.855
 34310 |      9 | 2020-03-01 21:35:41   |        13.127 |       18.2078 |        11.739 |             4.269 |             1.858 |             4.734 |             0.878
 34310 |     10 | 2020-03-01 21:35:51   |       13.1319 |       18.2074 |         12.17 |            4.4258 |            1.9295 |            4.9035 |            0.9112
 34310 |     11 | 2020-03-01 21:36:01   |        13.124 |       18.2075 |        11.949 |             4.344 |             1.893 |             4.818 |             0.894
 34310 |     12 | 2020-03-01 21:36:14   |       13.1119 |       18.2078 |       10.4016 |            3.7823 |            1.6397 |            4.2096 |            0.7701
 34310 |     13 | 2020-03-01 21:36:27   |        13.137 |       18.2128 |       11.5405 |            4.2013 |            1.8268 |            4.6542 |            0.8582
 34310 |     14 | 2020-03-01 21:36:37   |        13.126 |        18.208 |        11.592 |             4.217 |             1.834 |             4.675 |             0.866
 34310 |     15 | 2020-03-01 21:36:47   |        13.125 |        18.208 |        11.776 |             4.283 |             1.864 |             4.749 |              0.88
 34310 |     16 | 2020-03-01 21:36:57   |       13.1325 |       18.2105 |        12.128 |              4.41 |             1.923 |             4.887 |             0.908
 34310 |     17 | 2020-03-01 21:37:10   |       13.1233 |       18.2096 |       11.8177 |            4.2944 |            1.8716 |            4.7677 |            0.8839
 34310 |     18 | 2020-03-01 21:37:23   |       13.1275 |       18.2082 |        11.095 |             4.036 |             1.754 |             4.479 |             0.826
 34310 |     19 | 2020-03-01 21:37:33   |        13.125 |       18.2077 |         11.42 |             4.154 |             1.806 |             4.607 |             0.853
 34310 |     20 | 2020-03-01 21:37:43   |        13.133 |        18.211 |          11.9 |             4.329 |             1.886 |             4.795 |              0.89
 34310 |     21 | 2020-03-01 21:37:53   |        13.132 |        18.195 |        12.075 |             4.398 |             1.907 |             4.869 |             0.901
 34310 |     22 | 2020-03-01 21:38:04.5 |       13.1187 |       18.2023 |       12.3417 |            4.4927 |            1.9527 |            4.9745 |            0.9218
 34310 |     23 | 2020-03-01 21:38:17.5 |       13.1271 |       18.2077 |       10.5739 |             3.846 |              1.67 |            4.2743 |            0.7837
 34310 |     24 | 2020-03-01 21:38:30.5 |       13.1293 |        18.208 |       11.6152 |            4.2254 |            1.8385 |            4.6835 |            0.8678
 34310 |     25 | 2020-03-01 21:38:42   |       13.1005 |       18.2072 |       11.8875 |             4.339 |            1.8707 |            4.7975 |            0.8803
 34310 |     26 | 2020-03-01 21:38:50.5 |       13.1254 |       18.2081 |       11.9141 |            4.3316 |            1.8872 |             4.803 |            0.8923
 34310 |     27 | 2020-03-01 21:38:59   |       13.1315 |       18.2077 |        12.282 |             4.465 |             1.948 |             4.948 |             0.921
 34310 |     28 | 2020-03-01 21:39:12   |        13.109 |        18.212 |       11.0247 |            4.0077 |            1.7407 |            4.4562 |            0.8202
 34310 |     29 | 2020-03-01 21:39:25   |       13.1291 |       18.2075 |        11.256 |            4.0942 |            1.7804 |            4.5422 |            0.8393
 34310 |     30 | 2020-03-01 21:39:35   |       13.1291 |       18.2081 |       11.6866 |            4.2503 |              1.85 |            4.7122 |            0.8741
 34310 |     31 | 2020-03-01 21:39:45   |       13.1236 |       18.2095 |       11.7269 |            4.2706 |            1.8503 |            4.7316 |            0.8744
 34310 |     32 | 2020-03-01 21:39:55   |       13.1295 |       18.2057 |        12.136 |             4.412 |             1.924 |             4.891 |             0.909
 34310 |     33 | 2020-03-01 21:40:07.5 |       13.1302 |       18.2077 |       12.2624 |            4.4571 |            1.9445 |            4.9419 |            0.9189
 34310 |     34 | 2020-03-01 21:40:21   |       13.1248 |       18.2067 |       10.9661 |            3.9873 |            1.7343 |            4.4279 |            0.8165
 34310 |     35 | 2020-03-01 21:40:31.5 |       13.1327 |       18.2066 |       11.6082 |            4.2218 |            1.8374 |            4.6813 |            0.8678
 34310 |     36 | 2020-03-01 21:40:41   |       13.0906 |       18.1809 |       11.7895 |            4.3002 |            1.8578 |            4.7553 |            0.8761
 34310 |     37 | 2020-03-01 21:40:51   |       13.1265 |       18.2078 |        11.922 |             4.335 |             1.888 |             4.807 |             0.892
 34310 |     38 | 2020-03-01 21:41:01   |       13.1316 |       18.2077 |       12.3255 |            4.4802 |            1.9553 |             4.966 |             0.924
 34310 |     39 | 2020-03-01 21:41:14   |        13.122 |       18.2086 |       10.5675 |            3.8422 |            1.6687 |            4.2738 |            0.7828
 34310 |     40 | 2020-03-01 21:41:27   |        13.131 |       18.2072 |        11.437 |              4.16 |              1.81 |             4.613 |             0.854
 34310 |     41 | 2020-03-01 21:41:37   |       13.1309 |       18.2124 |       11.8192 |            4.3078 |             1.865 |            4.7673 |            0.8791
 34310 |     42 | 2020-03-01 21:41:47.5 |       13.1277 |       18.2081 |       11.8973 |             4.327 |            1.8838 |            4.7967 |            0.8897
 34310 |     43 | 2020-03-01 21:42:00   |       13.1348 |       18.2107 |       12.3696 |            4.4962 |            1.9628 |            4.9824 |            0.9283
 34310 |     44 | 2020-03-01 21:42:12   |       13.1153 |       18.2073 |       11.1503 |            4.0528 |            1.7625 |            4.5042 |            0.8308
 34310 |     45 | 2020-03-01 21:42:22.5 |       13.1293 |       18.2055 |       11.1534 |            4.0568 |            1.7631 |            4.5027 |            0.8307
 34310 |     46 | 2020-03-01 21:42:33   |       13.1326 |       18.2109 |       11.7467 |             4.272 |            1.8597 |            4.7359 |             0.879
 34310 |     47 | 2020-03-01 21:42:43   |        13.126 |       18.2075 |        11.729 |             4.267 |             1.856 |             4.729 |             0.877
 34310 |     48 | 2020-03-01 21:42:53   |       13.1283 |       18.2072 |       12.1075 |            4.4027 |            1.9186 |            4.8795 |            0.9067
 34310 |     49 | 2020-03-01 21:43:05   |       13.0722 |       18.1941 |       12.1863 |            4.4469 |            1.9163 |             4.919 |            0.9041
 34310 |     50 | 2020-03-01 21:43:18   |       13.1282 |       18.2079 |        10.706 |            3.8938 |            1.6914 |            4.3267 |             0.794
 34310 |     51 | 2020-03-01 21:43:29   |       13.1323 |       18.2097 |       11.5918 |            4.2177 |            1.8346 |             4.674 |            0.8654
 34310 |     52 | 2020-03-01 21:43:39   |        13.124 |       18.2083 |        11.551 |             4.202 |             1.827 |             4.659 |             0.863
 34310 |     53 | 2020-03-01 21:43:49   |       13.1296 |       18.2077 |       12.0315 |            4.3753 |            1.9066 |            4.8488 |            0.9007
 34310 |     54 | 2020-03-01 21:43:59.5 |       13.1338 |       18.2115 |       12.3847 |            4.5033 |            1.9648 |            4.9888 |            0.9278
 34310 |     55 | 2020-03-01 21:44:12.5 |       13.1168 |       18.2084 |       11.0699 |            4.0241 |              1.75 |             4.473 |            0.8228
 34310 |     56 | 2020-03-01 21:44:25   |       13.1382 |       18.2113 |       11.4216 |            4.1535 |            1.8093 |            4.6062 |            0.8526
 34310 |     57 | 2020-03-01 21:44:35   |       13.1335 |       18.2117 |        11.679 |              4.25 |              1.85 |             4.707 |             0.872
 34310 |     58 | 2020-03-01 21:44:45   |       13.1287 |        18.208 |       11.8813 |            4.3208 |            1.8816 |              4.79 |             0.889
 34310 |     59 | 2020-03-01 21:44:55   |       13.1294 |       18.2101 |        12.137 |            4.4109 |            1.9243 |            4.8926 |            0.9092
 34310 |     60 | 2020-03-01 21:45:05   |       13.1359 |       18.2117 |       12.4757 |            4.5349 |            1.9805 |            5.0247 |            0.9356
 34310 |     61 | 2020-03-01 21:45:18.5 |       13.1296 |       18.2083 |       10.8349 |            3.9404 |            1.7125 |            4.3774 |            0.8046
 34310 |     62 | 2020-03-01 21:45:34   |       13.1043 |       18.2085 |       11.8522 |            4.3187 |            1.8717 |            4.7786 |            0.8832
 34310 |     63 | 2020-03-01 21:45:45   |       13.1257 |       18.2072 |       11.7564 |            4.2755 |            1.8608 |            4.7412 |            0.8789
 34310 |     64 | 2020-03-01 21:45:53   |       13.1317 |       18.2078 |       12.2165 |             4.442 |            1.9368 |            4.9219 |            0.9158
 34310 |     65 | 2020-03-01 21:46:01.5 |        13.134 |       18.2118 |        12.341 |            4.4879 |            1.9582 |            4.9706 |            0.9243
 34310 |     66 | 2020-03-01 21:46:14.5 |       13.1275 |        18.208 |       10.5825 |            3.8474 |            1.6724 |            4.2795 |            0.7833
 34310 |     67 | 2020-03-01 21:46:27.5 |       13.1279 |       18.2087 |       11.3179 |            4.1173 |            1.7903 |             4.566 |            0.8443
 34310 |     68 | 2020-03-01 21:46:37   |       13.1325 |       18.2095 |        11.873 |             4.319 |             1.881 |             4.785 |             0.888
 34310 |     69 | 2020-03-01 21:46:47   |       13.1305 |       18.2063 |        12.017 |             4.369 |             1.904 |             4.844 |               0.9
 34310 |     70 | 2020-03-01 21:46:57.5 |       13.1276 |       18.2086 |       12.0324 |            4.3744 |            1.9065 |            4.8512 |            0.9002
 34310 |     71 | 2020-03-01 21:47:10   |       13.1249 |       18.2089 |       12.1241 |            4.4077 |            1.9218 |            4.8872 |            0.9075
 34310 |     72 | 2020-03-01 21:47:22.5 |        13.131 |        18.209 |        11.208 |            4.0771 |             1.773 |            4.5233 |            0.8346
 34310 |     73 | 2020-03-01 21:47:33   |        13.131 |       18.2073 |        11.669 |             4.245 |             1.847 |             4.705 |             0.872
 34310 |     74 | 2020-03-01 21:47:43.5 |       13.1288 |       18.2082 |       11.8241 |            4.3004 |            1.8722 |            4.7672 |            0.8843
 34310 |     75 | 2020-03-01 21:47:54   |       13.1272 |       18.2074 |       11.9981 |            4.3624 |            1.9014 |            4.8366 |            0.8977
 34310 |     76 | 2020-03-01 21:48:06   |       13.1285 |       18.2086 |         12.11 |            4.4021 |            1.9199 |            4.8818 |            0.9061
 34310 |     77 | 2020-03-01 21:48:18.5 |       13.1323 |       18.2079 |       10.9541 |            3.9837 |            1.7323 |            4.4239 |            0.8141
 34310 |     78 | 2020-03-01 21:48:29   |        13.084 |       18.2009 |       11.4704 |            4.1826 |            1.8066 |            4.6296 |            0.8516
 34310 |     79 | 2020-03-01 21:48:39   |        13.127 |        18.208 |         11.67 |             4.245 |             1.847 |             4.706 |             0.872
 34310 |     80 | 2020-03-01 21:48:49.5 |       13.1306 |       18.2082 |       12.1209 |            4.4083 |            1.9205 |            4.8849 |            0.9072
 34310 |     81 | 2020-03-01 21:49:01.5 |       13.1144 |       18.2095 |       11.9457 |            4.3494 |            1.8858 |            4.8201 |            0.8903
 34310 |     82 | 2020-03-01 21:49:14.5 |         13.13 |       18.2083 |       10.6793 |            3.8825 |            1.6885 |            4.3164 |            0.7919
 34310 |     83 | 2020-03-01 21:49:25.5 |       13.1092 |       18.2141 |       11.5463 |            4.2085 |            1.8208 |            4.6613 |            0.8558
 34310 |     84 | 2020-03-01 21:49:35.5 |       13.1243 |        18.208 |       11.4798 |             4.176 |            1.8155 |            4.6312 |            0.8571
 34310 |     85 | 2020-03-01 21:49:45.5 |       13.1311 |       18.2084 |       11.9796 |             4.356 |             1.898 |            4.8284 |            0.8972
 34310 |     86 | 2020-03-01 21:49:55   |       13.1325 |        18.211 |        12.083 |             4.395 |             1.915 |             4.869 |             0.904
 34310 |     87 | 2020-03-01 21:50:05   |       13.1242 |       18.2093 |       12.4529 |            4.5418 |            1.9639 |            5.0211 |            0.9261
 34310 |     88 | 2020-03-01 21:50:18   |       13.1284 |       18.2063 |       10.7468 |            3.9079 |            1.6984 |            4.3427 |            0.7977
 34310 |     89 | 2020-03-01 21:50:31   |       13.1245 |       18.2077 |        11.291 |             4.108 |             1.785 |             4.556 |             0.842
 34310 |     90 | 2020-03-01 21:50:41   |       13.1279 |       18.2074 |        11.728 |            4.2626 |            1.8585 |            4.7283 |            0.8786
 34310 |     91 | 2020-03-01 21:50:51.5 |       13.1309 |       18.2073 |       12.1326 |             4.412 |            1.9229 |            4.8891 |            0.9086
 34310 |     92 | 2020-03-01 21:51:01.5 |       13.1249 |       18.2119 |       12.0495 |            4.3863 |            1.9044 |            4.8603 |            0.8985
 34310 |     93 | 2020-03-01 21:51:14   |       13.1266 |       18.2067 |       10.7475 |            3.9073 |            1.6984 |            4.3449 |            0.7969
 34310 |     94 | 2020-03-01 21:51:27   |        13.133 |        18.212 |        11.363 |             4.136 |             1.798 |             4.583 |             0.846
 34310 |     95 | 2020-03-01 21:51:37   |        13.125 |       18.2143 |        11.949 |             4.353 |             1.889 |             4.818 |             0.889
 34310 |     96 | 2020-03-01 21:51:47   |        13.104 |       18.1986 |       11.8863 |            4.3315 |            1.8758 |            4.7948 |            0.8842
 34310 |     97 | 2020-03-01 21:51:57.5 |       13.1313 |       18.2076 |       12.2228 |            4.4428 |            1.9387 |            4.9252 |            0.9162
 34310 |     98 | 2020-03-01 21:52:10   |       13.1248 |       18.2107 |       12.0624 |            4.3855 |            1.9121 |            4.8624 |            0.9024
 34310 |     99 | 2020-03-01 21:52:23.5 |       13.1355 |       18.2109 |       11.3564 |            4.1294 |            1.7983 |            4.5812 |            0.8476
 34310 |    100 | 2020-03-01 21:52:35.5 |       13.1262 |       18.2071 |       11.5465 |            4.2007 |            1.8263 |            4.6569 |            0.8626
 34310 |    101 | 2020-03-01 21:52:46   |       13.0932 |        18.199 |       11.9804 |            4.3676 |            1.8892 |             4.832 |            0.8915
 34310 |    102 | 2020-03-01 21:52:55   |        13.089 |       18.2147 |        12.112 |             4.414 |             1.911 |             4.888 |             0.899
 34310 |    103 | 2020-03-01 21:53:06   |         13.13 |       18.2072 |        12.197 |            4.4337 |            1.9341 |            4.9162 |             0.913
 34310 |    104 | 2020-03-01 21:53:18.5 |       13.1339 |       18.2105 |       11.0137 |            4.0058 |            1.7424 |            4.4465 |             0.819
 34310 |    105 | 2020-03-01 21:53:29.5 |       13.1246 |       18.2075 |       11.2068 |            4.0808 |            1.7677 |            4.5249 |            0.8335
 34310 |    106 | 2020-03-01 21:53:40   |       13.1285 |        18.208 |       11.7768 |            4.2831 |            1.8647 |            4.7484 |            0.8807
 34310 |    107 | 2020-03-01 21:53:49.5 |        13.133 |       18.1866 |       12.0696 |            4.3921 |            1.9121 |            4.8622 |            0.9032
 34310 |    108 | 2020-03-01 21:53:59.5 |       13.1254 |       18.2065 |       11.9795 |            4.3544 |            1.8987 |              4.83 |            0.8964
 34310 |    109 | 2020-03-01 21:54:12.5 |       13.1201 |       18.2091 |        11.225 |            4.0816 |            1.7748 |            4.5333 |            0.8353
 34310 |    110 | 2020-03-01 21:54:25.5 |       13.1262 |       18.2082 |       11.0608 |            4.0235 |             1.748 |            4.4652 |             0.824
 34310 |    111 | 2020-03-01 21:54:36   |       13.1293 |       18.2084 |       11.6773 |            4.2478 |            1.8481 |            4.7089 |            0.8726
 34310 |    112 | 2020-03-01 21:54:45.5 |       13.1265 |       18.2086 |       11.8053 |            4.2934 |            1.8686 |            4.7605 |            0.8828
 34310 |    113 | 2020-03-01 21:54:55.5 |       13.1308 |       18.2081 |       12.1829 |            4.4288 |            1.9318 |            4.9096 |            0.9127
 34310 |    114 | 2020-03-01 21:55:05   |       13.1284 |       18.2082 |       12.1694 |            4.4237 |            1.9296 |            4.9043 |            0.9117
 34310 |    115 | 2020-03-01 21:55:18   |       13.1345 |        18.211 |        10.822 |             3.937 |             1.712 |             4.371 |             0.802
 34310 |    116 | 2020-03-01 21:55:31.5 |       13.1385 |       18.2104 |       11.6624 |            4.2395 |            1.8488 |            4.7006 |            0.8735
 34310 |    117 | 2020-03-01 21:55:41.5 |        13.126 |       18.2081 |       11.5571 |            4.2027 |             1.829 |            4.6616 |            0.8639
 34310 |    118 | 2020-03-01 21:55:54.5 |       13.1274 |        18.208 |       11.9886 |            4.3591 |            1.8992 |            4.8324 |            0.8978
 34310 |    119 | 2020-03-01 21:56:07.5 |       13.1294 |       18.2073 |       12.2601 |            4.4562 |            1.9438 |            4.9412 |            0.9188
 34310 |    120 | 2020-03-01 21:56:17.5 |       13.1308 |        18.208 |       10.6665 |            3.8787 |            1.6854 |            4.3112 |            0.7912
 34310 |    121 | 2020-03-01 21:56:27   |       13.1308 |       18.2067 |        11.402 |            4.1473 |            1.8039 |            4.5996 |            0.8512
 34310 |    122 | 2020-03-01 21:56:37.5 |       13.1423 |        18.211 |       11.7972 |            4.2934 |            1.8682 |            4.7557 |            0.8798
 34310 |    123 | 2020-03-01 21:56:47.5 |       13.1292 |       18.2128 |       12.2674 |            4.4664 |            1.9414 |             4.944 |            0.9156
 34310 |    124 | 2020-03-01 21:56:57.5 |       13.1313 |       18.2081 |       12.2341 |            4.4476 |            1.9398 |            4.9293 |            0.9174
 34310 |    125 | 2020-03-01 21:57:10   |        13.122 |       18.2082 |        11.954 |            4.3454 |            1.8932 |            4.8213 |            0.8942
 34310 |    126 | 2020-03-01 21:57:22.5 |       13.0793 |       18.2188 |       11.0807 |            4.0395 |            1.7443 |            4.4793 |            0.8177
 34310 |    127 | 2020-03-01 21:57:33.5 |       13.1388 |         18.21 |       11.8257 |            4.3018 |            1.8755 |            4.7656 |            0.8829
 34310 |    128 | 2020-03-01 21:57:43.5 |       13.1397 |       18.2098 |        12.011 |            4.3673 |            1.9037 |            4.8401 |            0.8999
 34310 |    129 | 2020-03-01 21:57:54   |       13.1345 |       18.2061 |        11.983 |             4.355 |            1.8997 |            4.8298 |            0.8985
 34310 |    130 | 2020-03-01 21:58:06   |       13.1307 |       18.2069 |       12.2498 |            4.4522 |            1.9428 |            4.9364 |            0.9183
 34310 |    131 | 2020-03-01 21:58:19   |        13.132 |       18.1975 |        10.853 |             3.947 |             1.716 |             4.384 |             0.806
 34310 |    132 | 2020-03-01 21:58:29.5 |       13.1389 |       18.2079 |       11.3281 |            4.1197 |            1.7927 |            4.5706 |            0.8451
 34310 |    133 | 2020-03-01 21:58:39   |       13.1315 |        18.208 |        11.878 |              4.32 |             1.882 |             4.787 |             0.889
 34310 |    134 | 2020-03-01 21:58:49.5 |       13.1346 |        18.219 |       12.0055 |            4.3802 |            1.8907 |             4.844 |            0.8905
 34310 |    135 | 2020-03-01 21:59:00.5 |       13.1305 |       18.2074 |       12.2162 |            4.4413 |            1.9364 |            4.9235 |            0.9149
 34310 |    136 | 2020-03-01 21:59:12.5 |        13.109 |       18.2079 |       11.0001 |            3.9995 |            1.7365 |            4.4466 |            0.8175
 34310 |    137 | 2020-03-01 21:59:28.5 |       13.1322 |       18.2107 |       11.6104 |            4.2251 |            1.8383 |            4.6801 |            0.8669
 34310 |    138 | 2020-03-01 21:59:40.5 |       13.1243 |       18.2053 |       11.5931 |            4.2172 |            1.8332 |            4.6759 |            0.8668
 34310 |    139 | 2020-03-01 21:59:49   |       13.1295 |       18.2083 |        12.006 |             4.366 |             1.902 |             4.839 |             0.899
 34310 |    140 | 2020-03-01 21:59:58   |        13.132 |       18.2092 |         12.26 |             4.457 |             1.944 |              4.94 |             0.919
 34310 |    141 | 2020-03-01 22:00:06.5 |        13.118 |       18.2068 |       12.3709 |            4.4983 |            1.9613 |            4.9848 |            0.9265
 34310 |    142 | 2020-03-01 22:00:18.5 |       13.1293 |       18.2059 |       10.7216 |             3.899 |            1.6951 |            4.3328 |            0.7948
 34310 |    143 | 2020-03-01 22:00:31   |       13.1325 |       18.2077 |       11.6236 |             4.228 |              1.84 |             4.687 |            0.8687
 34310 |    144 | 2020-03-01 22:00:41   |        13.126 |        18.208 |        11.667 |             4.244 |             1.846 |             4.705 |             0.872
 34310 |    145 | 2020-03-01 22:00:51   |       13.1297 |       18.2074 |        12.113 |            4.4037 |            1.9202 |            4.8817 |            0.9074
 34310 |    146 | 2020-03-01 22:01:01   |       13.1368 |       18.2106 |       12.4446 |            4.5236 |            1.9764 |            5.0114 |            0.9332
 34310 |    147 | 2020-03-01 22:01:14.5 |       13.1149 |       18.2084 |       10.7254 |            3.9003 |            1.6924 |            4.3373 |            0.7954
 34310 |    148 | 2020-03-01 22:01:28   |       13.1333 |        18.208 |       11.5285 |            4.2021 |            1.8175 |            4.6532 |            0.8556
 34310 |    149 | 2020-03-01 22:01:38   |       13.1343 |       18.2112 |       11.4524 |            4.1638 |            1.8129 |            4.6197 |             0.856
 34310 |    150 | 2020-03-01 22:01:47.5 |       13.1299 |       18.2065 |        11.984 |            4.3572 |            1.8987 |            4.8305 |            0.8977
 34310 |    151 | 2020-03-01 22:01:57.5 |       13.1318 |       18.2078 |       12.2287 |            4.4454 |            1.9395 |            4.9269 |            0.9168
 34310 |    152 | 2020-03-01 22:02:10   |        13.125 |        18.208 |        12.055 |             4.382 |              1.91 |             4.861 |             0.902
 34310 |    153 | 2020-03-01 22:02:22.5 |       13.1313 |       18.2057 |       11.0972 |            4.0351 |            1.7551 |            4.4805 |            0.8265
 34310 |    154 | 2020-03-01 22:02:33   |       13.1315 |       18.2125 |        11.596 |              4.22 |             1.836 |             4.675 |             0.865
 34310 |    155 | 2020-03-01 22:02:43.5 |        13.128 |       18.2087 |       11.8269 |            4.3014 |             1.873 |            4.7681 |            0.8844
 34310 |    156 | 2020-03-01 22:02:57   |       13.1486 |       18.2097 |       12.3401 |            4.4859 |            1.9584 |            4.9697 |            0.9261
 34310 |    157 | 2020-03-01 22:03:12.5 |       13.1078 |       18.2082 |       11.1052 |            4.0382 |            1.7531 |            4.4885 |            0.8254
 34310 |    158 | 2020-03-01 22:03:22   |       13.1302 |       18.2074 |       11.1761 |            4.0637 |            1.7682 |            4.5119 |            0.8323
 34310 |    159 | 2020-03-01 22:03:30.5 |       13.1329 |       18.2125 |       11.4246 |            4.1621 |            1.8059 |            4.6054 |            0.8512
 34310 |    160 | 2020-03-01 22:03:39.5 |       13.1235 |        18.208 |       11.5391 |            4.1974 |            1.8248 |            4.6557 |            0.8611
 34310 |    161 | 2020-03-01 22:03:49   |       13.1315 |        18.207 |        12.082 |             4.393 |             1.915 |             4.869 |             0.905
 34310 |    162 | 2020-03-01 22:03:59   |       13.1324 |       18.1823 |       12.1696 |            4.4264 |            1.9284 |            4.9037 |             0.911
 34310 |    163 | 2020-03-01 22:04:12   |       13.1113 |       18.2073 |       11.4527 |             4.161 |            1.8126 |             4.624 |             0.855
 34310 |    164 | 2020-03-01 22:04:25   |        13.134 |        18.212 |        11.434 |             4.161 |              1.81 |             4.611 |             0.852
 34310 |    165 | 2020-03-01 22:04:35   |       13.1238 |        18.208 |        11.407 |            4.1496 |            1.8036 |             4.603 |            0.8508
 34310 |    166 | 2020-03-01 22:04:45   |       13.1284 |       18.2087 |        11.862 |             4.315 |            1.8781 |            4.7818 |            0.8872
 34310 |    167 | 2020-03-01 22:04:55   |       13.1348 |       18.2126 |       12.3802 |            4.5038 |            1.9634 |            4.9856 |            0.9273
 34310 |    168 | 2020-03-01 22:05:05   |       13.1305 |       18.2071 |       12.2759 |            4.4618 |            1.9466 |             4.947 |            0.9206
 34310 |    169 | 2020-03-01 22:05:18   |       13.1315 |        18.207 |        10.712 |             3.895 |             1.693 |             4.329 |             0.795
 34310 |    170 | 2020-03-01 22:05:31   |        13.127 |       18.2123 |       11.5551 |            4.2129 |            1.8211 |            4.6639 |            0.8572
 34310 |    171 | 2020-03-01 22:05:41   |        13.128 |       18.2075 |        11.768 |              4.28 |             1.863 |             4.745 |              0.88
 34310 |    172 | 2020-03-01 22:05:51   |       13.1334 |       18.2089 |        12.244 |            4.4532 |            1.9403 |            4.9325 |             0.918
 34310 |    173 | 2020-03-01 22:06:01   |       13.1338 |       18.2096 |       12.3321 |            4.4833 |            1.9561 |            4.9679 |            0.9248
 34310 |    174 | 2020-03-01 22:06:14.5 |        13.114 |       18.2089 |       10.7679 |            3.9162 |            1.6991 |            4.3534 |            0.7992
 34310 |    175 | 2020-03-01 22:06:30.5 |       13.1289 |       18.2113 |       11.4023 |            4.1494 |            1.8038 |            4.5989 |            0.8502
 34310 |    176 | 2020-03-01 22:06:42   |       13.1279 |       18.2078 |       11.7901 |            4.2881 |            1.8663 |            4.7539 |            0.8818
 34310 |    177 | 2020-03-01 22:06:51   |       13.1333 |       18.2094 |       12.2435 |            4.4531 |             1.941 |             4.932 |            0.9174
 34310 |    178 | 2020-03-01 22:07:00.5 |       13.1349 |       18.2128 |       12.3969 |            4.5083 |            1.9666 |            4.9929 |             0.929
 34310 |    179 | 2020-03-01 22:07:10.5 |       13.1218 |       18.2075 |       11.9591 |             4.347 |            1.8937 |             4.824 |            0.8943
 34310 |    180 | 2020-03-01 22:07:22   |        13.132 |       18.2088 |        11.132 |             4.048 |             1.761 |             4.494 |             0.829
 34310 |    181 | 2020-03-01 22:07:33   |       13.1211 |       18.2106 |       11.3111 |            4.1178 |            1.7864 |            4.5647 |            0.8422
 34310 |    182 | 2020-03-01 22:07:43   |       13.1288 |       18.2079 |       11.8283 |            4.3025 |            1.8727 |            4.7684 |            0.8848
 34310 |    183 | 2020-03-01 22:07:53   |       13.1176 |       18.2125 |       12.1146 |            4.4169 |            1.9093 |            4.8873 |            0.9011
 34310 |    184 | 2020-03-01 22:08:06   |       13.1291 |       18.2078 |        12.209 |            4.4383 |            1.9351 |            4.9214 |            0.9142
 34310 |    185 | 2020-03-01 22:08:19   |       13.1359 |       18.2104 |       10.8501 |            3.9455 |            1.7166 |            4.3827 |            0.8053
 34310 |    186 | 2020-03-01 22:08:29   |       13.1235 |       18.1927 |        11.165 |             4.069 |             1.759 |             4.508 |             0.829
 34310 |    187 | 2020-03-01 22:08:39.5 |       13.1291 |       18.2065 |        11.727 |            4.2648 |            1.8571 |            4.7285 |            0.8767
 34310 |    188 | 2020-03-01 22:08:49.5 |       13.1378 |       18.2119 |       12.1673 |            4.4242 |            1.9297 |            4.9012 |            0.9122
 34310 |    189 | 2020-03-01 22:08:59   |       13.1298 |       18.2141 |       11.8856 |            4.3266 |            1.8773 |            4.7942 |            0.8875
 34310 |    190 | 2020-03-01 22:09:12   |       13.1137 |       18.2075 |       11.4991 |            4.1808 |            1.8174 |            4.6435 |            0.8575
 34310 |    191 | 2020-03-01 22:09:25   |       13.1345 |       18.2116 |       11.4454 |            4.1634 |            1.8129 |            4.6155 |            0.8536
 34310 |    192 | 2020-03-01 22:09:35   |        13.128 |       18.2073 |       11.5456 |            4.1973 |            1.8282 |            4.6566 |            0.8634
 34310 |    193 | 2020-03-01 22:09:46   |       13.1295 |        18.208 |        11.915 |             4.333 |             1.887 |             4.803 |             0.892
 34310 |    194 | 2020-03-01 22:10:00   |       13.1247 |        18.207 |       11.9996 |            4.3623 |            1.9009 |            4.8391 |            0.8974
 34310 |    195 | 2020-03-01 22:10:12   |       13.1155 |       18.2061 |       11.6495 |            4.2348 |            1.8433 |            4.7021 |            0.8693
 34310 |    196 | 2020-03-01 22:10:21   |       13.0843 |       18.2169 |       11.1287 |            4.0562 |            1.7536 |            4.4974 |            0.8215
 34310 |    197 | 2020-03-01 22:10:31   |       13.1226 |       18.2081 |       11.2043 |             4.077 |            1.7703 |            4.5222 |            0.8348
 34310 |    198 | 2020-03-01 22:10:41   |       13.1294 |       18.2074 |       11.7953 |            4.2889 |            1.8679 |            4.7558 |            0.8826
 34310 |    199 | 2020-03-01 22:10:51   |       13.1362 |        18.212 |       12.2111 |            4.4418 |            1.9361 |             4.919 |            0.9142
 34310 |    200 | 2020-03-01 22:11:01   |       13.1247 |       18.2075 |       11.9794 |             4.356 |             1.897 |            4.8296 |            0.8968
 34310 |    201 | 2020-03-01 22:11:14   |       13.1085 |        18.208 |        11.127 |             4.046 |             1.756 |             4.497 |             0.828
 34310 |    202 | 2020-03-01 22:11:27   |       13.0779 |       18.1922 |       11.1316 |             4.061 |            1.7515 |            4.4968 |            0.8224
 34310 |    203 | 2020-03-01 22:11:37   |       13.1282 |       18.2082 |       11.6477 |            4.2377 |            1.8431 |            4.6968 |            0.8701
 34310 |    204 | 2020-03-01 22:11:47   |       13.1377 |        18.207 |       12.0314 |            4.3752 |            1.9071 |            4.8483 |            0.9009
 34310 |    205 | 2020-03-01 22:11:57   |       13.0995 |       18.2095 |        11.872 |            4.3191 |            1.8773 |            4.7887 |            0.8869
 34310 |    206 | 2020-03-01 22:12:09.5 |       13.1315 |       18.2056 |       12.3184 |            4.4766 |            1.9538 |            4.9648 |            0.9231
 34310 |    207 | 2020-03-01 22:12:23   |       13.1306 |       18.2107 |       10.9966 |            3.9994 |            1.7395 |            4.4396 |            0.8181
 34310 |    208 | 2020-03-01 22:12:33.5 |       13.1279 |       18.2087 |       11.4751 |            4.1743 |            1.8146 |            4.6293 |            0.8569
 34310 |    209 | 2020-03-01 22:12:43   |       13.1313 |       18.2072 |         11.94 |             4.343 |            1.8906 |            4.8124 |            0.8939
 34310 |    210 | 2020-03-01 22:12:53   |       13.1245 |       18.2004 |        11.951 |            4.3592 |            1.8825 |            4.8222 |            0.8871
 34310 |    211 | 2020-03-01 22:13:05   |       13.1276 |       18.2058 |       12.1375 |            4.4115 |            1.9245 |            4.8925 |             0.909
 34310 |    212 | 2020-03-01 22:13:19   |       13.1002 |       18.1989 |       10.5146 |            3.8378 |            1.6501 |             4.256 |            0.7707
 34310 |    213 | 2020-03-01 22:13:32   |       13.1273 |       18.2082 |        11.373 |            4.1374 |            1.7985 |            4.5882 |            0.8489
 34310 |    214 | 2020-03-01 22:13:43.5 |       13.1313 |        18.208 |       11.9605 |              4.35 |            1.8946 |            4.8204 |            0.8956
 34310 |    215 | 2020-03-01 22:13:52   |       13.1284 |       18.2104 |        11.907 |            4.3316 |            1.8857 |            4.7992 |            0.8906
 34310 |    216 | 2020-03-01 22:14:00   |       13.1272 |       18.2086 |       12.0364 |            4.3763 |             1.907 |            4.8526 |            0.9005
 34310 |    217 | 2020-03-01 22:14:11.5 |       13.1216 |       18.2105 |       12.0836 |            4.3933 |            1.9138 |            4.8722 |            0.9043
 34310 |    218 | 2020-03-01 22:14:24.5 |       13.1281 |       18.2111 |        11.118 |             4.045 |            1.7576 |             4.488 |            0.8274
 34310 |    219 | 2020-03-01 22:14:35   |       13.1299 |       18.2078 |       11.5928 |            4.2161 |            1.8343 |            4.6756 |            0.8668
 34310 |    220 | 2020-03-01 22:14:45   |       13.1458 |       18.2148 |       12.1323 |            4.4144 |            1.9237 |             4.888 |            0.9061
 34310 |    221 | 2020-03-01 22:14:55   |       13.1291 |       18.2101 |        11.827 |             4.299 |            1.8734 |            4.7687 |            0.8859
 34310 |    222 | 2020-03-01 22:15:05   |       13.1273 |       18.2095 |       12.1606 |            4.4224 |            1.9265 |            4.9026 |            0.9091
 34310 |    223 | 2020-03-01 22:15:18   |         13.07 |       18.2082 |        10.546 |              3.85 |             1.656 |             4.268 |             0.772
 34310 |    224 | 2020-03-01 22:15:31   |       13.1264 |        18.208 |       11.3002 |            4.1106 |            1.7864 |            4.5606 |            0.8425
 34310 |    225 | 2020-03-01 22:15:41   |       13.1313 |       18.2088 |       11.9252 |             4.338 |            1.8888 |            4.8056 |            0.8929
 34310 |    226 | 2020-03-01 22:15:51   |       13.0644 |       18.1985 |       11.7635 |            4.2914 |             1.849 |            4.7502 |            0.8729
 34310 |    227 | 2020-03-01 22:16:01   |        13.125 |       18.2076 |       12.0083 |            4.3662 |             1.902 |            4.8414 |            0.8986
 34310 |    228 | 2020-03-01 22:16:14   |        13.107 |       18.2075 |        11.282 |             4.103 |             1.781 |             4.558 |              0.84
 34310 |    229 | 2020-03-01 22:16:27   |       13.1258 |       18.2079 |        11.049 |            4.0193 |             1.746 |            4.4612 |            0.8225
 34310 |    230 | 2020-03-01 22:16:37   |        13.127 |       18.2052 |       11.5463 |            4.2002 |            1.8264 |            4.6574 |            0.8624
 34310 |    231 | 2020-03-01 22:16:47.5 |       13.1316 |       18.2062 |       12.0382 |            4.3772 |            1.9079 |            4.8517 |            0.9014
 34310 |    232 | 2020-03-01 22:17:00.5 |       13.1108 |       18.2164 |       12.3842 |            4.5103 |            1.9586 |            4.9925 |            0.9227
 34310 |    233 | 2020-03-01 22:17:11.5 |       13.1313 |       18.2084 |       12.3235 |            4.4787 |            1.9549 |            4.9658 |            0.9241
 34310 |    234 | 2020-03-01 22:17:21.5 |        13.125 |       18.2077 |       10.7513 |            3.9101 |            1.6979 |            4.3445 |            0.7987
 34310 |    235 | 2020-03-01 22:17:33   |       13.1045 |       18.2132 |       11.7411 |            4.2758 |            1.8555 |            4.7358 |            0.8741
 34310 |    236 | 2020-03-01 22:17:43   |       13.1065 |       18.2023 |       11.8456 |            4.3169 |            1.8684 |            4.7788 |            0.8815
 34310 |    237 | 2020-03-01 22:17:53   |       13.1297 |       18.2106 |       12.0443 |            4.3787 |            1.9092 |            4.8543 |             0.902
 34310 |    238 | 2020-03-01 22:18:05.5 |       13.1365 |       18.2112 |       12.0881 |             4.394 |            1.9183 |            4.8713 |            0.9044
 34310 |    239 | 2020-03-01 22:18:18.5 |       13.1216 |       18.2079 |       10.6143 |            3.8609 |            1.6751 |            4.2917 |            0.7867
 34310 |    240 | 2020-03-01 22:18:29   |       13.1298 |       18.2165 |       11.4406 |             4.176 |            1.7994 |            4.6193 |            0.8458
 34310 |    241 | 2020-03-01 22:18:39   |       13.1249 |        18.207 |       11.5518 |            4.2031 |            1.8274 |             4.659 |            0.8623
 34310 |    242 | 2020-03-01 22:18:49   |       13.1341 |       18.2083 |       12.0699 |            4.3886 |            1.9134 |            4.8633 |            0.9046
 34310 |    243 | 2020-03-01 22:18:59   |         13.09 |        18.195 |       12.0983 |            4.4162 |            1.9041 |            4.8821 |            0.8959
 34310 |    244 | 2020-03-01 22:19:11   |       13.1292 |       18.2081 |       12.3297 |             4.482 |            1.9551 |            4.9691 |            0.9234
 34310 |    245 | 2020-03-01 22:19:24.5 |       13.1324 |       18.2097 |       11.2435 |            4.0896 |             1.779 |            4.5369 |             0.838
 34310 |    246 | 2020-03-01 22:19:35   |       13.1252 |       18.2091 |        11.375 |            4.1403 |            1.7972 |            4.5894 |            0.8481
 34310 |    247 | 2020-03-01 22:19:44.5 |       13.1296 |       18.2066 |       11.8806 |             4.321 |            1.8812 |            4.7897 |            0.8887
 34310 |    248 | 2020-03-01 22:19:55   |       13.1321 |       18.2091 |       12.1768 |            4.4265 |            1.9305 |            4.9073 |            0.9124
 34310 |    249 | 2020-03-01 22:20:05   |       13.1166 |       18.2101 |       12.4123 |            4.5157 |            1.9665 |            5.0016 |            0.9285
 34310 |    250 | 2020-03-01 22:20:18   |       13.1196 |       18.2063 |       10.4057 |            3.7832 |            1.6419 |            4.2097 |             0.771
 34310 |    251 | 2020-03-01 22:20:32.5 |        13.124 |       18.2077 |       11.2389 |            4.0892 |            1.7765 |            4.5353 |            0.8378
 34310 |    252 | 2020-03-01 22:20:43   |       13.1245 |        18.207 |       11.6264 |            4.2288 |            1.8394 |            4.6897 |            0.8686
 34310 |    253 | 2020-03-01 22:20:53   |       13.1256 |       18.2079 |       12.2192 |            4.4544 |            1.9282 |            4.9285 |             0.908
 34310 |    254 | 2020-03-01 22:21:03   |       13.1314 |       18.2072 |       12.2952 |            4.4695 |            1.9502 |            4.9536 |            0.9219
 34310 |    255 | 2020-03-01 22:21:14.5 |       13.1083 |       18.2071 |       11.1967 |            4.0707 |            1.7676 |             4.525 |            0.8334
 34310 |    256 | 2020-03-01 22:21:26.5 |       13.1292 |       18.2075 |       11.1949 |            4.0724 |              1.77 |            4.5185 |            0.8339
 34310 |    257 | 2020-03-01 22:21:36.5 |       13.1126 |       18.1995 |       11.8001 |             4.303 |            1.8618 |             4.758 |            0.8773
 34310 |    258 | 2020-03-01 22:21:47   |       13.1278 |       18.2059 |       11.7053 |            4.2561 |            1.8536 |              4.72 |            0.8756
 34310 |    259 | 2020-03-01 22:21:57   |       13.1301 |       18.2056 |       12.1209 |            4.4057 |            1.9219 |            4.8852 |            0.9081
 34310 |    260 | 2020-03-01 22:22:06.5 |       13.1309 |       18.2064 |       12.2841 |            4.4658 |            1.9475 |            4.9511 |            0.9198
 34310 |    261 | 2020-03-01 22:22:19.5 |       13.1304 |       18.2083 |       10.5155 |            3.8245 |             1.661 |            4.2518 |            0.7782
 34310 |    262 | 2020-03-01 22:22:32.5 |       13.1375 |       18.2113 |       11.6691 |            4.2448 |            1.8488 |            4.7033 |            0.8722
 34310 |    263 | 2020-03-01 22:22:42   |        13.093 |       18.1907 |        11.721 |             4.278 |             1.844 |             4.731 |             0.868
 34310 |    264 | 2020-03-01 22:22:52.5 |       13.1279 |        18.206 |       12.0003 |            4.3636 |            1.9006 |            4.8377 |            0.8984
 34310 |    265 | 2020-03-01 22:23:04.5 |       13.1327 |       18.2109 |       12.3981 |            4.5081 |            1.9666 |            4.9936 |            0.9297
 34310 |    266 | 2020-03-01 22:23:17.5 |       13.1263 |       18.2079 |       10.5419 |            3.8321 |            1.6652 |            4.2633 |            0.7812
 34310 |    267 | 2020-03-01 22:23:29   |       13.1325 |       18.2082 |       11.4245 |            4.1557 |            1.8078 |            4.6083 |            0.8527
 34310 |    268 | 2020-03-01 22:23:39   |       13.1227 |       18.2071 |       11.6698 |            4.2492 |            1.8445 |            4.7062 |            0.8699
 34310 |    269 | 2020-03-01 22:23:49.5 |       13.1284 |       18.2081 |       11.8643 |             4.314 |            1.8784 |            4.7834 |            0.8884
 34310 |    270 | 2020-03-01 22:24:02   |       13.1325 |       18.2095 |        12.325 |             4.481 |             1.955 |             4.965 |             0.924
 34310 |    271 | 2020-03-01 22:24:13.5 |       13.1014 |       18.2059 |       11.5244 |            4.1915 |            1.8197 |            4.6539 |            0.8593
 34310 |    272 | 2020-03-01 22:24:24   |       13.1276 |       18.2078 |       11.0947 |            4.0356 |            1.7536 |            4.4799 |            0.8256
 34310 |    273 | 2020-03-01 22:24:35   |       13.0822 |       18.2147 |       11.7324 |            4.2817 |            1.8481 |            4.7331 |            0.8696
 34310 |    274 | 2020-03-01 22:24:44.5 |       13.1237 |       18.2073 |       11.6675 |            4.2437 |            1.8457 |            4.7065 |            0.8716
 34310 |    275 | 2020-03-01 22:24:54   |        13.131 |       18.2075 |        12.123 |             4.408 |             1.921 |             4.886 |             0.908
 34310 |    276 | 2020-03-01 22:25:04.5 |       13.1305 |       18.2063 |       12.2212 |            4.4399 |            1.9398 |            4.9246 |             0.917
 34310 |    277 | 2020-03-01 22:25:18   |        13.128 |       18.2085 |        10.483 |             3.812 |             1.656 |             4.239 |             0.776
 34310 |    278 | 2020-03-01 22:25:31   |       13.1366 |       18.2098 |       11.6396 |            4.2347 |            1.8438 |            4.6917 |            0.8695
 34310 |    279 | 2020-03-01 22:25:41   |       13.1171 |       18.2092 |       11.6085 |            4.2259 |            1.8338 |            4.6838 |            0.8649
 34310 |    280 | 2020-03-01 22:25:51   |       13.1299 |       18.2076 |        11.997 |            4.3618 |            1.9009 |            4.8359 |            0.8984
 34310 |    281 | 2020-03-01 22:26:01   |       13.1309 |       18.2078 |       12.2396 |            4.4501 |              1.94 |            4.9324 |             0.917
 34310 |    282 | 2020-03-01 22:26:14   |       13.1125 |        18.208 |        11.534 |             4.194 |             1.823 |             4.657 |              0.86
 34310 |    283 | 2020-03-01 22:26:27   |       13.1341 |       18.2096 |        11.201 |            4.0745 |            1.7723 |            4.5199 |            0.8343
 34310 |    284 | 2020-03-01 22:26:36.5 |       13.0915 |       18.1858 |       11.4435 |            4.1741 |            1.8002 |            4.6199 |            0.8493
 34310 |    285 | 2020-03-01 22:26:47   |       13.1285 |       18.2064 |       11.8546 |            4.3114 |            1.8767 |            4.7798 |            0.8867
 34310 |    286 | 2020-03-01 22:26:56.5 |       13.1306 |       18.2101 |       12.2431 |            4.4534 |             1.941 |             4.932 |            0.9167
 34310 |    287 | 2020-03-01 22:27:07   |       13.0659 |       18.1944 |       12.0185 |            4.3821 |            1.8919 |            4.8512 |            0.8933
 34310 |    288 | 2020-03-01 22:27:20   |       13.1336 |       18.2075 |       10.6866 |            3.8852 |            1.6894 |             4.319 |            0.7931
 34310 |    289 | 2020-03-01 22:27:34.5 |       13.0944 |       18.1911 |       11.6403 |            4.2475 |            1.8318 |            4.6982 |            0.8627
 34310 |    290 | 2020-03-01 22:27:44.5 |       13.1262 |       18.2078 |       11.7562 |            4.2757 |              1.86 |            4.7411 |            0.8794
 34310 |    291 | 2020-03-01 22:27:53.5 |       13.1317 |       18.2079 |       12.1618 |            4.4221 |            1.9281 |            4.9005 |            0.9111
 34310 |    292 | 2020-03-01 22:28:06   |       13.1255 |       18.2182 |        12.376 |             4.513 |             1.952 |             4.991 |              0.92
 34310 |    293 | 2020-03-01 22:28:18.5 |       13.1322 |       18.2069 |       10.5812 |             3.847 |             1.673 |            4.2767 |            0.7845
 34310 |    294 | 2020-03-01 22:28:28   |        13.106 |       18.2021 |       11.4218 |            4.1636 |             1.801 |            4.6093 |            0.8479
 34310 |    295 | 2020-03-01 22:28:38   |       13.1245 |       18.2075 |        11.436 |              4.16 |             1.808 |             4.614 |             0.854
 34310 |    296 | 2020-03-01 22:28:48.5 |       13.1293 |       18.2048 |       11.9379 |            4.3398 |             1.891 |            4.8131 |             0.894
 34310 |    297 | 2020-03-01 22:28:59   |       13.1322 |       18.2081 |        12.224 |            4.4438 |            1.9387 |            4.9248 |            0.9166
 34310 |    298 | 2020-03-01 22:29:11   |       13.1215 |       18.2078 |       12.0284 |            4.3716 |            1.9054 |            4.8507 |            0.9008
 34310 |    299 | 2020-03-01 22:29:23.5 |       13.1297 |       18.2082 |       11.1183 |            4.0434 |            1.7586 |            4.4883 |            0.8279
 34310 |    300 | 2020-03-01 22:29:34   |       13.1325 |        18.212 |        11.542 |               4.2 |             1.827 |             4.654 |             0.861
 34310 |    301 | 2020-03-01 22:29:44.5 |       13.1282 |       18.2079 |       11.7936 |            4.2895 |            1.8674 |            4.7546 |            0.8821
 34310 |    302 | 2020-03-01 22:29:54.5 |       13.1296 |       18.2072 |       12.1967 |            4.4364 |            1.9318 |             4.915 |            0.9135
 34310 |    303 | 2020-03-01 22:30:04.5 |       13.1297 |       18.2082 |       12.1244 |            4.4053 |            1.9226 |            4.8868 |            0.9097
 34310 |    304 | 2020-03-01 22:30:17.5 |       13.1278 |        18.206 |       10.6021 |            3.8543 |            1.6749 |            4.2872 |            0.7856
 34310 |    305 | 2020-03-01 22:30:30.5 |       13.0886 |       18.1838 |       11.3605 |            4.1416 |            1.7894 |            4.5862 |            0.8433
 34310 |    306 | 2020-03-01 22:30:41   |       13.1257 |       18.2111 |       11.6199 |            4.2254 |             1.839 |            4.6876 |            0.8679
 34310 |    307 | 2020-03-01 22:30:55   |       13.1286 |       18.2069 |       12.1289 |             4.411 |            1.9216 |            4.8886 |            0.9078
 34310 |    308 | 2020-03-01 22:31:08   |       13.1259 |       18.2084 |       12.0388 |            4.3767 |            1.9073 |            4.8538 |            0.9009
 34310 |    309 | 2020-03-01 22:31:17   |        13.127 |       18.2085 |       10.7602 |            3.9116 |            1.7012 |            4.3495 |             0.798
 34310 |    310 | 2020-03-01 22:31:26.5 |       13.1274 |       18.2063 |       11.0919 |            4.0354 |            1.7524 |            4.4783 |            0.8258
 34310 |    311 | 2020-03-01 22:31:36.5 |        13.126 |       18.2114 |       11.4996 |            4.1854 |            1.8184 |             4.639 |            0.8568
 34310 |    312 | 2020-03-01 22:31:46   |       13.1275 |       18.2082 |        11.804 |             4.293 |             1.869 |             4.759 |             0.883
 34310 |    313 | 2020-03-01 22:31:56.5 |       13.1261 |        18.216 |        12.233 |            4.4596 |            1.9299 |            4.9327 |            0.9108
 34310 |    314 | 2020-03-01 22:32:06.5 |       13.0931 |       18.2157 |       12.2094 |            4.4498 |            1.9262 |            4.9267 |            0.9067
 34310 |    315 | 2020-03-01 22:32:19   |       13.1348 |       18.2095 |       10.6453 |            3.8705 |            1.6832 |            4.3023 |            0.7893
 34310 |    316 | 2020-03-01 22:32:32.5 |       13.0791 |       18.2131 |        11.304 |            4.1226 |            1.7774 |            4.5659 |            0.8381
 34310 |    317 | 2020-03-01 22:32:42.5 |       13.1245 |       18.2081 |       11.6375 |            4.2335 |             1.841 |            4.6932 |            0.8698
 34310 |    318 | 2020-03-01 22:32:52   |       13.1317 |        18.208 |       12.1252 |            4.4096 |            1.9216 |             4.886 |             0.908
 34310 |    319 | 2020-03-01 22:33:04.5 |       13.0693 |       18.1944 |       12.1169 |            4.4224 |            1.9049 |            4.8912 |            0.8983
 34310 |    320 | 2020-03-01 22:33:17.5 |       13.1294 |       18.2089 |       10.6898 |            3.8876 |            1.6894 |            4.3206 |            0.7922
 34310 |    321 | 2020-03-01 22:33:28   |       13.1337 |       18.2108 |       11.3382 |            4.1254 |            1.7937 |            4.5737 |            0.8453
 34310 |    322 | 2020-03-01 22:33:38   |       13.1255 |       18.2072 |        11.475 |             4.174 |             1.815 |             4.629 |             0.857
 34310 |    323 | 2020-03-01 22:33:48   |       13.1294 |       18.2071 |       11.9361 |            4.3405 |            1.8908 |            4.8112 |            0.8936
 34310 |    324 | 2020-03-01 22:33:58   |       13.1335 |       18.2107 |        12.317 |             4.479 |             1.954 |             4.961 |             0.923
 34310 |    325 | 2020-03-01 22:34:10   |        13.128 |       18.2082 |        12.189 |              4.43 |             1.932 |             4.914 |             0.913
 34310 |    326 | 2020-03-01 22:34:25.5 |       13.1322 |       18.2085 |       11.2838 |            4.1038 |            1.7849 |            4.5536 |            0.8415
 34310 |    327 | 2020-03-01 22:34:38.5 |       13.1269 |       18.2084 |       11.5599 |            4.2049 |            1.8289 |            4.6628 |            0.8633
 34310 |    328 | 2020-03-01 22:34:48   |       13.1302 |        18.206 |        11.983 |            4.3578 |             1.898 |            4.8305 |            0.8967
 34310 |    329 | 2020-03-01 22:34:57   |       13.1196 |       18.2125 |       12.3379 |            4.4952 |            1.9485 |            4.9752 |             0.919
 34310 |    330 | 2020-03-01 22:35:06   |       13.1317 |       18.2067 |       12.2755 |            4.4614 |            1.9469 |            4.9469 |            0.9202
 34310 |    331 | 2020-03-01 22:35:17.5 |       13.1292 |       18.2079 |       10.6552 |            3.8736 |            1.6846 |            4.3076 |            0.7894
 34310 |    332 | 2020-03-01 22:35:30   |        13.132 |       18.1632 |        11.323 |             4.126 |             1.787 |             4.568 |             0.842
 34310 |    333 | 2020-03-01 22:35:40   |       13.1279 |       18.2054 |       11.6317 |            4.2295 |            1.8422 |              4.69 |              0.87
 34310 |    334 | 2020-03-01 22:35:50.5 |       13.1344 |       18.2105 |       12.1707 |            4.4265 |            1.9297 |            4.9026 |            0.9119
 34310 |    335 | 2020-03-01 22:36:00.5 |       13.1197 |       18.2117 |       12.3137 |            4.4827 |            1.9488 |            4.9627 |            0.9196
 34310 |    336 | 2020-03-01 22:36:12.5 |       13.1175 |       18.2074 |       11.9428 |             4.341 |            1.8903 |            4.8181 |            0.8935
 34310 |    337 | 2020-03-01 22:36:25.5 |        13.136 |       18.2123 |       11.3652 |            4.1342 |            1.7994 |            4.5842 |            0.8473
 34310 |    338 | 2020-03-01 22:36:36.5 |       13.1283 |       18.2087 |       11.4385 |              4.16 |            1.8102 |            4.6139 |            0.8544
 34310 |    339 | 2020-03-01 22:36:46.5 |        13.134 |       18.2064 |       11.9463 |            4.3441 |            1.8924 |             4.815 |            0.8947
 34310 |    340 | 2020-03-01 22:36:56   |       13.0639 |       18.2027 |       12.0739 |            4.3969 |            1.9077 |            4.8679 |            0.9014
 34310 |    341 | 2020-03-01 22:37:06   |       13.1265 |       18.2075 |        12.061 |             4.385 |             1.911 |             4.862 |             0.903
 34310 |    342 | 2020-03-01 22:37:19   |       13.1336 |       18.1973 |       10.5033 |            3.8264 |            1.6538 |            4.2491 |             0.774
 34310 |    343 | 2020-03-01 22:37:32   |       13.0987 |       18.2008 |       11.2478 |            4.1014 |            1.7691 |            4.5433 |             0.834
 34310 |    344 | 2020-03-01 22:37:43   |       13.1312 |        18.206 |       11.8579 |            4.3123 |            1.8782 |            4.7798 |            0.8876
 34310 |    345 | 2020-03-01 22:37:59   |       13.1224 |       18.2113 |       11.8346 |            4.3085 |            1.8717 |            4.7702 |            0.8842
 34310 |    346 | 2020-03-01 22:38:13   |       13.1171 |       18.2089 |       11.9487 |            4.3422 |            1.8928 |            4.8197 |             0.894
 34310 |    347 | 2020-03-01 22:38:21.5 |       13.0667 |       18.1987 |       10.8519 |            3.9621 |             1.701 |            4.3903 |            0.7986
 34310 |    348 | 2020-03-01 22:38:30   |        13.125 |       18.2077 |        11.122 |             4.047 |             1.757 |              4.49 |             0.828
 34310 |    349 | 2020-03-01 22:38:38.5 |       13.1291 |        18.208 |       11.6498 |            4.2377 |            1.8438 |            4.6975 |            0.8708
 34310 |    350 | 2020-03-01 22:38:48   |       13.1285 |       18.2126 |       12.0648 |            4.3963 |            1.9057 |            4.8633 |            0.8995
 34310 |    351 | 2020-03-01 22:38:58   |        13.125 |       18.2077 |        11.892 |             4.325 |             1.883 |             4.795 |             0.889
 34310 |    352 | 2020-03-01 22:39:08   |       13.1306 |       18.2072 |       12.2367 |            4.4471 |            1.9406 |            4.9318 |            0.9171
 34310 |    353 | 2020-03-01 22:39:21   |       13.1388 |       18.2128 |       10.7015 |            3.8907 |            1.6936 |            4.3232 |            0.7939
 34310 |    354 | 2020-03-01 22:39:34   |        13.127 |       18.2075 |        11.398 |             4.146 |             1.802 |             4.599 |             0.851
 34310 |    355 | 2020-03-01 22:39:44   |       13.1292 |       18.2079 |       11.9342 |            4.3407 |            1.8903 |            4.8098 |            0.8935
 34310 |    356 | 2020-03-01 22:39:54   |        13.047 |       18.2175 |        11.838 |             4.318 |             1.861 |             4.779 |              0.88
 34310 |    357 | 2020-03-01 22:40:04   |       13.1285 |        18.192 |       12.2066 |            4.4393 |            1.9336 |            4.9201 |            0.9136
 34310 |    358 | 2020-03-01 22:40:17   |       13.0681 |       18.1924 |       10.7043 |             3.902 |            1.6811 |            4.3331 |            0.7879
 34310 |    359 | 2020-03-01 22:40:30   |        13.126 |       18.2073 |         11.17 |             4.063 |             1.766 |             4.509 |             0.832
 34310 |    360 | 2020-03-01 22:40:40   |        13.131 |       18.2068 |       11.7923 |            4.2887 |            1.8676 |            4.7539 |            0.8821
 34310 |    361 | 2020-03-01 22:40:50   |       13.1325 |        18.209 |         12.12 |             4.408 |             1.921 |             4.883 |             0.908
 34310 |    362 | 2020-03-01 22:41:00   |       13.1242 |       18.2074 |       11.8667 |            4.3136 |            1.8793 |            4.7867 |            0.8871
 34310 |    363 | 2020-03-01 22:41:12   |       13.1251 |        18.208 |       12.2431 |            4.4477 |            1.9422 |            4.9346 |            0.9185
 34310 |    364 | 2020-03-01 22:41:27.5 |       13.1181 |       18.2093 |       11.2367 |             4.099 |            1.7673 |            4.5387 |            0.8318
 34310 |    365 | 2020-03-01 22:41:40.5 |       13.1315 |       18.2067 |       11.8072 |            4.2946 |            1.8693 |              4.76 |            0.8833
 34310 |    366 | 2020-03-01 22:41:49   |       13.1338 |       18.2122 |       12.0311 |            4.3757 |            1.9073 |            4.8477 |            0.9004
 34310 |    367 | 2020-03-01 22:41:58.5 |       13.1266 |       18.2079 |       11.9681 |            4.3511 |             1.896 |            4.8255 |            0.8954
 34310 |    368 | 2020-03-01 22:42:08.5 |       13.1307 |       18.2073 |       12.2667 |            4.4582 |            1.9457 |            4.9433 |            0.9194
 34310 |    369 | 2020-03-01 22:42:20   |       13.1209 |       18.2122 |       10.4081 |            3.7887 |            1.6413 |            4.2084 |            0.7697
 34310 |    370 | 2020-03-01 22:42:32   |       13.1284 |       18.2081 |       11.3591 |            4.1319 |            1.7968 |            4.5827 |            0.8477
 34310 |    371 | 2020-03-01 22:42:42   |        13.133 |       18.2097 |         11.93 |              4.34 |              1.89 |             4.807 |             0.893
 34310 |    372 | 2020-03-01 22:42:52   |       13.1287 |       18.2091 |       11.8702 |            4.3173 |            1.8805 |            4.7844 |             0.888
 34310 |    373 | 2020-03-01 22:43:04   |       13.1263 |       18.2074 |       12.0565 |            4.3829 |            1.9107 |            4.8604 |            0.9024
 34310 |    374 | 2020-03-01 22:43:17   |       13.1229 |       18.2077 |       10.6843 |            3.8935 |            1.6809 |            4.3237 |            0.7862
 34310 |    375 | 2020-03-01 22:43:27.5 |       13.1256 |       18.2083 |       11.0073 |            4.0025 |            1.7401 |            4.4448 |            0.8198
 34310 |    376 | 2020-03-01 22:43:37.5 |       13.1308 |       18.2078 |       11.7163 |            4.2625 |            1.8544 |            4.7235 |            0.8758
 34310 |    377 | 2020-03-01 22:43:47   |       13.1072 |       18.2133 |       11.9336 |            4.3539 |            1.8783 |            4.8149 |            0.8865
 34310 |    378 | 2020-03-01 22:43:57   |        13.125 |       18.2077 |       11.9295 |            4.3379 |            1.8891 |            4.8096 |            0.8929
 34310 |    379 | 2020-03-01 22:44:07.5 |       13.1317 |       18.2067 |       12.3128 |            4.4757 |             1.953 |            4.9613 |            0.9227
 34310 |    380 | 2020-03-01 22:44:21   |         13.12 |        18.208 |       10.4313 |            3.7937 |            1.6452 |            4.2198 |            0.7725
 34310 |    381 | 2020-03-01 22:44:34   |       13.1295 |       18.2082 |        11.495 |             4.181 |             1.819 |             4.636 |             0.859
 34310 |    382 | 2020-03-01 22:44:44   |       13.1376 |       18.2116 |       12.0402 |            4.3778 |            1.9095 |            4.8503 |            0.9026
 34310 |    383 | 2020-03-01 22:44:57.5 |       13.1283 |       18.2072 |       11.9862 |             4.358 |            1.8989 |            4.8322 |            0.8971
 34310 |    384 | 2020-03-01 22:45:10.5 |       13.1336 |       18.2127 |       12.4695 |            4.5332 |            1.9789 |            5.0225 |            0.9349
 34310 |    385 | 2020-03-01 22:45:20   |       13.1149 |       18.1995 |       10.2142 |            3.7154 |            1.6095 |            4.1345 |            0.7548
 34310 |    386 | 2020-03-01 22:45:30   |        13.128 |       18.2077 |        11.255 |             4.094 |              1.78 |             4.542 |             0.839
 34310 |    387 | 2020-03-01 22:45:39.5 |        13.135 |       18.2101 |       11.7705 |            4.2817 |            1.8641 |            4.7463 |            0.8784
 34310 |    388 | 2020-03-01 22:45:49.5 |       13.1249 |       18.2086 |       11.7529 |            4.2737 |            1.8607 |            4.7405 |            0.8779
 34310 |    389 | 2020-03-01 22:46:00   |       13.1282 |       18.2076 |       12.0755 |            4.3903 |            1.9139 |            4.8676 |            0.9037
 34310 |    390 | 2020-03-01 22:46:12   |       13.1288 |       18.2077 |       12.3288 |            4.4812 |            1.9552 |            4.9682 |            0.9243
 34310 |    391 | 2020-03-01 22:46:25   |       13.1276 |       18.2073 |       10.9597 |            3.9864 |            1.7319 |            4.4261 |            0.8153
 34310 |    392 | 2020-03-01 22:46:36   |        13.132 |       18.2083 |       11.6991 |             4.256 |            1.8526 |             4.716 |            0.8745
 34310 |    393 | 2020-03-01 22:46:46   |        13.133 |       18.2115 |        11.871 |             4.318 |             1.881 |             4.784 |             0.888
 34310 |    394 | 2020-03-01 22:46:56   |       13.1283 |       18.2077 |       11.9806 |            4.3553 |            1.8986 |            4.8288 |            0.8979
 34310 |    395 | 2020-03-01 22:47:06   |        13.132 |       18.2085 |        12.325 |              4.48 |             1.955 |             4.966 |             0.924
 34310 |    396 | 2020-03-01 22:47:19   |       13.1099 |       18.2077 |       10.2107 |             3.714 |            1.6082 |            4.1346 |             0.754
 34310 |    397 | 2020-03-01 22:47:32   |       13.1312 |       18.2059 |       11.4643 |            4.1693 |            1.8149 |            4.6243 |            0.8559
 34310 |    398 | 2020-03-01 22:47:42   |       13.1365 |       18.2117 |        11.989 |             4.363 |               1.9 |             4.831 |             0.895
 34310 |    399 | 2020-03-01 22:47:52   |       13.1274 |        18.208 |       11.8871 |            4.3228 |            1.8823 |             4.793 |             0.889
 34310 |    400 | 2020-03-01 22:48:04   |       13.1302 |        18.206 |        12.229 |            4.4453 |            1.9392 |            4.9282 |            0.9164
 34310 |    401 | 2020-03-01 22:48:17.5 |       13.1085 |       18.2076 |       10.4622 |            3.8048 |            1.6485 |            4.2342 |            0.7746
 34310 |    402 | 2020-03-01 22:48:31   |       13.1322 |       18.2074 |       11.4405 |              4.16 |            1.8112 |            4.6152 |            0.8541
 34310 |    403 | 2020-03-01 22:48:42   |        13.133 |        18.212 |        11.768 |             4.282 |             1.864 |             4.743 |             0.879
 34310 |    404 | 2020-03-01 22:48:51   |       13.1273 |       18.2082 |       11.8542 |             4.311 |            1.8768 |            4.7794 |             0.887
 34310 |    405 | 2020-03-01 22:49:00   |       13.1304 |       18.2058 |       12.1623 |            4.4211 |            1.9279 |            4.9022 |             0.911
 34310 |    406 | 2020-03-01 22:49:09   |       13.1335 |       18.2117 |       12.2541 |            4.4559 |            1.9435 |            4.9371 |            0.9177
 34310 |    407 | 2020-03-01 22:49:21.5 |       13.1243 |       18.2073 |        10.636 |            3.8685 |            1.6793 |            4.2999 |            0.7883
 34310 |    408 | 2020-03-01 22:49:34   |        13.132 |       18.2092 |        11.629 |             4.231 |             1.841 |             4.688 |             0.869
 34310 |    409 | 2020-03-01 22:49:44   |       13.1297 |       18.2087 |       11.6814 |            4.2479 |            1.8506 |            4.7093 |            0.8737
 34310 |    410 | 2020-03-01 22:49:54   |       13.1295 |       18.2077 |        11.995 |             4.362 |               1.9 |             4.835 |             0.898
 34310 |    411 | 2020-03-01 22:50:04   |       13.1242 |       18.2069 |       11.9363 |            4.3392 |            1.8907 |            4.8136 |            0.8928
 34310 |    412 | 2020-03-01 22:50:17   |       13.1096 |       18.2073 |       10.5369 |            3.8319 |            1.6614 |            4.2632 |            0.7804
 34310 |    413 | 2020-03-01 22:50:30   |       13.1305 |        18.206 |        11.363 |             4.133 |             1.797 |             4.585 |             0.848
 34310 |    414 | 2020-03-01 22:50:40   |       13.0883 |       18.2122 |       11.7595 |            4.2928 |            1.8492 |            4.7478 |            0.8698
 34310 |    415 | 2020-03-01 22:50:50   |        13.127 |        18.208 |        11.857 |             4.312 |             1.878 |              4.78 |             0.887
 34310 |    416 | 2020-03-01 22:51:00   |       13.1308 |       18.2078 |       12.1885 |            4.4309 |            1.9322 |            4.9118 |            0.9136
 34310 |    417 | 2020-03-01 22:51:12   |       13.1307 |       18.2088 |       12.3075 |            4.4733 |            1.9522 |            4.9597 |            0.9222
 34310 |    418 | 2020-03-01 22:51:25   |        13.131 |        18.206 |       11.0798 |            4.0293 |            1.7518 |            4.4744 |            0.8243
 34310 |    419 | 2020-03-01 22:51:36   |       13.1361 |       18.2117 |       11.6931 |            4.2564 |            1.8508 |            4.7143 |            0.8717
 34310 |    420 | 2020-03-01 22:51:46.5 |       13.0098 |       18.1981 |        11.691 |            4.2643 |            1.8396 |            4.7185 |            0.8687
 34310 |    421 | 2020-03-01 22:52:00.5 |       13.1304 |       18.2073 |       12.1296 |            4.4111 |            1.9212 |            4.8888 |            0.9085
 34310 |    422 | 2020-03-01 22:52:13   |       13.1273 |       18.2047 |       12.2929 |            4.4721 |            1.9466 |             4.955 |            0.9192
 34310 |    423 | 2020-03-01 22:52:22   |       13.1285 |       18.2075 |        10.819 |             3.934 |              1.71 |             4.371 |             0.804
 34310 |    424 | 2020-03-01 22:52:32   |       13.1309 |       18.2076 |       11.5333 |            4.1955 |            1.8253 |            4.6509 |            0.8616
 34310 |    425 | 2020-03-01 22:52:42   |       13.1035 |       18.2005 |        11.622 |             4.243 |             1.826 |             4.692 |             0.861
 34310 |    426 | 2020-03-01 22:52:52   |       13.1279 |       18.2064 |       11.9604 |            4.3502 |            1.8938 |            4.8218 |            0.8946
 34310 |    427 | 2020-03-01 22:53:04   |       13.1347 |        18.211 |        12.442 |             4.524 |            1.9745 |            5.0106 |            0.9329
 34310 |    428 | 2020-03-01 22:53:17   |       13.1102 |        18.208 |       10.7385 |            3.9048 |            1.6936 |            4.3434 |            0.7967
 34310 |    429 | 2020-03-01 22:53:28   |        13.131 |       18.2078 |       11.2969 |            4.1092 |            1.7867 |            4.5583 |            0.8428
 34310 |    430 | 2020-03-01 22:53:38   |        13.133 |       18.2122 |        11.647 |             4.238 |             1.844 |             4.695 |              0.87
 34310 |    431 | 2020-03-01 22:53:48   |        13.127 |       18.2078 |       11.7973 |            4.2891 |            1.8688 |            4.7559 |            0.8834
 34310 |    432 | 2020-03-01 22:53:58   |        13.132 |       18.2088 |        12.235 |             4.448 |              1.94 |              4.93 |             0.917
 34310 |    433 | 2020-03-01 22:54:08   |       13.1315 |       18.2078 |       12.2519 |            4.4533 |            1.9432 |            4.9372 |            0.9183
 34310 |    434 | 2020-03-01 22:54:21   |       13.1227 |       18.2077 |       10.5915 |            3.8524 |            1.6718 |            4.2823 |             0.785
 34310 |    435 | 2020-03-01 22:54:34   |       13.1345 |        18.211 |        11.712 |             4.262 |             1.855 |             4.721 |             0.874
 34310 |    436 | 2020-03-01 22:54:44   |        13.131 |        18.207 |       11.6181 |            4.2252 |            1.8386 |            4.6854 |            0.8689
 34310 |    437 | 2020-03-01 22:54:54   |        13.131 |       18.2065 |          12.1 |               4.4 |             1.918 |             4.876 |             0.906
 34310 |    438 | 2020-03-01 22:55:04   |       13.1283 |       18.2076 |       12.1323 |            4.4103 |             1.923 |            4.8905 |            0.9086
 34310 |    439 | 2020-03-01 22:55:17.5 |       13.1085 |       18.2079 |       10.5442 |            3.8347 |             1.662 |            4.2672 |            0.7803
 34310 |    440 | 2020-03-01 22:55:32   |       13.1332 |       18.2091 |       11.6155 |            4.2316 |            1.8335 |            4.6864 |            0.8639
 34310 |    441 | 2020-03-01 22:55:42.5 |       13.1271 |       18.2072 |       11.5419 |            4.1978 |            1.8253 |            4.6563 |            0.8625
 34310 |    442 | 2020-03-01 22:55:51.5 |       13.1302 |       18.2067 |       11.9961 |            4.3623 |            1.9004 |             4.835 |            0.8984
 34310 |    443 | 2020-03-01 22:56:00.5 |       13.1318 |       18.2087 |       12.2536 |            4.4553 |             1.943 |             4.937 |            0.9183
 34310 |    444 | 2020-03-01 22:56:12   |       13.1276 |       18.2085 |       12.2387 |            4.4488 |            1.9403 |            4.9326 |             0.917
 34310 |    445 | 2020-03-01 22:56:25   |       13.1324 |       18.2078 |       11.1337 |            4.0489 |            1.7611 |             4.495 |            0.8288
 34310 |    446 | 2020-03-01 22:56:36   |       13.1281 |       18.2094 |       11.3879 |            4.1433 |            1.8008 |            4.5941 |            0.8497
 34310 |    447 | 2020-03-01 22:56:46   |       13.1275 |       18.2082 |        11.781 |             4.285 |             1.865 |              4.75 |             0.881
 34310 |    448 | 2020-03-01 22:56:56   |       13.1397 |       18.2087 |       12.2007 |            4.4361 |            1.9349 |            4.9147 |             0.915
 34310 |    449 | 2020-03-01 22:57:06.5 |       13.1367 |       18.2104 |       12.1664 |            4.4236 |            1.9302 |            4.9021 |            0.9105
 34310 |    450 | 2020-03-01 22:57:19.5 |       13.1131 |       18.2067 |       10.3991 |            3.7822 |            1.6394 |            4.2083 |            0.7692
 34310 |    451 | 2020-03-01 22:57:32   |       13.1198 |       18.2028 |       11.4987 |            4.1902 |            1.8158 |            4.6391 |            0.8536
 34310 |    452 | 2020-03-01 22:57:42   |        13.126 |       18.2072 |        11.605 |             4.222 |             1.836 |              4.68 |             0.867
 34310 |    453 | 2020-03-01 22:57:52   |       13.1339 |       18.2057 |       12.0777 |             4.391 |            1.9151 |            4.8659 |            0.9057
 34310 |    454 | 2020-03-01 22:58:04   |       13.1302 |       18.2073 |       12.1168 |            4.4039 |            1.9216 |            4.8829 |            0.9084
 34310 |    455 | 2020-03-01 22:58:17   |       13.1107 |       18.2077 |       10.8026 |             3.928 |            1.7043 |            4.3688 |            0.8014
 34310 |    456 | 2020-03-01 22:58:28   |       13.1095 |       18.2013 |       11.2392 |            4.0972 |            1.7706 |            4.5392 |            0.8323
 34310 |    457 | 2020-03-01 22:58:38   |        13.124 |       18.2075 |        11.385 |             4.142 |               1.8 |             4.594 |             0.849
 34310 |    458 | 2020-03-01 22:58:49   |       13.1285 |       18.2072 |       11.9673 |            4.3522 |            1.8953 |            4.8237 |            0.8961
 34310 |    459 | 2020-03-01 22:59:02   |       13.1325 |       18.2105 |        12.124 |             4.409 |             1.922 |             4.885 |             0.908
 34310 |    460 | 2020-03-01 22:59:14   |        13.127 |       18.2082 |        12.166 |             4.422 |             1.929 |             4.904 |             0.911
 34310 |    461 | 2020-03-01 22:59:24.5 |       13.1335 |       18.2076 |       11.1421 |            4.0528 |            1.7624 |            4.4974 |            0.8296
 34310 |    462 | 2020-03-01 22:59:34.5 |       13.1224 |       18.1998 |       11.3324 |            4.1364 |            1.7803 |            4.5785 |            0.8373
 34310 |    463 | 2020-03-01 22:59:44   |        13.128 |       18.2076 |       11.7448 |            4.2722 |            1.8591 |            4.7357 |            0.8778
 34310 |    464 | 2020-03-01 22:59:54   |       13.1335 |       18.2102 |        12.207 |              4.44 |             1.935 |             4.917 |             0.915
 34310 |    465 | 2020-03-01 23:00:04   |       13.1347 |       18.2087 |       12.1589 |            4.4176 |            1.9287 |            4.9003 |            0.9123
 34310 |    466 | 2020-03-01 23:00:17   |       13.1148 |       18.2088 |       10.8189 |             3.933 |            1.7075 |            4.3746 |            0.8038
 34310 |    467 | 2020-03-01 23:00:30   |       13.1325 |       18.2103 |        11.256 |             4.096 |             1.781 |             4.541 |             0.838
 34310 |    468 | 2020-03-01 23:00:40   |        13.124 |        18.208 |       11.4673 |            4.1721 |            1.8134 |             4.626 |            0.8557
 34310 |    469 | 2020-03-01 23:00:50   |         13.13 |        18.206 |        11.987 |             4.359 |             1.899 |             4.831 |             0.898
 34310 |    470 | 2020-03-01 23:01:00   |       13.1405 |       18.2116 |       12.2217 |            4.4432 |            1.9397 |            4.9227 |            0.9162
 34310 |    471 | 2020-03-01 23:01:12.5 |       13.1359 |       18.2083 |       12.3563 |            4.4897 |            1.9612 |            4.9786 |            0.9268
 34310 |    472 | 2020-03-01 23:01:25   |       13.1289 |       18.2055 |       11.2225 |            4.0931 |            1.7667 |            4.5341 |            0.8285
 34310 |    473 | 2020-03-01 23:01:36   |        13.124 |       18.2071 |       11.3256 |            4.1216 |            1.7893 |            4.5701 |            0.8446
 34310 |    474 | 2020-03-01 23:01:46   |       13.1305 |       18.2067 |        11.897 |             4.327 |             1.884 |             4.796 |              0.89
 34310 |    475 | 2020-03-01 23:01:56   |       13.1229 |       18.2122 |       12.0559 |            4.3928 |            1.9029 |            4.8623 |            0.8979
 34310 |    476 | 2020-03-01 23:02:06.5 |       13.1334 |       18.2114 |         12.22 |            4.4446 |            1.9385 |            4.9233 |            0.9136
 34310 |    477 | 2020-03-01 23:02:20   |       13.1233 |       18.2071 |       10.5624 |            3.8395 |            1.6681 |            4.2712 |            0.7837
 34310 |    478 | 2020-03-01 23:02:33.5 |       13.1275 |       18.2083 |       11.2622 |             4.097 |            1.7799 |            4.5449 |            0.8405
 34310 |    479 | 2020-03-01 23:02:43   |       13.1284 |        18.207 |       11.7507 |            4.2742 |            1.8598 |            4.7381 |            0.8785
 34310 |    480 | 2020-03-01 23:02:52.5 |       13.0948 |       18.1994 |       12.1004 |            4.4088 |            1.9102 |            4.8793 |            0.9021
 34310 |    481 | 2020-03-01 23:03:05.5 |        13.128 |       18.2072 |       12.0511 |            4.3815 |            1.9093 |            4.8581 |            0.9022
 34310 |    482 | 2020-03-01 23:03:17   |       13.1109 |       18.2072 |       10.9592 |            3.9846 |            1.7298 |            4.4305 |            0.8143
 34310 |    483 | 2020-03-01 23:03:27.5 |       13.1192 |       18.2164 |       11.1015 |            4.0455 |            1.7508 |            4.4826 |            0.8226
 34310 |    484 | 2020-03-01 23:03:38   |       13.1255 |       18.2077 |        11.439 |             4.161 |             1.809 |             4.615 |             0.854
 34310 |    485 | 2020-03-01 23:03:48   |       13.1322 |       18.2095 |       12.0601 |            4.3863 |            1.9116 |            4.8595 |            0.9027
 34310 |    486 | 2020-03-01 23:03:58   |        13.124 |       18.2077 |        11.826 |             4.301 |             1.872 |             4.769 |             0.884
 34310 |    487 | 2020-03-01 23:04:08   |       13.1275 |       18.2066 |       12.0645 |            4.3834 |            1.9139 |            4.8634 |            0.9038
 34310 |    488 | 2020-03-01 23:04:21   |       13.1269 |       18.2098 |       10.8528 |            3.9468 |            1.7165 |            4.3832 |            0.8063
 34310 |    489 | 2020-03-01 23:04:34.5 |       13.1273 |        18.208 |       11.3804 |            4.1399 |            1.7994 |             4.592 |            0.8491
 34310 |    490 | 2020-03-01 23:04:44.5 |       13.1317 |        18.213 |       11.9287 |            4.3378 |              1.89 |            4.8076 |            0.8933
 34310 |    491 | 2020-03-01 23:04:54   |       13.1265 |       18.2127 |        11.928 |             4.352 |             1.878 |             4.813 |             0.885
 34310 |    492 | 2020-03-01 23:05:04   |        13.124 |       18.2149 |       12.3379 |            4.4949 |            1.9495 |            4.9749 |            0.9186
 34310 |    493 | 2020-03-01 23:05:17   |       13.1108 |       18.2081 |       11.0128 |            4.0045 |            1.7383 |            4.4518 |            0.8181
 34310 |    494 | 2020-03-01 23:05:32.5 |       13.1253 |       18.2075 |       11.1856 |             4.069 |            1.7676 |            4.5147 |            0.8343
(495 rows)

