  run  | subrun |         time          | step1_voltage | step2_voltage | total_current | pos_2step_current | pos_1step_current | neg_2step_current | neg_1step_current 
-------+--------+-----------------------+---------------+---------------+---------------+-------------------+-------------------+-------------------+-------------------
 34348 |      0 | 2020-03-03 10:18:02   |       13.1344 |       18.2124 |       12.5706 |            4.5665 |            1.9976 |            5.0657 |            0.9409
 34348 |      1 | 2020-03-03 10:18:12   |       13.1292 |        18.208 |       12.4173 |            4.5087 |            1.9716 |            5.0073 |            0.9297
 34348 |      2 | 2020-03-03 10:18:21.5 |       13.1351 |         18.21 |        12.673 |            4.6018 |             2.015 |            5.1056 |            0.9505
 34348 |      3 | 2020-03-03 10:18:31.5 |       13.1255 |       18.2076 |       12.2436 |            4.4453 |            1.9438 |            4.9384 |            0.9161
 34348 |      4 | 2020-03-03 10:18:45   |       13.1317 |       18.2085 |       12.5748 |            4.5655 |            1.9981 |            5.0684 |            0.9429
 34348 |      5 | 2020-03-03 10:18:58   |       13.1337 |       18.2123 |       12.4772 |            4.5316 |            1.9833 |            5.0284 |            0.9338
 34348 |      6 | 2020-03-03 10:19:07   |       13.1285 |       18.2087 |        12.412 |             4.507 |             1.971 |             5.005 |             0.929
 34348 |      7 | 2020-03-03 10:19:15.5 |       13.1318 |       18.2081 |       12.5638 |            4.5614 |            1.9962 |            5.0647 |            0.9415
 34348 |      8 | 2020-03-03 10:19:24   |       13.1314 |       18.2098 |       12.3887 |            4.4992 |            1.9677 |            4.9947 |            0.9271
 34348 |      9 | 2020-03-03 10:19:32   |       13.1273 |       18.2085 |       12.3486 |            4.4843 |            1.9605 |            4.9794 |            0.9245
 34348 |     10 | 2020-03-03 10:19:41   |       13.1321 |       18.2091 |       12.5811 |            4.5682 |            1.9988 |            5.0709 |            0.9433
 34348 |     11 | 2020-03-03 10:19:50.5 |       13.1336 |       18.2118 |       12.4838 |            4.5343 |            1.9831 |             5.032 |            0.9344
 34348 |     12 | 2020-03-03 10:20:00   |       13.1251 |       18.2082 |       12.2585 |            4.4517 |            1.9458 |            4.9445 |            0.9165
 34348 |     13 | 2020-03-03 10:20:09.5 |       13.1272 |       18.2082 |       12.3414 |            4.4814 |            1.9592 |             4.977 |            0.9238
 34348 |     14 | 2020-03-03 10:20:19   |       13.1305 |       18.2079 |       12.4766 |            4.5298 |            1.9817 |            5.0302 |            0.9349
 34348 |     15 | 2020-03-03 10:20:29   |       13.1266 |       18.2087 |       12.3065 |            4.4689 |             1.954 |            4.9625 |            0.9211
 34348 |     16 | 2020-03-03 10:20:38.5 |       13.1367 |       18.2102 |       12.5939 |            4.5719 |            2.0016 |            5.0755 |             0.945
 34348 |     17 | 2020-03-03 10:20:48   |       13.1407 |       18.2138 |       12.4718 |            4.5289 |            1.9833 |            5.0257 |            0.9339
 34348 |     18 | 2020-03-03 10:20:58   |       13.1262 |       18.2085 |         12.27 |            4.4554 |            1.9474 |            4.9494 |            0.9178
 34348 |     19 | 2020-03-03 10:21:08   |       13.1325 |       18.2086 |       12.5851 |            4.5697 |            1.9996 |            5.0726 |            0.9432
 34348 |     20 | 2020-03-03 10:21:17.5 |        13.131 |       18.2127 |       12.6559 |            4.5983 |            2.0106 |             5.101 |             0.946
 34348 |     21 | 2020-03-03 10:21:27   |       13.1285 |       18.2087 |        12.394 |               4.5 |             1.968 |             4.998 |             0.928
 34348 |     22 | 2020-03-03 10:21:37   |        13.132 |        18.209 |        12.597 |            4.5737 |            2.0016 |            5.0772 |            0.9445
 34348 |     23 | 2020-03-03 10:21:47   |       13.1245 |       18.2087 |        12.225 |             4.439 |              1.94 |             4.932 |             0.914
 34348 |     24 | 2020-03-03 10:21:56.5 |       13.1298 |       18.2074 |       12.4746 |            4.5287 |            1.9812 |            5.0302 |            0.9345
 34348 |     25 | 2020-03-03 10:22:11   |       13.1055 |        18.215 |        12.694 |             4.616 |             2.013 |             5.119 |             0.946
 34348 |     26 | 2020-03-03 10:22:25.5 |       13.1293 |        18.207 |       12.4993 |            4.5386 |            1.9852 |            5.0396 |             0.936
 34348 |     27 | 2020-03-03 10:22:34   |       13.0998 |       18.2005 |       12.5918 |            4.5838 |            1.9907 |            5.0803 |             0.937
 34348 |     28 | 2020-03-03 10:22:42.5 |       13.1263 |       18.2093 |       12.2362 |             4.443 |            1.9429 |            4.9353 |            0.9149
 34348 |     29 | 2020-03-03 10:22:51   |        13.129 |       18.2085 |        12.413 |             4.507 |             1.971 |             5.005 |              0.93
 34348 |     30 | 2020-03-03 10:23:03   |       13.0985 |        18.223 |        12.655 |             4.611 |                 2 |             5.104 |              0.94
 34348 |     31 | 2020-03-03 10:23:15.5 |       13.1275 |       18.2091 |         12.35 |             4.484 |            1.9613 |            4.9805 |            0.9242
 34348 |     32 | 2020-03-03 10:23:24   |       13.1342 |        18.208 |       12.5523 |            4.5566 |            1.9954 |            5.0591 |            0.9412
 34348 |     33 | 2020-03-03 10:23:32.5 |       13.1063 |       18.2023 |       12.5695 |            4.5785 |            1.9872 |            5.0679 |            0.9358
 34348 |     34 | 2020-03-03 10:23:41   |       13.1239 |       18.2074 |       12.2566 |            4.4505 |            1.9453 |            4.9438 |            0.9169
 34348 |     35 | 2020-03-03 10:23:49.5 |       13.1293 |       18.2056 |       12.4623 |            4.5241 |            1.9799 |            5.0249 |            0.9333
 34348 |     36 | 2020-03-03 10:23:58   |       13.1319 |       18.2087 |       12.5545 |            4.5577 |            1.9946 |            5.0613 |            0.9409
 34348 |     37 | 2020-03-03 10:24:06   |       13.1272 |       18.2092 |        12.333 |            4.4788 |            1.9577 |             4.974 |            0.9226
 34348 |     38 | 2020-03-03 10:24:14.5 |       13.1287 |       18.2085 |       12.3948 |            4.5012 |            1.9679 |            4.9978 |            0.9279
 34348 |     39 | 2020-03-03 10:24:23.5 |        13.131 |       18.2079 |       12.5341 |            4.5514 |            1.9911 |            5.0533 |            0.9383
 34348 |     40 | 2020-03-03 10:24:33.5 |       13.1314 |       18.2045 |       12.4933 |            4.5341 |            1.9862 |            5.0359 |            0.9371
 34348 |     41 | 2020-03-03 10:24:43.5 |        13.104 |       18.1979 |       12.5883 |            4.5814 |            1.9917 |            5.0768 |            0.9384
 34348 |     42 | 2020-03-03 10:24:53   |        13.126 |       18.2082 |        12.292 |             4.463 |             1.951 |             4.958 |              0.92
 34348 |     43 | 2020-03-03 10:25:03   |       13.1303 |       18.2085 |       12.4607 |            4.5242 |            1.9792 |            5.0233 |            0.9339
 34348 |     44 | 2020-03-03 10:25:13   |        13.134 |         18.21 |        12.639 |              4.59 |             2.009 |             5.093 |             0.947
 34348 |     45 | 2020-03-03 10:25:22.5 |        13.134 |       18.2101 |       12.2951 |            4.4623 |            1.9535 |            4.9581 |            0.9212
 34348 |     46 | 2020-03-03 10:25:33   |        13.132 |       18.2075 |        12.561 |             4.561 |             1.996 |             5.063 |             0.941
 34348 |     47 | 2020-03-03 10:25:46   |       13.0999 |       18.1997 |        12.303 |            4.4826 |            1.9418 |            4.9657 |            0.9129
 34348 |     48 | 2020-03-03 10:25:57   |       13.1295 |       18.2087 |        12.452 |             4.521 |             1.978 |             5.021 |             0.932
 34348 |     49 | 2020-03-03 10:26:05.5 |       13.1311 |       18.2076 |       12.5487 |            4.5555 |            1.9941 |            5.0586 |            0.9406
 34348 |     50 | 2020-03-03 10:26:14   |       13.1319 |       18.2115 |        12.413 |            4.5075 |            1.9726 |            5.0035 |            0.9295
 34348 |     51 | 2020-03-03 10:26:22.5 |       13.1296 |       18.2068 |       12.4454 |             4.519 |            1.9767 |            5.0179 |            0.9318
 34348 |     52 | 2020-03-03 10:26:31.5 |       13.1307 |       18.2096 |       12.6707 |             4.603 |            2.0134 |            5.1046 |            0.9497
 34348 |     53 | 2020-03-03 10:26:40.5 |       13.0684 |       18.1948 |       12.2636 |            4.4648 |            1.9356 |            4.9517 |            0.9115
 34348 |     54 | 2020-03-03 10:26:50.5 |       13.1325 |       18.2118 |       12.6016 |             4.577 |            2.0028 |            5.0781 |            0.9437
 34348 |     55 | 2020-03-03 10:27:01   |       13.1345 |       18.2112 |        12.678 |             4.605 |             2.015 |             5.108 |              0.95
 34348 |     56 | 2020-03-03 10:27:10.5 |       13.1233 |       18.2103 |       12.6571 |             4.599 |            2.0094 |            5.1016 |            0.9471
 34348 |     57 | 2020-03-03 10:27:20   |       13.1329 |       18.2145 |        12.569 |            4.5713 |            1.9921 |            5.0684 |            0.9372
 34348 |     58 | 2020-03-03 10:27:30   |       13.1342 |       18.2095 |       12.5334 |            4.5484 |            1.9933 |            5.0513 |            0.9404
 34348 |     59 | 2020-03-03 10:27:40   |        13.135 |       18.2086 |       12.3763 |            4.4915 |            1.9673 |            4.9901 |            0.9274
 34348 |     60 | 2020-03-03 10:27:49.5 |       13.1293 |       18.2085 |       12.3538 |            4.4844 |            1.9631 |            4.9812 |             0.925
 34348 |     61 | 2020-03-03 10:27:59   |       13.1265 |        18.208 |        12.295 |             4.464 |             1.952 |             4.959 |              0.92
 34348 |     62 | 2020-03-03 10:28:10   |        13.132 |       18.2086 |       12.6319 |            4.5873 |            2.0075 |            5.0906 |            0.9466
 34348 |     63 | 2020-03-03 10:28:20   |       13.1103 |       18.2036 |        12.346 |            4.4967 |            1.9496 |            4.9827 |             0.917
 34348 |     64 | 2020-03-03 10:28:29   |       13.1283 |       18.2085 |       12.4225 |            4.5112 |            1.9725 |            5.0086 |            0.9303
 34348 |     65 | 2020-03-03 10:28:39   |       13.1335 |       18.2102 |        12.623 |             4.584 |             2.006 |             5.087 |             0.946
 34348 |     66 | 2020-03-03 10:28:48.5 |       13.1181 |       18.2129 |       12.2456 |            4.4577 |            1.9336 |             4.944 |            0.9103
 34348 |     67 | 2020-03-03 10:28:58.5 |       13.1287 |       18.2081 |        12.428 |            4.5121 |            1.9741 |            5.0107 |            0.9311
 34348 |     68 | 2020-03-03 10:29:13   |        13.118 |       18.2109 |       12.4697 |            4.5373 |            1.9731 |              5.03 |            0.9292
 34348 |     69 | 2020-03-03 10:29:26   |       13.1285 |       18.2107 |       12.4063 |            4.5041 |            1.9703 |            5.0028 |            0.9291
 34348 |     70 | 2020-03-03 10:29:34.5 |       13.1357 |       18.2099 |       12.5889 |            4.5698 |             2.002 |            5.0725 |            0.9446
 34348 |     71 | 2020-03-03 10:29:43.5 |       13.1355 |       18.2123 |       12.4299 |            4.5138 |            1.9753 |              5.01 |            0.9309
 34348 |     72 | 2020-03-03 10:29:52   |       13.1276 |       18.2082 |        12.328 |            4.4766 |            1.9568 |            4.9716 |            0.9231
 34348 |     73 | 2020-03-03 10:30:00.5 |       13.1261 |       18.2082 |       12.2796 |             4.459 |            1.9493 |            4.9524 |            0.9188
 34348 |     74 | 2020-03-03 10:30:09   |       13.1323 |       18.2061 |       12.6057 |            4.5752 |            2.0045 |            5.0801 |            0.9459
 34348 |     75 | 2020-03-03 10:30:18   |       13.1142 |       18.2107 |       12.3625 |            4.5069 |            1.9492 |            4.9902 |            0.9161
 34348 |     76 | 2020-03-03 10:30:27   |       13.1305 |       18.2067 |        12.494 |             4.536 |             1.985 |             5.037 |             0.936
 34348 |     77 | 2020-03-03 10:30:36   |       13.1342 |        18.209 |       12.6477 |            4.5951 |            2.0094 |            5.0956 |            0.9475
 34348 |     78 | 2020-03-03 10:30:46   |        13.125 |       18.2089 |        12.247 |            4.4471 |            1.9438 |            4.9398 |            0.9163
 34348 |     79 | 2020-03-03 10:30:55.5 |       13.1295 |       18.2078 |        12.451 |            4.5218 |            1.9778 |            5.0191 |            0.9324
 34348 |     80 | 2020-03-03 10:31:05   |       13.1142 |       18.2149 |       12.6379 |            4.5949 |            2.0061 |            5.0941 |            0.9428
 34348 |     81 | 2020-03-03 10:31:15.5 |       13.1271 |       18.2088 |       12.3743 |            4.4938 |            1.9651 |            4.9898 |            0.9256
 34348 |     82 | 2020-03-03 10:31:25.5 |       13.1297 |       18.2074 |       12.5609 |             4.561 |            1.9953 |            5.0633 |            0.9413
 34348 |     83 | 2020-03-03 10:31:34.5 |       13.0766 |        18.201 |       12.4811 |            4.5472 |             1.972 |            5.0354 |            0.9264
 34348 |     84 | 2020-03-03 10:31:44.5 |       13.1263 |       18.2083 |       12.4062 |            4.5062 |            1.9693 |            5.0022 |            0.9286
 34348 |     85 | 2020-03-03 10:31:54.5 |       13.1323 |       18.2095 |       12.6051 |            4.5765 |            2.0034 |            5.0805 |            0.9447
 34348 |     86 | 2020-03-03 10:32:05   |       13.1295 |       18.2093 |       12.4669 |            4.5273 |            1.9803 |            5.0256 |            0.9337
 34348 |     87 | 2020-03-03 10:32:14.5 |       13.1291 |       18.2084 |       12.4481 |            4.5202 |            1.9774 |            5.0188 |            0.9317
 34348 |     88 | 2020-03-03 10:32:24   |       13.1318 |       18.2096 |       12.5226 |            4.5475 |            1.9893 |            5.0477 |            0.9382
 34348 |     89 | 2020-03-03 10:32:37.5 |       13.1341 |         18.21 |       12.6197 |            4.5816 |            2.0064 |            5.0857 |             0.946
 34348 |     90 | 2020-03-03 10:32:51.5 |       13.1307 |       18.2064 |       12.5001 |            4.5371 |            1.9867 |            5.0391 |            0.9372
 34348 |     91 | 2020-03-03 10:33:05   |       13.1244 |       18.2084 |       12.2105 |            4.4338 |            1.9373 |            4.9263 |            0.9131
 34348 |     92 | 2020-03-03 10:33:17   |       13.1455 |       18.2103 |       12.5571 |            4.5588 |            1.9957 |            5.0617 |            0.9409
 34348 |     93 | 2020-03-03 10:33:26   |       13.0844 |         18.21 |       12.4907 |            4.5477 |            1.9735 |            5.0419 |            0.9275
 34348 |     94 | 2020-03-03 10:33:35   |       13.1275 |       18.2075 |        12.352 |             4.486 |             1.961 |             4.981 |             0.924
 34348 |     95 | 2020-03-03 10:33:43.5 |       13.1308 |       18.2063 |       12.5247 |            4.5476 |            1.9894 |            5.0496 |            0.9381
 34348 |     96 | 2020-03-03 10:33:52   |       13.1319 |       18.2107 |       12.5863 |            4.5728 |            1.9976 |            5.0739 |             0.942
 34348 |     97 | 2020-03-03 10:34:01   |         13.13 |       18.2094 |       12.3527 |            4.4849 |            1.9624 |            4.9797 |            0.9257
 34348 |     98 | 2020-03-03 10:34:10   |       13.1285 |       18.2082 |       12.4013 |            4.5034 |            1.9691 |            5.0003 |            0.9286
 34348 |     99 | 2020-03-03 10:34:19   |       13.1307 |       18.2062 |       12.5237 |            4.5466 |            1.9898 |            5.0484 |             0.939
 34348 |    100 | 2020-03-03 10:34:28   |       13.1243 |       18.2077 |       12.2547 |              4.45 |             1.945 |            4.9431 |            0.9167
 34348 |    101 | 2020-03-03 10:34:36.5 |       13.1278 |       18.2072 |       12.4553 |            4.5226 |            1.9781 |             5.022 |            0.9327
 34348 |    102 | 2020-03-03 10:34:45   |       13.0975 |       18.2022 |       12.6379 |            4.5992 |            2.0011 |            5.0955 |            0.9422
 34348 |    103 | 2020-03-03 10:34:53   |       13.1362 |       18.2107 |       12.3213 |            4.4721 |            1.9578 |             4.968 |            0.9233
 34348 |    104 | 2020-03-03 10:35:02   |       13.1258 |       18.2081 |       12.2461 |            4.4468 |            1.9436 |            4.9394 |            0.9163
 34348 |    105 | 2020-03-03 10:35:11   |       13.1315 |        18.206 |        12.514 |             4.543 |             1.988 |             5.045 |             0.938
 34348 |    106 | 2020-03-03 10:35:20   |        13.138 |       18.2099 |       12.3911 |             4.499 |            1.9694 |            4.9944 |            0.9282
 34348 |    107 | 2020-03-03 10:35:30   |       13.1288 |        18.208 |       12.4053 |             4.505 |            1.9697 |            5.0017 |            0.9288
 34348 |    108 | 2020-03-03 10:35:40   |        13.137 |       18.2071 |       12.5893 |            4.5705 |            2.0007 |            5.0742 |            0.9438
 34348 |    109 | 2020-03-03 10:35:50   |       13.1172 |       18.2135 |       12.4953 |            4.5406 |            1.9842 |            5.0371 |            0.9333
 34348 |    110 | 2020-03-03 10:35:59.5 |       13.1331 |       18.2118 |        12.484 |            4.5341 |            1.9838 |            5.0314 |            0.9348
 34348 |    111 | 2020-03-03 10:36:12   |       13.1181 |       18.2112 |       12.6374 |             4.592 |            2.0062 |            5.0931 |            0.9462
 34348 |    112 | 2020-03-03 10:36:25.5 |       13.1272 |       18.2074 |       12.4025 |            4.5023 |            1.9704 |            5.0005 |            0.9293
 34348 |    113 | 2020-03-03 10:36:34   |       13.1328 |       18.2085 |       12.5741 |             4.566 |            1.9981 |            5.0679 |            0.9421
 34348 |    114 | 2020-03-03 10:36:43   |       13.1325 |       18.2115 |        12.489 |             4.537 |             1.984 |             5.034 |             0.934
 34348 |    115 | 2020-03-03 10:36:52   |       13.1269 |       18.2084 |       12.3421 |            4.4815 |             1.959 |            4.9775 |            0.9241
 34348 |    116 | 2020-03-03 10:37:01   |       13.1316 |       18.2073 |       12.5612 |            4.5605 |            1.9961 |             5.063 |            0.9416
 34348 |    117 | 2020-03-03 10:37:10   |       13.1342 |       18.2112 |       12.5192 |             4.547 |            1.9891 |            5.0458 |            0.9373
 34348 |    118 | 2020-03-03 10:37:19   |        13.126 |        18.208 |        12.303 |             4.467 |             1.953 |             4.962 |             0.921
 34348 |    119 | 2020-03-03 10:37:28.5 |       13.1313 |       18.2089 |       12.5199 |            4.5457 |            1.9889 |            5.0475 |            0.9379
 34348 |    120 | 2020-03-03 10:37:37.5 |       13.1346 |       18.2117 |       12.5766 |            4.5685 |            1.9987 |            5.0677 |            0.9417
 34348 |    121 | 2020-03-03 10:37:47   |        13.128 |       18.2077 |        12.361 |             4.488 |             1.963 |             4.985 |             0.925
 34348 |    122 | 2020-03-03 10:37:57.5 |       13.1318 |        18.206 |       12.5489 |            4.5567 |            1.9938 |            5.0585 |            0.9398
 34348 |    123 | 2020-03-03 10:38:09.5 |       13.1286 |       18.1919 |       12.3241 |            4.4786 |            1.9546 |            4.9697 |            0.9212
 34348 |    124 | 2020-03-03 10:38:20   |       13.1297 |       18.2072 |       12.4466 |            4.5185 |             1.977 |            5.0185 |            0.9326
 34348 |    125 | 2020-03-03 10:38:29   |       13.1344 |       18.2097 |        12.647 |            4.5914 |            2.0108 |            5.0959 |            0.9489
 34348 |    126 | 2020-03-03 10:38:38   |       13.1257 |       18.2104 |        12.285 |            4.4638 |            1.9477 |            4.9557 |            0.9179
 34348 |    127 | 2020-03-03 10:38:46.5 |       13.1289 |       18.2077 |       12.4455 |            4.5183 |            1.9763 |            5.0189 |            0.9321
 34348 |    128 | 2020-03-03 10:38:56.5 |       13.1198 |       18.2065 |       12.3252 |            4.4774 |            1.9549 |            4.9712 |            0.9217
 34348 |    129 | 2020-03-03 10:39:06   |       13.1312 |       18.2086 |       12.5686 |            4.5633 |            1.9972 |            5.0665 |            0.9416
 34348 |    130 | 2020-03-03 10:39:16   |       13.0556 |       18.2167 |       12.5393 |             4.563 |             1.983 |            5.0591 |            0.9342
 34348 |    131 | 2020-03-03 10:39:25.5 |       13.1257 |       18.2081 |       12.3645 |            4.4891 |            1.9636 |            4.9865 |            0.9252
 34348 |    132 | 2020-03-03 10:39:39.5 |       13.1031 |       18.2141 |       12.6915 |             4.616 |            2.0103 |            5.1186 |            0.9466
 34348 |    133 | 2020-03-03 10:39:53.5 |       13.1275 |       18.2086 |       12.3666 |            4.4907 |            1.9631 |             4.987 |             0.926
 34348 |    134 | 2020-03-03 10:40:02.5 |       13.1241 |       18.1981 |        12.211 |            4.4337 |            1.9378 |            4.9257 |            0.9138
 34348 |    135 | 2020-03-03 10:40:11   |       13.1295 |       18.2104 |       12.2905 |            4.4638 |            1.9507 |            4.9556 |            0.9204
 34348 |    136 | 2020-03-03 10:40:20   |        13.115 |        18.204 |        12.285 |            4.4653 |            1.9466 |            4.9567 |            0.9164
 34348 |    137 | 2020-03-03 10:40:29   |       13.1087 |       18.1966 |       12.3289 |            4.4921 |            1.9444 |            4.9776 |            0.9148
 34348 |    138 | 2020-03-03 10:40:37.5 |       13.1309 |       18.2072 |       12.5637 |            4.5622 |            1.9955 |            5.0641 |            0.9418
 34348 |    139 | 2020-03-03 10:40:46.5 |       13.1234 |       18.2114 |       12.2973 |            4.4715 |            1.9472 |            4.9618 |            0.9167
 34348 |    140 | 2020-03-03 10:40:55.5 |       13.1285 |       18.2076 |       12.3779 |            4.4922 |            1.9669 |            4.9912 |            0.9276
 34348 |    141 | 2020-03-03 10:41:05   |        13.132 |       18.2088 |        12.586 |              4.57 |                 2 |             5.073 |             0.943
 34348 |    142 | 2020-03-03 10:41:15   |       13.1278 |       18.2146 |       12.3049 |            4.4677 |            1.9541 |            4.9629 |            0.9203
 34348 |    143 | 2020-03-03 10:41:24.5 |       13.1308 |       18.2067 |       12.5107 |            4.5421 |            1.9877 |            5.0438 |            0.9371
 34348 |    144 | 2020-03-03 10:41:35   |       13.1093 |        18.215 |       12.6061 |            4.5826 |            2.0002 |            5.0826 |            0.9407
 34348 |    145 | 2020-03-03 10:41:45.5 |       13.1272 |       18.2083 |       12.3733 |            4.4934 |            1.9648 |            4.9888 |            0.9263
 34348 |    146 | 2020-03-03 10:41:55   |       13.1411 |        18.211 |       12.5849 |            4.5664 |            2.0018 |            5.0723 |            0.9445
 34348 |    147 | 2020-03-03 10:42:05   |        13.134 |       18.2108 |        12.653 |             4.595 |             2.011 |             5.098 |             0.949
 34348 |    148 | 2020-03-03 10:42:15   |       13.1335 |       18.2112 |        12.647 |             4.593 |              2.01 |             5.096 |             0.948
 34348 |    149 | 2020-03-03 10:42:25   |        13.134 |       18.2105 |        12.637 |             4.589 |             2.008 |             5.093 |             0.947
 34348 |    150 | 2020-03-03 10:42:34.5 |       13.1337 |       18.2083 |       12.5686 |            4.5636 |            1.9973 |            5.0658 |            0.9419
 34348 |    151 | 2020-03-03 10:42:44   |       13.1025 |       18.2018 |       12.4951 |            4.5446 |             1.978 |            5.0404 |             0.932
 34348 |    152 | 2020-03-03 10:42:54   |        13.137 |       18.2099 |       12.4517 |            4.5188 |            1.9789 |            5.0203 |            0.9338
 34348 |    153 | 2020-03-03 10:43:10.5 |       13.1334 |       18.2098 |       12.6367 |            4.5887 |            2.0077 |            5.0928 |            0.9475
 34348 |    154 | 2020-03-03 10:43:26.5 |       13.1293 |       18.2083 |       12.4464 |             4.519 |            1.9765 |            5.0186 |            0.9322
 34348 |    155 | 2020-03-03 10:43:35   |        13.131 |        18.207 |        12.532 |              4.55 |             1.991 |             5.052 |             0.939
 34348 |    156 | 2020-03-03 10:43:44   |       13.1261 |       18.2139 |       12.4028 |            4.5121 |            1.9627 |             5.006 |            0.9219
 34348 |    157 | 2020-03-03 10:43:53   |       13.1278 |       18.2085 |       12.3939 |            4.5001 |            1.9679 |            4.9985 |            0.9273
 34348 |    158 | 2020-03-03 10:44:01.5 |       13.1292 |       18.2091 |       12.4801 |            4.5298 |            1.9836 |            5.0308 |             0.936
 34348 |    159 | 2020-03-03 10:44:10.5 |        13.066 |       18.1988 |        12.496 |            4.5506 |            1.9719 |            5.0443 |            0.9293
 34348 |    160 | 2020-03-03 10:44:19   |        13.127 |       18.2077 |        12.346 |             4.483 |              1.96 |             4.979 |             0.924
 34348 |    161 | 2020-03-03 10:44:27.5 |       13.1317 |       18.2076 |       12.5577 |            4.5594 |            1.9956 |            5.0618 |            0.9408
 34348 |    162 | 2020-03-03 10:44:36   |        13.135 |       18.2112 |       12.6568 |            4.5969 |            2.0127 |            5.0983 |            0.9488
 34348 |    163 | 2020-03-03 10:44:45   |       13.1198 |        18.213 |       12.3107 |            4.4795 |            1.9459 |            4.9688 |            0.9165
 34348 |    164 | 2020-03-03 10:44:54.5 |       13.1315 |       18.2119 |       12.4272 |            4.5141 |            1.9743 |            5.0092 |            0.9295
 34348 |    165 | 2020-03-03 10:45:04.5 |       13.1209 |        18.207 |       12.2113 |            4.4367 |            1.9351 |            4.9263 |            0.9131
 34348 |    166 | 2020-03-03 10:45:14   |       13.1271 |        18.204 |       12.4924 |            4.5346 |             1.985 |            5.0362 |            0.9366
 34348 |    167 | 2020-03-03 10:45:24   |       13.1291 |       18.2098 |        12.285 |            4.4621 |              1.95 |            4.9555 |            0.9175
 34348 |    168 | 2020-03-03 10:45:34   |       13.1291 |       18.2081 |       12.4298 |            4.5133 |            1.9742 |            5.0115 |            0.9307
 34348 |    169 | 2020-03-03 10:45:44   |        13.132 |       18.2086 |       12.5843 |            4.5695 |            1.9997 |            5.0724 |            0.9428
 34348 |    170 | 2020-03-03 10:45:53.5 |       13.1244 |        18.208 |        12.188 |            4.4259 |            1.9343 |             4.917 |            0.9108
 34348 |    171 | 2020-03-03 10:46:03   |       13.1295 |       18.2088 |       12.4173 |            4.5087 |            1.9722 |            5.0067 |            0.9297
 34348 |    172 | 2020-03-03 10:46:13   |       13.1345 |       18.2107 |        12.663 |             4.599 |             2.013 |             5.102 |             0.949
 34348 |    173 | 2020-03-03 10:46:22.5 |       13.1307 |       18.2075 |       12.1573 |            4.4128 |            1.9303 |            4.9039 |            0.9103
 34348 |    174 | 2020-03-03 10:46:33.5 |        13.131 |       18.2052 |       12.5013 |            4.5386 |             1.986 |            5.0407 |             0.936
 34348 |    175 | 2020-03-03 10:46:46.5 |       13.0791 |       18.2062 |       12.3624 |             4.495 |            1.9583 |            4.9858 |            0.9232
 34348 |    176 | 2020-03-03 10:46:58.5 |       13.1258 |        18.208 |       12.4533 |            4.5216 |            1.9772 |            5.0219 |            0.9325
 34348 |    177 | 2020-03-03 10:47:07.5 |       13.1318 |        18.207 |       12.5322 |            4.5504 |            1.9912 |            5.0518 |            0.9388
 34348 |    178 | 2020-03-03 10:47:16.5 |       13.1257 |       18.2083 |       12.2728 |            4.4564 |             1.948 |            4.9505 |            0.9179
 34348 |    179 | 2020-03-03 10:47:25.5 |       13.1296 |       18.2085 |       12.4358 |            4.5151 |             1.975 |            5.0143 |            0.9314
 34348 |    180 | 2020-03-03 10:47:34   |       13.1336 |       18.2093 |       12.6187 |            4.5813 |            2.0053 |            5.0861 |             0.946
 34348 |    181 | 2020-03-03 10:47:43   |       13.1291 |       18.2082 |       12.3149 |            4.4704 |            1.9571 |            4.9651 |            0.9223
 34348 |    182 | 2020-03-03 10:47:52   |       13.1285 |        18.211 |       12.3781 |            4.4989 |            1.9618 |            4.9928 |            0.9245
 34348 |    183 | 2020-03-03 10:48:03.5 |       13.1333 |        18.209 |       12.6367 |            4.5887 |            2.0082 |             5.093 |            0.9468
 34348 |    184 | 2020-03-03 10:48:16   |       13.1279 |       18.2091 |       12.3402 |            4.4814 |            1.9591 |            4.9768 |             0.923
 34348 |    185 | 2020-03-03 10:48:24.5 |       13.1301 |       18.2081 |       12.4669 |            4.5279 |            1.9798 |            5.0259 |            0.9333
 34348 |    186 | 2020-03-03 10:48:32.5 |       13.1324 |       18.2111 |       12.6721 |            4.6028 |            2.0138 |            5.1064 |            0.9491
 34348 |    187 | 2020-03-03 10:48:41.5 |       13.1247 |       18.2077 |       12.2364 |            4.4438 |            1.9414 |             4.936 |            0.9152
 34348 |    188 | 2020-03-03 10:48:50.5 |       13.1282 |       18.2085 |       12.3773 |            4.4941 |            1.9649 |            4.9919 |            0.9265
 34348 |    189 | 2020-03-03 10:48:59.5 |       13.1319 |       18.2099 |       12.6762 |            4.6045 |            2.0144 |            5.1075 |            0.9498
 34348 |    190 | 2020-03-03 10:49:09   |       13.0845 |       18.2007 |        12.402 |             4.519 |             1.958 |             5.005 |              0.92
 34348 |    191 | 2020-03-03 10:49:19   |       13.1288 |       18.2062 |       12.4689 |            4.5279 |            1.9799 |            5.0275 |            0.9336
 34348 |    192 | 2020-03-03 10:49:29   |       13.1287 |       18.2078 |       12.4142 |            4.5073 |            1.9715 |            5.0061 |            0.9292
 34348 |    193 | 2020-03-03 10:49:38.5 |        13.124 |       18.2003 |       12.2165 |             4.436 |            1.9383 |            4.9289 |            0.9134
 34348 |    194 | 2020-03-03 10:49:48   |       13.1296 |       18.2077 |       12.4406 |            4.5173 |            1.9758 |            5.0158 |            0.9316
 34348 |    195 | 2020-03-03 10:49:58.5 |       13.1332 |       18.2106 |       12.5592 |            4.5613 |            1.9954 |            5.0618 |            0.9407
 34348 |    196 | 2020-03-03 10:50:12.5 |       13.1263 |       18.2146 |       12.3914 |            4.5086 |            1.9601 |            5.0009 |            0.9218
 34348 |    197 | 2020-03-03 10:50:25   |        13.133 |       18.2085 |        12.594 |             4.573 |             2.001 |             5.076 |             0.944
 34348 |    198 | 2020-03-03 10:50:33.5 |       13.1336 |       18.2119 |       12.4532 |            4.5233 |            1.9789 |            5.0195 |            0.9315
 34348 |    199 | 2020-03-03 10:50:42   |       13.1255 |        18.208 |        12.275 |             4.457 |             1.948 |             4.952 |             0.918
 34348 |    200 | 2020-03-03 10:50:50.5 |       13.1314 |       18.2084 |       12.5391 |            4.5525 |            1.9927 |            5.0542 |            0.9397
 34348 |    201 | 2020-03-03 10:50:59   |       13.1333 |       18.2118 |       12.4642 |            4.5276 |            1.9801 |            5.0236 |            0.9328
 34348 |    202 | 2020-03-03 10:51:07.5 |        13.127 |       18.2077 |       12.3221 |            4.4742 |            1.9559 |            4.9697 |            0.9223
 34348 |    203 | 2020-03-03 10:51:16.5 |       13.1312 |       18.2066 |       12.5073 |            4.5406 |            1.9868 |            5.0429 |             0.937
 34348 |    204 | 2020-03-03 10:51:26.5 |       13.1159 |       18.2028 |        12.407 |            4.5122 |            1.9656 |            5.0043 |            0.9249
 34348 |    205 | 2020-03-03 10:51:36.5 |       13.1278 |       18.2087 |       12.3319 |            4.4771 |            1.9579 |            4.9739 |            0.9231
 34348 |    206 | 2020-03-03 10:51:46.5 |       13.1292 |       18.2078 |       12.5625 |            4.5622 |            1.9953 |             5.064 |            0.9409
 34348 |    207 | 2020-03-03 10:51:56.5 |       13.0688 |       18.1992 |       12.3474 |            4.4971 |            1.9471 |            4.9853 |            0.9179
 34348 |    208 | 2020-03-03 10:52:06   |       13.1296 |       18.2093 |       12.4444 |            4.5185 |            1.9762 |             5.018 |            0.9317
 34348 |    209 | 2020-03-03 10:52:15.5 |       13.1263 |       18.2095 |       12.3235 |            4.4753 |            1.9558 |            4.9704 |            0.9219
 34348 |    210 | 2020-03-03 10:52:25   |       13.0675 |       18.2017 |        12.278 |             4.473 |             1.935 |             4.958 |             0.912
 34348 |    211 | 2020-03-03 10:52:35   |        13.142 |       18.2125 |        12.703 |             4.616 |             2.018 |              5.12 |             0.949
 34348 |    212 | 2020-03-03 10:52:45   |        13.132 |       18.2082 |        12.578 |             4.568 |             1.998 |              5.07 |             0.942
 34348 |    213 | 2020-03-03 10:52:55   |        13.132 |       18.2082 |        12.573 |             4.565 |             1.998 |             5.067 |             0.943
 34348 |    214 | 2020-03-03 10:53:06.5 |       13.1267 |       18.2111 |       12.4735 |            4.5418 |             1.972 |            5.0329 |            0.9268
 34348 |    215 | 2020-03-03 10:53:17.5 |       13.1279 |       18.2079 |       12.3047 |            4.4667 |            1.9543 |            4.9616 |            0.9221
 34348 |    216 | 2020-03-03 10:53:26   |       13.1477 |       18.2083 |       12.5751 |            4.5628 |            2.0005 |            5.0678 |             0.944
 34348 |    217 | 2020-03-03 10:53:40.5 |        13.122 |       18.2063 |       12.2509 |            4.4466 |            1.9455 |            4.9416 |            0.9171
 34348 |    218 | 2020-03-03 10:53:55.5 |       13.1331 |       18.2099 |       12.6072 |            4.5778 |            2.0032 |            5.0807 |            0.9455
 34348 |    219 | 2020-03-03 10:54:04.5 |       13.1314 |       18.2082 |       12.5446 |            4.5546 |            1.9926 |            5.0569 |            0.9404
 34348 |    220 | 2020-03-03 10:54:13   |       13.1294 |       18.2088 |       12.4314 |            4.5131 |            1.9745 |            5.0128 |             0.931
 34348 |    221 | 2020-03-03 10:54:21.5 |       13.1323 |       18.2085 |       12.5964 |            4.5748 |            2.0007 |            5.0773 |            0.9436
 34348 |    222 | 2020-03-03 10:54:30   |       13.1305 |       18.2144 |       12.5548 |            4.5673 |            1.9878 |            5.0652 |            0.9345
 34348 |    223 | 2020-03-03 10:54:39   |        13.127 |        18.208 |        12.337 |              4.48 |             1.959 |             4.975 |             0.923
 34348 |    224 | 2020-03-03 10:54:48   |       13.1306 |       18.2085 |       12.5117 |            4.5426 |            1.9876 |            5.0441 |            0.9374
 34348 |    225 | 2020-03-03 10:54:57   |       13.1325 |       18.2121 |       12.5755 |            4.5674 |            1.9984 |            5.0678 |            0.9419
 34348 |    226 | 2020-03-03 10:55:08   |       13.1335 |       18.2112 |        12.454 |             4.523 |             1.979 |              5.02 |             0.932
 34348 |    227 | 2020-03-03 10:55:20.5 |       13.1256 |       18.2078 |       12.2701 |            4.4557 |            1.9478 |            4.9488 |            0.9178
 34348 |    228 | 2020-03-03 10:55:33   |       13.1247 |       18.2079 |       12.2437 |            4.4455 |            1.9429 |            4.9392 |            0.9161
 34348 |    229 | 2020-03-03 10:55:45.5 |       13.1316 |       18.2086 |       12.5517 |            4.5576 |            1.9943 |             5.059 |            0.9408
 34348 |    230 | 2020-03-03 10:55:58   |       13.1333 |       18.2121 |       12.5729 |            4.5659 |            1.9979 |            5.0664 |            0.9426
 34348 |    231 | 2020-03-03 10:56:10.5 |       13.1305 |       18.2074 |       12.5007 |            4.5386 |            1.9858 |            5.0397 |            0.9367
 34348 |    232 | 2020-03-03 10:56:22   |       13.1339 |       18.2106 |       12.5078 |            4.5423 |            1.9874 |            5.0413 |            0.9368
 34348 |    233 | 2020-03-03 10:56:32   |       13.1346 |       18.2118 |       12.7393 |            4.6261 |            2.0257 |            5.1327 |            0.9548
 34348 |    234 | 2020-03-03 10:56:42   |       13.1245 |       18.2083 |       12.2375 |            4.4437 |            1.9424 |            4.9362 |            0.9152
 34348 |    235 | 2020-03-03 10:56:52   |       13.1298 |       18.2082 |       12.4576 |            4.5232 |             1.979 |            5.0223 |            0.9332
 34348 |    236 | 2020-03-03 10:57:03   |       13.1326 |       18.2131 |       12.5881 |            4.5723 |            1.9997 |            5.0731 |             0.943
 34348 |    237 | 2020-03-03 10:57:16.5 |       13.1162 |       18.2059 |       12.4023 |            4.5057 |            1.9672 |            5.0018 |            0.9276
 34348 |    238 | 2020-03-03 10:57:28.5 |       13.1319 |       18.2068 |       12.5707 |            4.5638 |            1.9973 |            5.0673 |            0.9424
 34348 |    239 | 2020-03-03 10:57:37.5 |        13.124 |       18.2129 |       12.2096 |            4.4386 |            1.9347 |            4.9239 |            0.9125
 34348 |    240 | 2020-03-03 10:57:46.5 |        13.129 |       18.2084 |       12.4247 |            4.5114 |            1.9733 |            5.0097 |            0.9303
 34348 |    241 | 2020-03-03 10:57:55   |       13.1317 |       18.2107 |       12.6211 |            4.5818 |             2.007 |            5.0853 |             0.947
 34348 |    242 | 2020-03-03 10:58:07   |       13.0897 |       18.2061 |       12.3313 |             4.485 |            1.9523 |            4.9754 |            0.9187
 34348 |    243 | 2020-03-03 10:58:19.5 |       13.1319 |       18.2069 |       12.5253 |            4.5474 |            1.9898 |            5.0496 |            0.9385
 34348 |    244 | 2020-03-03 10:58:28   |       13.1472 |       18.2114 |       12.5803 |             4.564 |            2.0025 |            5.0695 |            0.9443
 34348 |    245 | 2020-03-03 10:58:36.5 |       13.0992 |       18.2097 |       12.1789 |             4.433 |            1.9251 |            4.9137 |            0.9071
 34348 |    246 | 2020-03-03 10:58:45.5 |         13.13 |       18.2088 |        12.473 |            4.5287 |            1.9817 |            5.0278 |            0.9348
 34348 |    247 | 2020-03-03 10:58:54   |       13.1325 |       18.2087 |        12.603 |             4.577 |             2.002 |             5.079 |             0.945
 34348 |    248 | 2020-03-03 10:59:03   |       13.1243 |       18.2104 |       12.2413 |            4.4444 |            1.9427 |            4.9382 |             0.916
 34348 |    249 | 2020-03-03 10:59:12   |       13.1293 |       18.2061 |       12.4593 |            4.5232 |            1.9791 |            5.0233 |            0.9337
 34348 |    250 | 2020-03-03 10:59:21   |       13.1345 |       18.2113 |         12.67 |             4.602 |             2.014 |             5.104 |              0.95
 34348 |    251 | 2020-03-03 10:59:30.5 |       13.1339 |       18.2105 |       12.6358 |            4.5889 |            2.0083 |            5.0913 |            0.9473
 34348 |    252 | 2020-03-03 10:59:40   |        13.131 |       18.2066 |       12.4817 |            4.5315 |            1.9825 |            5.0323 |            0.9354
 34348 |    253 | 2020-03-03 10:59:49.5 |       13.1257 |       18.2108 |        12.652 |             4.595 |            2.0098 |            5.1002 |             0.947
 34348 |    254 | 2020-03-03 10:59:59   |       13.1316 |       18.2106 |       12.1897 |            4.4251 |            1.9352 |            4.9167 |            0.9127
 34348 |    255 | 2020-03-03 11:00:09   |       13.1337 |         18.21 |       12.4403 |            4.5179 |            1.9761 |            5.0141 |            0.9322
 34348 |    256 | 2020-03-03 11:00:18.5 |       13.1323 |       18.2076 |       12.5661 |            4.5621 |            1.9972 |             5.065 |            0.9419
 34348 |    257 | 2020-03-03 11:00:28.5 |       13.1275 |       18.2073 |        12.435 |            4.5244 |            1.9696 |            5.0171 |            0.9238
 34348 |    258 | 2020-03-03 11:00:42.5 |       13.1319 |       18.2083 |       12.5825 |            4.5682 |             1.999 |            5.0727 |            0.9427
 34348 |    259 | 2020-03-03 11:00:55   |       13.1149 |       18.2107 |       12.3294 |            4.4837 |            1.9516 |            4.9766 |            0.9175
 34348 |    260 | 2020-03-03 11:01:04   |       13.1285 |       18.2084 |       12.4234 |            4.5112 |             1.973 |            5.0092 |              0.93
 34348 |    261 | 2020-03-03 11:01:13   |       13.1302 |       18.2069 |       12.4985 |            4.5382 |            1.9851 |            5.0391 |            0.9361
 34348 |    262 | 2020-03-03 11:01:21   |       13.1335 |       18.2125 |        12.479 |             4.532 |             1.983 |              5.03 |             0.934
 34348 |    263 | 2020-03-03 11:01:29.5 |       13.1243 |       18.2076 |       12.1981 |             4.429 |            1.9348 |            4.9212 |            0.9131
 34348 |    264 | 2020-03-03 11:01:38.5 |       13.1307 |       18.2085 |       12.4818 |            4.5318 |            1.9822 |            5.0327 |            0.9351
 34348 |    265 | 2020-03-03 11:01:47.5 |       13.1311 |       18.2152 |       12.5844 |            4.5787 |            1.9931 |            5.0748 |            0.9378
 34348 |    266 | 2020-03-03 11:01:57.5 |       13.1287 |        18.208 |       12.4046 |            4.5047 |            1.9694 |            5.0019 |            0.9285
 34348 |    267 | 2020-03-03 11:02:07   |        13.126 |       18.2077 |        12.267 |             4.455 |             1.946 |             4.948 |             0.918
 34348 |    268 | 2020-03-03 11:02:16.5 |       13.0961 |       18.2135 |       12.4044 |            4.5103 |            1.9643 |            5.0056 |            0.9243
 34348 |    269 | 2020-03-03 11:02:26   |       13.1279 |       18.2097 |       12.3675 |             4.491 |            1.9638 |            4.9876 |            0.9251
 34348 |    270 | 2020-03-03 11:02:36   |        13.118 |       18.2183 |        12.302 |             4.482 |             1.939 |             4.968 |             0.913
 34348 |    271 | 2020-03-03 11:02:46   |       13.1335 |        18.211 |        12.445 |             4.519 |             1.977 |             5.017 |             0.932
 34348 |    272 | 2020-03-03 11:02:55.5 |       13.1234 |       18.2148 |       12.6683 |            4.6071 |            2.0084 |            5.1092 |            0.9436
 34348 |    273 | 2020-03-03 11:03:08   |       13.1286 |       18.2077 |       12.3888 |            4.4985 |            1.9672 |            4.9953 |            0.9278
 34348 |    274 | 2020-03-03 11:03:19.5 |       13.1305 |       18.2073 |       12.5219 |            4.5467 |            1.9888 |            5.0485 |            0.9379
 34348 |    275 | 2020-03-03 11:03:28   |       13.0994 |       18.2173 |       12.4029 |            4.5126 |            1.9632 |            5.0054 |            0.9217
 34348 |    276 | 2020-03-03 11:03:37   |       13.1288 |       18.2092 |       12.4098 |             4.506 |            1.9701 |            5.0044 |            0.9292
 34348 |    277 | 2020-03-03 11:03:46   |       13.1376 |       18.2111 |       12.6091 |            4.5771 |            2.0045 |            5.0819 |            0.9456
 34348 |    278 | 2020-03-03 11:03:55   |        13.137 |        18.213 |        12.489 |             4.539 |             1.983 |             5.036 |             0.931
 34348 |    279 | 2020-03-03 11:04:08   |       13.1285 |       18.2085 |        12.407 |             4.505 |              1.97 |             5.003 |             0.929
 34348 |    280 | 2020-03-03 11:04:22   |       13.1347 |       18.2111 |       12.7119 |            4.6167 |            2.0206 |            5.1217 |            0.9529
 34348 |    281 | 2020-03-03 11:04:31.5 |       13.1264 |       18.2076 |       12.3087 |            4.4686 |            1.9537 |            4.9649 |            0.9215
 34348 |    282 | 2020-03-03 11:04:40.5 |       13.1315 |       18.2079 |       12.5402 |            4.5526 |            1.9922 |            5.0558 |            0.9395
 34348 |    283 | 2020-03-03 11:04:49   |        13.127 |       18.2121 |        12.579 |            4.5824 |            1.9865 |            5.0763 |            0.9338
 34348 |    284 | 2020-03-03 11:04:57.5 |       13.1116 |       18.1983 |       12.3075 |            4.4744 |              1.95 |            4.9653 |            0.9178
 34348 |    285 | 2020-03-03 11:05:06   |       13.1288 |       18.2058 |       12.2883 |            4.4597 |            1.9516 |            4.9567 |            0.9203
 34348 |    286 | 2020-03-03 11:05:15   |       13.1008 |         18.22 |       12.6893 |            4.6139 |            2.0121 |            5.1168 |            0.9463
 34348 |    287 | 2020-03-03 11:05:24   |       13.1255 |       18.2087 |        12.256 |              4.45 |             1.945 |             4.944 |             0.917
 34348 |    288 | 2020-03-03 11:05:33   |       13.1288 |       18.2082 |       12.3986 |            4.5013 |            1.9687 |                 5 |            0.9286
 34348 |    289 | 2020-03-03 11:05:42.5 |       13.1338 |       18.2104 |       12.6674 |            4.6002 |             2.013 |            5.1046 |            0.9496
 34348 |    290 | 2020-03-03 11:05:52   |       13.1245 |       18.2082 |        12.222 |             4.438 |             1.939 |             4.931 |             0.914
 34348 |    291 | 2020-03-03 11:06:02   |       13.1304 |       18.2047 |        12.446 |            4.5191 |            1.9768 |             5.018 |             0.932
 34348 |    292 | 2020-03-03 11:06:12   |       13.1325 |       18.1932 |        12.423 |             4.516 |             1.972 |             5.005 |              0.93
 34348 |    293 | 2020-03-03 11:06:21.5 |       13.1281 |       18.1999 |       12.2837 |            4.4641 |            1.9478 |            4.9537 |            0.9181
 34348 |    294 | 2020-03-03 11:06:31   |       13.1315 |       18.2078 |        12.567 |             4.563 |             1.997 |             5.065 |             0.942
 34348 |    295 | 2020-03-03 11:06:41   |       13.1165 |        18.207 |       12.5732 |              4.57 |            1.9945 |             5.069 |            0.9397
 34348 |    296 | 2020-03-03 11:06:51   |       13.1285 |       18.2083 |        12.376 |             4.494 |             1.965 |             4.991 |             0.926
 34348 |    297 | 2020-03-03 11:07:00.5 |       13.1208 |       18.2156 |       12.1735 |            4.4316 |            1.9226 |            4.9143 |             0.905
 34348 |    298 | 2020-03-03 11:07:10.5 |       13.1287 |       18.2076 |       12.4006 |            4.5025 |            1.9686 |            5.0008 |            0.9287
 34348 |    299 | 2020-03-03 11:07:20.5 |       13.1258 |       18.2146 |       12.5861 |            4.5817 |            1.9896 |            5.0766 |            0.9382
 34348 |    300 | 2020-03-03 11:07:30.5 |       13.1249 |        18.208 |       12.2434 |            4.4466 |            1.9424 |            4.9382 |            0.9163
 34348 |    301 | 2020-03-03 11:07:44   |        13.131 |       18.2084 |       12.5695 |            4.5639 |            1.9962 |            5.0672 |            0.9422
 34348 |    302 | 2020-03-03 11:07:56   |       13.1004 |       18.2026 |       12.3089 |            4.4784 |            1.9471 |             4.967 |            0.9163
 34348 |    303 | 2020-03-03 11:08:08.5 |       13.1275 |       18.2083 |       12.3408 |            4.4806 |            1.9592 |            4.9771 |            0.9238
 34348 |    304 | 2020-03-03 11:08:21   |       13.1437 |       18.2125 |       12.5688 |            4.5676 |            1.9968 |            5.0664 |            0.9381
 34348 |    305 | 2020-03-03 11:08:29.5 |       13.1248 |       18.2079 |       12.2394 |            4.4431 |            1.9427 |            4.9377 |            0.9159
 34348 |    306 | 2020-03-03 11:08:38.5 |       13.1303 |       18.2067 |       12.5007 |            4.5387 |            1.9861 |            5.0399 |             0.936
 34348 |    307 | 2020-03-03 11:08:47   |       13.1341 |       18.2109 |       12.6386 |            4.5901 |             2.009 |            5.0927 |            0.9469
 34348 |    308 | 2020-03-03 11:08:56   |       13.1256 |        18.208 |       12.2602 |            4.4514 |            1.9457 |            4.9458 |            0.9173
 34348 |    309 | 2020-03-03 11:09:05   |       13.1305 |       18.2073 |       12.5193 |            4.5451 |            1.9889 |            5.0474 |            0.9379
 34348 |    310 | 2020-03-03 11:09:13.5 |       13.1338 |       18.2111 |       12.6696 |            4.6009 |            2.0132 |            5.1057 |            0.9498
 34348 |    311 | 2020-03-03 11:09:22.5 |       13.1248 |       18.2084 |       12.2563 |              4.45 |            1.9451 |            4.9443 |             0.917
 34348 |    312 | 2020-03-03 11:09:31   |        13.129 |       18.2082 |       12.4517 |            4.5212 |             1.977 |            5.0209 |            0.9326
 34348 |    313 | 2020-03-03 11:09:40   |       13.1334 |       18.2106 |       12.6624 |            4.5989 |            2.0123 |             5.103 |            0.9482
 34348 |    314 | 2020-03-03 11:09:48   |       13.1287 |       18.2099 |       12.3235 |            4.4753 |            1.9568 |            4.9696 |            0.9218
 34348 |    315 | 2020-03-03 11:09:57   |       13.1283 |       18.2083 |       12.4056 |            4.5041 |              1.97 |            5.0023 |            0.9291
 34348 |    316 | 2020-03-03 11:10:07   |       13.1235 |       18.2074 |       12.2028 |            4.4313 |            1.9361 |            4.9229 |            0.9125
 34348 |    317 | 2020-03-03 11:10:16.5 |       13.1285 |       18.2085 |       12.4005 |            4.5063 |            1.9675 |            4.9989 |            0.9278
 34348 |    318 | 2020-03-03 11:10:26.5 |       13.1287 |        18.208 |       12.3885 |            4.4974 |            1.9676 |            4.9957 |            0.9277
 34348 |    319 | 2020-03-03 11:10:36.5 |       13.1334 |       18.2099 |       12.6302 |            4.5865 |            2.0077 |            5.0901 |            0.9458
 34348 |    320 | 2020-03-03 11:10:46   |       13.1245 |       18.2075 |        12.224 |             4.439 |              1.94 |             4.931 |             0.914
 34348 |    321 | 2020-03-03 11:10:56   |       13.1299 |       18.2088 |       12.4579 |            4.5231 |            1.9787 |            5.0226 |            0.9335
 34348 |    322 | 2020-03-03 11:11:08   |       13.1324 |       18.2126 |       12.7226 |            4.6224 |            2.0213 |            5.1273 |            0.9516
 34348 |    323 | 2020-03-03 11:11:21   |       13.1263 |       18.2084 |       12.2957 |            4.4641 |            1.9517 |            4.9597 |            0.9202
 34348 |    324 | 2020-03-03 11:11:31   |       13.1358 |       18.2103 |       12.6072 |            4.5766 |            2.0042 |             5.081 |            0.9453
 34348 |    325 | 2020-03-03 11:11:40   |       13.0973 |       18.1989 |       12.3962 |            4.5097 |            1.9611 |            5.0022 |            0.9232
 34348 |    326 | 2020-03-03 11:11:49   |       13.1272 |       18.2083 |       12.4088 |            4.5055 |              1.97 |            5.0035 |            0.9297
 34348 |    327 | 2020-03-03 11:11:56   |       13.1313 |       18.2073 |       12.5355 |            4.5508 |            1.9915 |             5.054 |            0.9392
 34348 |    328 | 2020-03-03 11:12:04   |       13.1332 |       18.2112 |       12.5407 |            4.5543 |            1.9926 |            5.0545 |            0.9392
 34348 |    329 | 2020-03-03 11:12:14   |        13.124 |       18.2085 |        12.222 |             4.438 |             1.939 |             4.931 |             0.914
 34348 |    330 | 2020-03-03 11:12:24   |        13.132 |       18.2082 |       12.5526 |            4.5576 |            1.9944 |            5.0603 |            0.9403
 34348 |    331 | 2020-03-03 11:12:34   |        13.133 |       18.2115 |        12.451 |             4.521 |             1.978 |              5.02 |             0.932
 34348 |    332 | 2020-03-03 11:12:43.5 |        13.128 |       18.2077 |       12.3723 |            4.4912 |             1.965 |            4.9895 |            0.9265
 34348 |    333 | 2020-03-03 11:12:53   |       13.1321 |       18.2076 |        12.555 |            4.5589 |            1.9946 |            5.0606 |            0.9409
 34348 |    334 | 2020-03-03 11:13:04   |       13.1117 |       18.1871 |       12.3981 |            4.5138 |            1.9616 |            4.9995 |            0.9233
 34348 |    335 | 2020-03-03 11:13:14   |       13.1285 |        18.208 |        12.413 |             4.507 |             1.971 |             5.005 |              0.93
 34348 |    336 | 2020-03-03 11:13:23   |       13.1343 |       18.2083 |       12.5446 |            4.5542 |            1.9934 |             5.057 |              0.94
 34348 |    337 | 2020-03-03 11:13:33   |       13.1123 |       18.2049 |       12.3055 |            4.4722 |            1.9504 |            4.9642 |            0.9188
 34348 |    338 | 2020-03-03 11:13:42.5 |        13.129 |       18.2079 |       12.4274 |            4.5131 |            1.9735 |            5.0105 |            0.9303
 34348 |    339 | 2020-03-03 11:13:52   |       13.1331 |       18.2083 |       12.5857 |            4.5696 |            1.9997 |            5.0731 |            0.9433
 34348 |    340 | 2020-03-03 11:14:02   |        13.142 |       18.2115 |        12.497 |             4.541 |             1.986 |             5.037 |             0.933
 34348 |    341 | 2020-03-03 11:14:12   |       13.1293 |       18.2088 |       12.3904 |            4.4992 |            1.9675 |            4.9965 |            0.9272
 34348 |    342 | 2020-03-03 11:14:21.5 |       13.1379 |       18.2108 |       12.6192 |            4.5815 |             2.006 |            5.0851 |            0.9466
 34348 |    343 | 2020-03-03 11:14:32   |       13.1138 |       18.2009 |       12.3143 |            4.4782 |            1.9494 |            4.9687 |             0.918
 34348 |    344 | 2020-03-03 11:14:45.5 |       13.1276 |       18.2073 |       12.4465 |            4.5181 |            1.9766 |            5.0189 |            0.9329
 34348 |    345 | 2020-03-03 11:14:58.5 |       13.1419 |       18.2141 |       12.4982 |            4.5387 |             1.987 |            5.0365 |             0.936
 34348 |    346 | 2020-03-03 11:15:06.5 |       13.1269 |       18.2148 |       12.4025 |            4.5177 |            1.9588 |            5.0055 |            0.9206
 34348 |    347 | 2020-03-03 11:15:14.5 |       13.1303 |       18.2078 |       12.4856 |            4.5338 |            1.9827 |            5.0333 |            0.9358
 34348 |    348 | 2020-03-03 11:15:23.5 |       13.1336 |       18.1911 |       12.4409 |            4.5217 |            1.9741 |            5.0152 |            0.9299
 34348 |    349 | 2020-03-03 11:15:32   |       13.1251 |       18.2135 |        12.252 |            4.4488 |             1.945 |            4.9416 |            0.9166
 34348 |    350 | 2020-03-03 11:15:41   |       13.1308 |       18.2071 |       12.5145 |            4.5429 |            1.9882 |            5.0457 |            0.9377
 34348 |    351 | 2020-03-03 11:15:50.5 |        13.126 |        18.211 |       12.4467 |            4.5214 |            1.9766 |            5.0179 |            0.9309
 34348 |    352 | 2020-03-03 11:16:00   |       13.1312 |       18.2076 |       12.1947 |            4.4265 |            1.9365 |            4.9187 |             0.913
 34348 |    353 | 2020-03-03 11:16:10   |        13.132 |       18.2085 |        12.572 |             4.565 |             1.998 |             5.067 |             0.942
 34348 |    354 | 2020-03-03 11:16:19.5 |       13.0945 |       18.2006 |       12.5295 |            4.5677 |            1.9765 |            5.0566 |            0.9288
 34348 |    355 | 2020-03-03 11:16:29   |       13.1273 |       18.2075 |       12.3677 |            4.4902 |            1.9638 |            4.9871 |            0.9266
 34348 |    356 | 2020-03-03 11:16:39   |       13.1326 |       18.2093 |       12.6108 |            4.5791 |            2.0036 |            5.0829 |            0.9451
 34348 |    357 | 2020-03-03 11:16:49   |       13.1439 |       18.2127 |       12.4902 |             4.539 |            1.9839 |            5.0349 |            0.9324
 34348 |    358 | 2020-03-03 11:16:58.5 |       13.1284 |       18.2089 |       12.3686 |            4.4909 |            1.9643 |            4.9869 |            0.9265
 34348 |    359 | 2020-03-03 11:17:08   |       13.1304 |       18.2085 |       12.5352 |            4.5522 |            1.9911 |            5.0529 |             0.939
 34348 |    360 | 2020-03-03 11:17:18.5 |       13.0935 |       18.1975 |       12.2268 |            4.4495 |            1.9311 |            4.9351 |            0.9111
 34348 |    361 | 2020-03-03 11:17:28   |       13.1279 |       18.2085 |       12.3922 |            4.4998 |            1.9671 |            4.9968 |            0.9284
 34348 |    362 | 2020-03-03 11:17:38   |       13.1335 |       18.2102 |        12.627 |             4.586 |             2.006 |             5.088 |             0.947
 34348 |    363 | 2020-03-03 11:17:47.5 |        13.131 |       18.2146 |       12.4121 |            4.5064 |            1.9723 |            5.0038 |            0.9296
 34348 |    364 | 2020-03-03 11:17:57.5 |         13.13 |       18.2065 |       12.4803 |            4.5314 |            1.9827 |            5.0313 |            0.9349
 34348 |    365 | 2020-03-03 11:18:14.5 |       13.1236 |       18.2108 |        12.225 |            4.4472 |            1.9323 |            4.9339 |            0.9117
 34348 |    366 | 2020-03-03 11:18:30.5 |       13.1309 |       18.2061 |       12.5098 |            4.5424 |            1.9867 |             5.043 |            0.9377
 34348 |    367 | 2020-03-03 11:18:39   |       13.1332 |       18.2115 |       12.4209 |            4.5112 |            1.9727 |            5.0075 |            0.9295
 34348 |    368 | 2020-03-03 11:18:47   |       13.1247 |       18.2081 |        12.241 |            4.4446 |            1.9423 |            4.9381 |             0.916
 34348 |    369 | 2020-03-03 11:18:56   |       13.1313 |       18.2083 |       12.5147 |            4.5443 |            1.9878 |             5.045 |            0.9376
 34348 |    370 | 2020-03-03 11:19:05   |       13.1336 |       18.2097 |       12.4546 |            4.5219 |            1.9795 |            5.0195 |            0.9337
 34348 |    371 | 2020-03-03 11:19:14   |        13.125 |       18.2082 |        12.244 |             4.446 |             1.943 |             4.939 |             0.916
 34348 |    372 | 2020-03-03 11:19:23   |       13.1312 |       18.2061 |       12.5216 |            4.5456 |            1.9894 |            5.0478 |            0.9388
 34348 |    373 | 2020-03-03 11:19:32   |       13.1314 |       18.2086 |       12.4243 |            4.5101 |             1.974 |            5.0088 |            0.9315
 34348 |    374 | 2020-03-03 11:19:41   |       13.1267 |       18.2102 |       12.3439 |            4.4845 |            1.9575 |            4.9796 |            0.9223
 34348 |    375 | 2020-03-03 11:19:50   |       13.1295 |       18.2085 |        12.462 |             4.525 |             1.979 |             5.024 |             0.934
 34348 |    376 | 2020-03-03 11:19:59   |       13.1333 |       18.2096 |       12.6186 |            4.5823 |            2.0053 |             5.085 |             0.946
 34348 |    377 | 2020-03-03 11:20:07.5 |       13.1321 |       18.2091 |       12.5197 |            4.5461 |            1.9889 |            5.0465 |            0.9382
 34348 |    378 | 2020-03-03 11:20:16   |       13.1238 |       18.2075 |       12.2015 |            4.4304 |            1.9359 |            4.9228 |            0.9124
 34348 |    379 | 2020-03-03 11:20:24.5 |       13.1332 |       18.2073 |       12.6008 |            4.5744 |            2.0036 |            5.0774 |            0.9454
 34348 |    380 | 2020-03-03 11:20:34.5 |       13.1006 |       18.2207 |       12.4165 |            4.5231 |            1.9616 |            5.0102 |            0.9216
 34348 |    381 | 2020-03-03 11:20:44   |       13.1269 |       18.2084 |       12.3761 |            4.4942 |            1.9651 |            4.9907 |            0.9261
 34348 |    382 | 2020-03-03 11:20:53.5 |       13.1299 |        18.208 |       12.4407 |             4.516 |            1.9758 |            5.0163 |            0.9326
 34348 |    383 | 2020-03-03 11:21:03   |        13.117 |       18.2148 |       12.4467 |            4.5306 |             1.966 |            5.0233 |            0.9268
 34348 |    384 | 2020-03-03 11:21:13   |       13.1295 |       18.2093 |        12.427 |             4.512 |             1.973 |            5.0117 |            0.9303
 34348 |    385 | 2020-03-03 11:21:23   |       13.1217 |       18.2064 |       12.6435 |            4.5949 |            2.0058 |            5.0965 |            0.9463
 34348 |    386 | 2020-03-03 11:21:34.5 |       13.1233 |       18.2075 |       12.2649 |            4.4535 |            1.9462 |            4.9471 |             0.918
 34348 |    387 | 2020-03-03 11:21:47.5 |       13.1307 |       18.2095 |       12.5286 |            4.5494 |            1.9895 |            5.0512 |            0.9385
 34348 |    388 | 2020-03-03 11:21:59   |        13.123 |       18.2161 |       12.3421 |            4.4953 |             1.948 |            4.9812 |            0.9175
 34348 |    389 | 2020-03-03 11:22:08   |        13.126 |       18.2087 |        12.307 |            4.4692 |            1.9526 |            4.9643 |            0.9209
 34348 |    390 | 2020-03-03 11:22:16   |       13.1323 |       18.2075 |       12.5993 |            4.5752 |            2.0017 |            5.0784 |             0.944
 34348 |    391 | 2020-03-03 11:22:24.5 |       13.1336 |       18.2144 |       12.4471 |             4.521 |            1.9768 |            5.0172 |            0.9321
 34348 |    392 | 2020-03-03 11:22:33   |       13.1265 |        18.208 |         12.31 |              4.47 |            1.9539 |            4.9652 |            0.9209
 34348 |    393 | 2020-03-03 11:22:42   |       13.1315 |       18.2067 |        12.529 |             4.549 |              1.99 |             5.051 |             0.939
 34348 |    394 | 2020-03-03 11:22:51.5 |        13.124 |       18.2045 |        12.558 |            4.5664 |            1.9901 |             5.064 |            0.9375
 34348 |    395 | 2020-03-03 11:23:03   |       13.1262 |       18.2086 |       12.3123 |            4.4713 |            1.9533 |            4.9663 |            0.9215
 34348 |    396 | 2020-03-03 11:23:14.5 |       13.1353 |       18.2084 |       12.6386 |            4.5908 |            2.0082 |            5.0929 |            0.9467
 34348 |    397 | 2020-03-03 11:23:23   |       13.0785 |       18.1999 |       12.3605 |            4.5013 |            1.9525 |            4.9884 |            0.9183
 34348 |    398 | 2020-03-03 11:23:31   |       13.1269 |       18.2089 |        12.398 |            4.5021 |             1.968 |            4.9996 |            0.9283
 34348 |    399 | 2020-03-03 11:23:40   |       13.1348 |       18.2111 |       12.5874 |            4.5697 |            2.0005 |            5.0735 |            0.9437
 34348 |    400 | 2020-03-03 11:23:50   |       13.1335 |        18.211 |        12.447 |             4.521 |             1.977 |             5.017 |             0.932
 34348 |    401 | 2020-03-03 11:24:00   |       13.1267 |       18.2091 |       12.3005 |            4.4669 |             1.952 |            4.9609 |            0.9207
 34348 |    402 | 2020-03-03 11:24:09.5 |       13.1311 |       18.2091 |       12.5493 |            4.5572 |            1.9926 |            5.0591 |            0.9404
 34348 |    403 | 2020-03-03 11:24:19   |       13.1009 |       18.2142 |       12.4066 |            4.5107 |            1.9658 |            5.0064 |            0.9237
 34348 |    404 | 2020-03-03 11:24:29   |       13.1258 |       18.2084 |       12.2804 |             4.459 |            1.9491 |            4.9535 |            0.9189
 34348 |    405 | 2020-03-03 11:24:39   |       13.1198 |       18.2129 |       12.6748 |            4.6033 |            2.0135 |            5.1087 |            0.9493
 34348 |    407 | 2020-03-03 11:24:59.5 |       13.1275 |       18.2078 |       12.3365 |            4.4791 |            1.9583 |            4.9758 |            0.9233
 34348 |    408 | 2020-03-03 11:25:13   |       13.1345 |       18.2115 |       12.7065 |            4.6153 |            2.0194 |              5.12 |            0.9518
 34348 |    409 | 2020-03-03 11:25:25   |       13.1279 |        18.208 |       12.3814 |            4.4964 |            1.9654 |            4.9934 |            0.9261
 34348 |    410 | 2020-03-03 11:25:32.5 |       13.1304 |       18.2079 |       12.5075 |            4.5415 |            1.9859 |             5.043 |             0.937
 34348 |    411 | 2020-03-03 11:25:40.5 |       13.1291 |       18.2122 |       12.6551 |            4.6057 |            2.0023 |            5.1049 |            0.9423
 34348 |    412 | 2020-03-03 11:25:49.5 |       13.1267 |       18.2078 |       12.2963 |            4.4645 |             1.952 |            4.9601 |            0.9197
 34348 |    413 | 2020-03-03 11:25:58   |        13.131 |       18.2067 |        12.526 |             4.548 |              1.99 |              5.05 |             0.938
 34348 |    415 | 2020-03-03 11:26:17   |       13.1126 |        18.211 |       12.3512 |            4.4881 |             1.958 |            4.9834 |            0.9218
 34348 |    417 | 2020-03-03 11:26:37   |       13.1255 |       18.2152 |       12.5539 |             4.564 |            1.9922 |            5.0605 |            0.9372
 34348 |    418 | 2020-03-03 11:26:46.5 |       13.1275 |       18.2077 |       12.3467 |            4.4833 |            1.9605 |            4.9788 |            0.9242
 34348 |    427 | 2020-03-03 11:28:19   |       13.1311 |       18.2065 |       12.5194 |            4.5455 |            1.9889 |            5.0473 |            0.9377
 34348 |    428 | 2020-03-03 11:28:28   |       13.1346 |       18.2126 |       12.6016 |            4.5771 |            2.0025 |            5.0784 |            0.9436
 34348 |    429 | 2020-03-03 11:28:42   |        13.129 |       18.2082 |        12.415 |             4.508 |             1.971 |             5.006 |              0.93
(419 rows)

