  run  | subrun |         time          | step1_voltage | step2_voltage | total_current | pos_2step_current | pos_1step_current | neg_2step_current | neg_1step_current 
-------+--------+-----------------------+---------------+---------------+---------------+-------------------+-------------------+-------------------+-------------------
 34358 |      0 | 2020-03-03 21:45:23   |       13.1356 |       18.2089 |       12.1377 |            4.4142 |            1.9241 |            4.8902 |            0.9092
 34358 |      1 | 2020-03-03 21:45:33   |       13.1082 |       18.2155 |       12.1369 |            4.4207 |            1.9196 |            4.8931 |            0.9035
 34358 |      2 | 2020-03-03 21:45:43   |       13.1265 |        18.208 |         12.07 |             4.387 |             1.913 |             4.867 |             0.903
 34358 |      3 | 2020-03-03 21:45:55.5 |       13.1161 |       18.2105 |       10.7043 |             3.907 |            1.6793 |             4.331 |             0.787
 34358 |      4 | 2020-03-03 21:46:08   |        13.131 |       18.2098 |       11.4032 |             4.149 |            1.8043 |            4.5995 |            0.8506
 34358 |      5 | 2020-03-03 21:46:18.5 |       13.1297 |       18.2061 |       11.8098 |            4.2945 |            1.8702 |            4.7614 |            0.8837
 34358 |      6 | 2020-03-03 21:46:28   |        13.134 |       18.2121 |         12.18 |            4.4303 |            1.9317 |            4.9066 |            0.9114
 34358 |      7 | 2020-03-03 21:46:38   |       13.1252 |        18.207 |       11.9675 |            4.3504 |            1.8962 |            4.8261 |            0.8948
 34358 |      8 | 2020-03-03 21:46:50.5 |       13.1068 |       18.2091 |       11.0552 |            4.0203 |            1.7446 |            4.4693 |             0.821
 34358 |      9 | 2020-03-03 21:47:04   |       13.1228 |        18.208 |       11.0226 |            4.0101 |            1.7409 |            4.4513 |            0.8203
 34358 |     10 | 2020-03-03 21:47:14.5 |       13.1308 |       18.2065 |       11.7586 |            4.2764 |            1.8622 |            4.7404 |            0.8795
 34358 |     11 | 2020-03-03 21:47:23.5 |       13.1332 |       18.2098 |       12.0869 |            4.3962 |            1.9158 |              4.87 |            0.9049
 34358 |     12 | 2020-03-03 21:47:33   |       13.1251 |       18.2082 |       11.8911 |            4.3235 |            1.8829 |            4.7955 |            0.8892
 34358 |     13 | 2020-03-03 21:47:43.5 |       13.1327 |       18.2071 |       12.3492 |            4.4874 |            1.9597 |            4.9758 |            0.9262
 34358 |     14 | 2020-03-03 21:48:00   |       13.1316 |       18.2148 |         11.09 |            4.0348 |            1.7537 |            4.4763 |            0.8252
 34358 |     15 | 2020-03-03 21:48:14   |       13.1289 |       18.2077 |       11.6354 |            4.2317 |            1.8409 |             4.693 |            0.8698
 34358 |     16 | 2020-03-03 21:48:23.5 |       13.1338 |       18.2103 |       12.1059 |            4.4032 |            1.9187 |            4.8771 |            0.9068
 34358 |     17 | 2020-03-03 21:48:32.5 |       13.1248 |       18.2079 |       11.8751 |            4.3178 |              1.88 |            4.7895 |            0.8878
 34358 |     18 | 2020-03-03 21:48:41   |       13.1292 |       18.2065 |       12.2082 |            4.4379 |            1.9353 |            4.9206 |            0.9144
 34358 |     19 | 2020-03-03 21:48:52.5 |       13.1134 |       18.2073 |       10.6444 |            3.8705 |             1.679 |            4.3063 |            0.7886
 34358 |     20 | 2020-03-03 21:49:04   |       13.0714 |       18.2005 |       11.0248 |            4.0237 |            1.7296 |            4.4574 |            0.8141
 34358 |     21 | 2020-03-03 21:49:13.5 |       13.1268 |       18.2055 |       11.6138 |            4.2245 |            1.8377 |            4.6847 |             0.867
 34358 |     22 | 2020-03-03 21:49:23   |       13.1108 |       18.2001 |       12.0754 |            4.4044 |            1.9045 |            4.8698 |            0.8967
 34358 |     23 | 2020-03-03 21:49:33   |       13.1254 |       18.2082 |       11.9572 |            4.3478 |            1.8939 |            4.8212 |            0.8943
 34358 |     24 | 2020-03-03 21:49:43   |       13.1343 |       18.2075 |       12.4072 |            4.5095 |            1.9691 |            4.9982 |            0.9304
 34358 |     25 | 2020-03-03 21:49:56   |       13.1098 |       18.2129 |        10.577 |             3.851 |            1.6683 |            4.2776 |            0.7802
 34358 |     26 | 2020-03-03 21:50:09   |       13.1284 |       18.2079 |       11.4541 |            4.1658 |             1.812 |            4.6212 |            0.8551
 34358 |     27 | 2020-03-03 21:50:18.5 |       13.1348 |       18.2081 |       11.8563 |              4.31 |            1.8793 |             4.779 |            0.8879
 34358 |     28 | 2020-03-03 21:50:28   |       13.1049 |       18.2087 |       11.9431 |            4.3552 |            1.8813 |            4.8203 |            0.8863
 34358 |     29 | 2020-03-03 21:50:38   |       13.1318 |       18.2093 |       12.0331 |            4.3737 |            1.9076 |            4.8514 |            0.9004
 34358 |     30 | 2020-03-03 21:50:51   |        13.106 |       18.2082 |       10.9985 |            4.0019 |             1.733 |            4.4477 |             0.816
 34358 |     31 | 2020-03-03 21:51:04   |       13.1249 |       18.2075 |       11.3122 |            4.1229 |            1.7858 |            4.5667 |            0.8368
 34358 |     32 | 2020-03-03 21:51:16.5 |       13.1275 |       18.2064 |       11.7748 |             4.283 |            1.8637 |            4.7474 |            0.8807
 34358 |     33 | 2020-03-03 21:51:29   |       13.1169 |       18.2045 |       11.9073 |            4.3358 |             1.882 |            4.8015 |             0.888
 34358 |     34 | 2020-03-03 21:51:39   |       13.1312 |       18.2065 |       12.2346 |            4.4474 |            1.9403 |            4.9302 |            0.9167
 34358 |     35 | 2020-03-03 21:51:47   |        13.131 |        18.207 |        12.329 |             4.481 |             1.956 |             4.968 |             0.924
 34358 |     36 | 2020-03-03 21:51:57.5 |       13.1246 |        18.208 |       10.6542 |            3.8748 |            1.6819 |            4.3073 |            0.7903
 34358 |     37 | 2020-03-03 21:52:09   |       13.1097 |       18.2105 |       11.4747 |            4.1808 |            1.8093 |            4.6329 |            0.8516
 34358 |     38 | 2020-03-03 21:52:19   |       13.0997 |       18.1995 |       11.9253 |            4.3511 |            1.8781 |            4.8116 |            0.8845
 34358 |     39 | 2020-03-03 21:52:28.5 |       13.1242 |       18.2076 |       11.8504 |            4.3095 |            1.8757 |            4.7789 |            0.8863
 34358 |     40 | 2020-03-03 21:52:38   |       13.1315 |       18.2065 |        12.248 |             4.452 |             1.942 |             4.936 |             0.918
 34358 |     41 | 2020-03-03 21:52:51   |       13.1076 |        18.208 |       11.0109 |            4.0031 |            1.7375 |            4.4519 |            0.8185
 34358 |     42 | 2020-03-03 21:53:06.5 |       13.1306 |       18.2083 |       11.4251 |            4.1531 |            1.8091 |            4.6091 |            0.8537
 34358 |     43 | 2020-03-03 21:53:18.5 |       13.1329 |       18.2156 |       11.7676 |            4.2859 |            1.8615 |            4.7415 |            0.8787
 34358 |     44 | 2020-03-03 21:53:27   |       13.1247 |       18.2083 |        11.801 |            4.2917 |            1.8682 |            4.7592 |            0.8818
 34358 |     45 | 2020-03-03 21:53:36   |       13.1304 |        18.207 |       12.1762 |             4.426 |            1.9302 |             4.908 |            0.9121
 34358 |     46 | 2020-03-03 21:53:45   |       13.1346 |       18.2093 |       12.4232 |            4.5154 |            1.9713 |            5.0048 |            0.9317
 34358 |     47 | 2020-03-03 21:53:56.5 |        13.134 |       18.2075 |       10.5643 |            3.8409 |             1.669 |            4.2713 |            0.7831
 34358 |     48 | 2020-03-03 21:54:09   |        13.138 |       18.2084 |       11.5797 |            4.2119 |            1.8334 |            4.6692 |            0.8653
 34358 |     49 | 2020-03-03 21:54:19   |        13.132 |       18.2148 |        11.761 |             4.283 |              1.86 |              4.74 |             0.878
 34358 |     50 | 2020-03-03 21:54:29   |       13.1377 |       18.2107 |       11.8448 |            4.3069 |            1.8757 |            4.7756 |            0.8868
 34358 |     51 | 2020-03-03 21:54:39   |        13.131 |       18.2065 |        12.242 |             4.449 |             1.942 |             4.933 |             0.918
 34358 |     52 | 2020-03-03 21:54:52.5 |       13.1129 |       18.2087 |       10.8556 |            3.9471 |            1.7136 |            4.3892 |            0.8056
 34358 |     53 | 2020-03-03 21:55:05.5 |       13.1265 |       18.1901 |       11.1348 |            4.0567 |            1.7562 |            4.4944 |            0.8275
 34358 |     54 | 2020-03-03 21:55:14.5 |       13.1305 |         18.21 |       11.8179 |            4.2991 |            1.8713 |            4.7637 |            0.8838
 34358 |     55 | 2020-03-03 21:55:23.5 |       13.0291 |       18.2101 |       11.8889 |            4.3344 |             1.873 |             4.797 |            0.8845
 34358 |     56 | 2020-03-03 21:55:33   |       13.1253 |       18.2085 |       12.0639 |            4.3864 |            1.9113 |            4.8629 |            0.9032
 34358 |     57 | 2020-03-03 21:55:43   |       13.1253 |       18.2127 |       12.5128 |            4.5578 |            1.9772 |            5.0465 |            0.9313
 34358 |     58 | 2020-03-03 21:55:56   |       13.1286 |       18.2022 |       10.4094 |            3.7845 |            1.6442 |              4.21 |            0.7707
 34358 |     59 | 2020-03-03 21:56:09   |       13.1306 |       18.2045 |       11.5583 |            4.2038 |            1.8293 |            4.6623 |             0.863
 34358 |     60 | 2020-03-03 21:56:19   |       13.1275 |       18.2065 |        12.005 |             4.379 |             1.892 |             4.843 |             0.891
 34358 |     61 | 2020-03-03 21:56:28.5 |       13.1275 |       18.2083 |       11.9316 |            4.3387 |            1.8891 |            4.8109 |             0.893
 34358 |     62 | 2020-03-03 21:56:38   |       13.1312 |       18.2081 |       12.2806 |             4.464 |            1.9479 |            4.9482 |            0.9205
 34358 |     63 | 2020-03-03 21:56:51   |       13.1095 |       18.2082 |        11.403 |             4.147 |             1.801 |             4.605 |              0.85
 34358 |     64 | 2020-03-03 21:57:04.5 |       13.1292 |       18.2077 |       11.2582 |            4.0955 |            1.7802 |            4.5434 |            0.8391
 34358 |     65 | 2020-03-03 21:57:14.5 |       13.1336 |       18.2113 |       11.8651 |            4.3167 |            1.8797 |            4.7813 |            0.8875
 34358 |     66 | 2020-03-03 21:57:24.5 |       13.1233 |       18.2077 |       11.6944 |            4.2532 |            1.8497 |            4.7179 |            0.8736
 34358 |     67 | 2020-03-03 21:57:34   |       13.1315 |       18.2075 |        12.196 |             4.434 |             1.934 |             4.915 |             0.913
 34358 |     68 | 2020-03-03 21:57:44   |       13.1318 |       18.2142 |       12.4513 |            4.5313 |            1.9729 |            5.0182 |            0.9289
 34358 |     69 | 2020-03-03 21:57:56.5 |       13.1323 |       18.2084 |       10.4755 |            3.8091 |             1.655 |            4.2362 |            0.7752
 34358 |     70 | 2020-03-03 21:58:14.5 |       13.1336 |       18.2104 |       11.9288 |             4.339 |            1.8909 |             4.806 |             0.893
 34358 |     71 | 2020-03-03 21:58:31   |       13.1285 |       18.2078 |            12 |             4.363 |             1.901 |             4.837 |             0.899
 34358 |     72 | 2020-03-03 21:58:41   |       13.1317 |       18.2088 |       12.3007 |            4.4727 |            1.9502 |            4.9555 |            0.9223
 34358 |     73 | 2020-03-03 21:58:49   |       13.1169 |       18.2079 |       11.8042 |            4.2909 |             1.868 |            4.7629 |            0.8824
 34358 |     74 | 2020-03-03 21:58:57   |       13.1305 |       18.2082 |       10.6272 |            3.8642 |            1.6789 |            4.2962 |            0.7879
 34358 |     75 | 2020-03-03 21:59:05.5 |       13.1285 |       18.2056 |       11.2518 |            4.0927 |            1.7792 |            4.5413 |            0.8386
 34358 |     76 | 2020-03-03 21:59:14.5 |       13.1333 |       18.2101 |       11.6596 |            4.2413 |            1.8461 |            4.7003 |            0.8719
 34358 |     77 | 2020-03-03 21:59:24.5 |       13.1252 |        18.208 |       11.7185 |            4.2608 |            1.8549 |            4.7261 |            0.8767
 34358 |     78 | 2020-03-03 21:59:34   |         13.13 |       18.2065 |       12.1604 |            4.4211 |            1.9277 |            4.9003 |            0.9113
 34358 |     79 | 2020-03-03 21:59:44   |       13.1067 |       18.2046 |       12.2977 |            4.4872 |            1.9366 |            4.9612 |            0.9127
 34358 |     80 | 2020-03-03 21:59:56.5 |       13.1316 |       18.2106 |       10.5683 |            3.8423 |            1.6698 |            4.2727 |            0.7835
 34358 |     81 | 2020-03-03 22:00:09   |       13.1336 |       18.2112 |       11.6449 |            4.2359 |            1.8445 |            4.6946 |            0.8699
 34358 |     82 | 2020-03-03 22:00:19   |       13.1345 |       18.2115 |        12.018 |             4.372 |             1.905 |             4.842 |             0.899
 34358 |     83 | 2020-03-03 22:00:28.5 |       13.1272 |       18.2075 |       11.9263 |             4.337 |            1.8886 |            4.8076 |            0.8931
 34358 |     84 | 2020-03-03 22:00:38   |       13.1293 |       18.2076 |       12.1549 |            4.4188 |            1.9269 |            4.8991 |            0.9102
 34358 |     85 | 2020-03-03 22:00:51.5 |       13.1105 |       18.2074 |       11.2225 |            4.0794 |            1.7728 |            4.5336 |            0.8367
 34358 |     86 | 2020-03-03 22:01:05   |       13.1303 |       18.2061 |       11.2844 |            4.1041 |            1.7847 |            4.5542 |            0.8413
 34358 |     87 | 2020-03-03 22:01:14.5 |       13.1319 |       18.1958 |       11.6578 |            4.2479 |            1.8384 |            4.7038 |            0.8677
 34358 |     88 | 2020-03-03 22:01:24   |       13.1261 |       18.2093 |        11.797 |            4.2923 |            1.8671 |            4.7574 |            0.8803
 34358 |     89 | 2020-03-03 22:01:34   |       13.1311 |       18.2064 |       12.1441 |            4.4148 |             1.925 |            4.8943 |            0.9101
 34358 |     90 | 2020-03-03 22:01:45   |       13.1278 |       18.2129 |        12.183 |            4.4367 |            1.9246 |            4.9136 |            0.9081
 34358 |     91 | 2020-03-03 22:01:58.5 |       13.1275 |       18.2081 |       10.7541 |            3.9107 |            1.6987 |            4.3458 |            0.7988
 34358 |     92 | 2020-03-03 22:02:10   |       13.1084 |       18.2166 |       11.5223 |            4.2014 |            1.8165 |            4.6493 |            0.8552
 34358 |     93 | 2020-03-03 22:02:19   |       13.0775 |       18.2157 |        11.814 |             4.305 |             1.866 |             4.766 |             0.877
 34358 |     94 | 2020-03-03 22:02:29   |       13.1335 |       18.2127 |        12.032 |             4.377 |             1.907 |             4.848 |               0.9
 34358 |     95 | 2020-03-03 22:02:38.5 |       13.1324 |       18.2118 |       12.3161 |            4.4821 |            1.9513 |            4.9638 |            0.9188
 34358 |     96 | 2020-03-03 22:02:51   |       13.1125 |       18.2082 |        11.507 |             4.183 |             1.819 |             4.647 |             0.858
 34358 |     97 | 2020-03-03 22:03:06.5 |       13.1379 |       18.2107 |       11.1588 |            4.0561 |            1.7657 |             4.504 |             0.833
 34358 |     98 | 2020-03-03 22:03:18.5 |       13.1358 |       18.2059 |       11.8547 |            4.3098 |            1.8784 |            4.7786 |            0.8878
 34358 |     99 | 2020-03-03 22:03:27.5 |       13.0615 |       18.2184 |       12.1082 |            4.4136 |            1.9118 |            4.8843 |            0.8984
 34358 |    100 | 2020-03-03 22:03:36   |       13.1292 |       18.2073 |       11.9785 |            4.3545 |            1.8978 |            4.8298 |            0.8964
 34358 |    101 | 2020-03-03 22:03:44.5 |       13.1322 |       18.2072 |       12.3522 |            4.4892 |            1.9592 |            4.9772 |            0.9266
 34358 |    102 | 2020-03-03 22:03:56.5 |       13.1317 |       18.2077 |       10.5551 |            3.8377 |            1.6675 |            4.2677 |            0.7822
 34358 |    103 | 2020-03-03 22:04:09   |       13.1444 |       18.2121 |       11.6498 |            4.2412 |             1.841 |            4.7007 |            0.8668
 34358 |    104 | 2020-03-03 22:04:19   |       13.1255 |       18.2082 |        11.593 |             4.217 |             1.834 |             4.676 |             0.866
 34358 |    105 | 2020-03-03 22:04:29   |       13.1328 |       18.2078 |        12.067 |            4.3873 |            1.9122 |            4.8637 |            0.9038
 34358 |    106 | 2020-03-03 22:04:39   |       13.1325 |        18.209 |        12.302 |             4.472 |             1.951 |             4.957 |             0.922
 34358 |    107 | 2020-03-03 22:04:52   |       13.1157 |       18.2092 |       11.1926 |            4.0672 |            1.7692 |            4.5219 |            0.8344
 34358 |    108 | 2020-03-03 22:05:04.5 |       13.1234 |       18.2077 |       10.9688 |            3.9904 |            1.7324 |            4.4301 |            0.8159
 34358 |    109 | 2020-03-03 22:05:15   |       13.1335 |        18.211 |        11.885 |             4.324 |             1.882 |              4.79 |             0.889
 34358 |    110 | 2020-03-03 22:05:27   |       13.1235 |       18.2112 |        11.758 |             4.284 |             1.855 |             4.743 |             0.876
 34358 |    111 | 2020-03-03 22:05:39   |       13.1305 |       18.2057 |        12.205 |             4.436 |             1.935 |             4.919 |             0.915
 34358 |    112 | 2020-03-03 22:05:48   |       13.1355 |       18.2109 |       12.3366 |            4.4832 |            1.9575 |            4.9705 |            0.9254
 34358 |    113 | 2020-03-03 22:05:58   |       13.1303 |       18.2082 |       10.7717 |            3.9171 |            1.7028 |            4.3524 |            0.7993
 34358 |    114 | 2020-03-03 22:06:09   |       13.1351 |       18.2121 |       11.4164 |            4.1518 |            1.8072 |            4.6047 |            0.8527
 34358 |    115 | 2020-03-03 22:06:19.5 |       13.1279 |       18.2099 |       11.6074 |            4.2205 |            1.8374 |            4.6817 |            0.8678
 34358 |    116 | 2020-03-03 22:06:29   |       13.1301 |       18.2049 |       12.0285 |            4.3722 |            1.9063 |            4.8491 |            0.9009
 34358 |    117 | 2020-03-03 22:06:39   |       13.1325 |       18.2107 |         12.14 |             4.414 |             1.925 |             4.892 |             0.909
 34358 |    118 | 2020-03-03 22:06:52   |       13.1157 |       18.2096 |       11.2723 |            4.0979 |            1.7818 |            4.5533 |            0.8392
 34358 |    119 | 2020-03-03 22:07:05   |       13.1279 |       18.2079 |       11.2905 |            4.1072 |            1.7853 |            4.5565 |            0.8415
 34358 |    120 | 2020-03-03 22:07:15   |       13.0855 |       18.1997 |        11.601 |             4.235 |             1.825 |             4.683 |             0.858
 34358 |    121 | 2020-03-03 22:07:24.5 |       13.1275 |       18.2067 |        11.897 |            4.3267 |            1.8841 |            4.7959 |            0.8902
 34358 |    122 | 2020-03-03 22:07:34   |       13.1324 |       18.2098 |       12.2598 |            4.4575 |            1.9441 |             4.939 |            0.9192
 34358 |    123 | 2020-03-03 22:07:44   |       13.1251 |        18.208 |       12.0074 |            4.3649 |            1.9017 |            4.8422 |            0.8985
 34358 |    124 | 2020-03-03 22:07:57   |       13.1333 |       18.2078 |       10.7038 |            3.8922 |            1.6924 |            4.3255 |            0.7937
 34358 |    125 | 2020-03-03 22:08:10.5 |       13.1329 |       18.2098 |       11.4954 |            4.1818 |              1.82 |            4.6352 |            0.8585
 34358 |    126 | 2020-03-03 22:08:21   |       13.1286 |        18.208 |       11.7716 |            4.2815 |            1.8636 |            4.7461 |            0.8805
 34358 |    127 | 2020-03-03 22:08:30   |       13.1407 |       18.2114 |       12.2068 |            4.4366 |            1.9377 |            4.9169 |            0.9156
 34358 |    128 | 2020-03-03 22:08:39   |        13.133 |       18.2115 |        12.143 |             4.415 |             1.925 |             4.894 |             0.909
 34358 |    129 | 2020-03-03 22:08:52.5 |       13.1196 |       18.2073 |       11.1827 |            4.0655 |            1.7673 |            4.5173 |            0.8325
 34358 |    130 | 2020-03-03 22:09:05.5 |        13.133 |       18.2113 |        11.298 |            4.1095 |            1.7873 |            4.5587 |            0.8425
 34358 |    131 | 2020-03-03 22:09:15   |       13.1245 |       18.2082 |         11.43 |             4.158 |             1.807 |             4.612 |             0.853
 34358 |    132 | 2020-03-03 22:09:25   |       13.1285 |       18.2063 |       11.9049 |            4.3292 |            1.8855 |            4.7994 |            0.8908
 34358 |    133 | 2020-03-03 22:09:35   |       13.1255 |        18.213 |        12.339 |             4.492 |             1.954 |             4.973 |              0.92
 34358 |    134 | 2020-03-03 22:09:44.5 |       13.1321 |       18.2111 |       12.3619 |            4.4942 |            1.9609 |            4.9803 |            0.9265
 34358 |    135 | 2020-03-03 22:09:57   |       13.1345 |       18.2108 |        11.014 |             4.006 |             1.742 |             4.447 |             0.819
 34358 |    136 | 2020-03-03 22:10:10   |       13.1335 |       18.2118 |        11.473 |             4.174 |             1.816 |             4.627 |             0.856
 34358 |    137 | 2020-03-03 22:10:19.5 |       13.1322 |       18.2062 |       11.7364 |            4.2677 |            1.8588 |            4.7318 |            0.8782
 34358 |    138 | 2020-03-03 22:10:29   |       13.1245 |        18.208 |        11.783 |             4.285 |             1.865 |             4.752 |             0.881
 34358 |    139 | 2020-03-03 22:10:39   |       13.1293 |       18.2073 |        12.239 |            4.4491 |            1.9402 |            4.9326 |            0.9171
 34358 |    140 | 2020-03-03 22:10:52   |        13.095 |       18.2036 |       11.1229 |            4.0483 |            1.7529 |            4.4961 |            0.8256
 34358 |    141 | 2020-03-03 22:11:05   |        13.127 |       18.2073 |         11.14 |             4.052 |             1.761 |             4.497 |              0.83
 34358 |    142 | 2020-03-03 22:11:15   |       13.1321 |       18.2061 |       11.7129 |            4.2578 |            1.8559 |            4.7224 |            0.8767
 34358 |    143 | 2020-03-03 22:11:24.5 |       13.1247 |       18.2066 |       11.6778 |            4.2487 |             1.847 |            4.7102 |             0.872
 34358 |    144 | 2020-03-03 22:11:34.5 |       13.1291 |       18.2073 |       12.0778 |            4.3911 |             1.914 |            4.8684 |            0.9044
 34358 |    145 | 2020-03-03 22:11:44   |       13.1318 |       18.2113 |       12.4187 |            4.5157 |            1.9703 |            5.0025 |            0.9302
 34358 |    146 | 2020-03-03 22:11:57   |        13.127 |        18.208 |        10.539 |             3.832 |             1.664 |             4.262 |             0.781
 34358 |    147 | 2020-03-03 22:12:10   |       13.1262 |       18.2073 |       11.2778 |            4.1004 |            1.7844 |            4.5511 |            0.8419
 34358 |    148 | 2020-03-03 22:12:23.5 |       13.1168 |       18.2022 |       11.8956 |            4.3298 |            1.8803 |            4.7973 |            0.8881
 34358 |    149 | 2020-03-03 22:12:36   |       13.1336 |       18.2092 |       12.2066 |            4.4383 |            1.9356 |            4.9183 |            0.9144
 34358 |    150 | 2020-03-03 22:12:44.5 |       13.1364 |       18.2117 |       12.3961 |            4.5085 |            1.9668 |            4.9936 |            0.9271
 34358 |    151 | 2020-03-03 22:12:55   |        13.133 |       18.2095 |        10.668 |             3.878 |             1.687 |             4.312 |             0.791
 34358 |    152 | 2020-03-03 22:13:08   |       13.1227 |       18.2142 |       11.4338 |            4.1636 |            1.8081 |            4.6133 |            0.8488
 34358 |    153 | 2020-03-03 22:13:19   |       13.1265 |       18.2075 |        11.641 |             4.234 |             1.842 |             4.695 |              0.87
 34358 |    154 | 2020-03-03 22:13:28   |        13.126 |        18.208 |        11.823 |               4.3 |             1.872 |             4.767 |             0.884
 34358 |    155 | 2020-03-03 22:13:37   |       13.1286 |       18.2091 |       11.9874 |            4.3589 |            1.8991 |            4.8326 |            0.8968
 34358 |    156 | 2020-03-03 22:13:45.5 |       13.1296 |       18.2078 |       12.1883 |            4.4309 |            1.9319 |             4.913 |            0.9126
 34358 |    157 | 2020-03-03 22:13:57.5 |       13.1315 |       18.2084 |       10.8435 |            3.9438 |            1.7155 |            4.3803 |            0.8039
 34358 |    158 | 2020-03-03 22:14:10   |       13.1129 |        18.203 |        11.218 |            4.0895 |            1.7683 |            4.5264 |            0.8337
 34358 |    159 | 2020-03-03 22:14:20   |       13.1294 |       18.2083 |       11.8117 |            4.2964 |            1.8697 |            4.7622 |            0.8835
 34358 |    160 | 2020-03-03 22:14:30   |        13.104 |       18.1993 |       12.1481 |            4.4305 |            1.9143 |            4.8997 |            0.9036
 34358 |    161 | 2020-03-03 22:14:40   |       13.1227 |        18.207 |       11.9456 |             4.343 |            1.8918 |             4.818 |            0.8929
 34358 |    162 | 2020-03-03 22:14:53   |       13.1238 |       18.2095 |       11.1001 |            4.0357 |            1.7546 |            4.4844 |            0.8255
 34358 |    163 | 2020-03-03 22:15:06   |       13.1266 |       18.2054 |       11.1618 |            4.0597 |            1.7637 |             4.506 |            0.8324
 34358 |    164 | 2020-03-03 22:15:16   |       13.1228 |       18.1955 |       11.4666 |            4.1793 |            1.8059 |            4.6282 |            0.8532
 34358 |    165 | 2020-03-03 22:15:25.5 |       13.1319 |       18.2077 |       12.0529 |            4.3835 |            1.9093 |            4.8574 |            0.9028
 34358 |    166 | 2020-03-03 22:15:35   |       13.1255 |       18.2145 |        11.985 |             4.372 |             1.886 |             4.838 |             0.889
 34358 |    167 | 2020-03-03 22:15:47.5 |       13.1248 |       18.2081 |       12.0681 |            4.3874 |            1.9114 |             4.866 |            0.9033
 34358 |    168 | 2020-03-03 22:16:00   |       13.1324 |       18.2108 |       11.1768 |            4.0663 |            1.7676 |            4.5112 |            0.8317
 34358 |    169 | 2020-03-03 22:16:10.5 |       13.1258 |       18.2081 |       11.3111 |            4.1145 |            1.7881 |            4.5649 |            0.8435
 34358 |    170 | 2020-03-03 22:16:20   |         13.13 |       18.2077 |       11.7876 |            4.2864 |            1.8665 |            4.7518 |            0.8828
 34358 |    171 | 2020-03-03 22:16:30   |       13.1319 |       18.2139 |        12.106 |            4.4062 |             1.917 |            4.8783 |            0.9046
 34358 |    172 | 2020-03-03 22:16:40   |       13.1336 |       18.2106 |       12.1765 |            4.4274 |            1.9314 |            4.9064 |            0.9112
 34358 |    173 | 2020-03-03 22:16:53   |       13.1241 |       18.2093 |       10.9825 |            3.9926 |            1.7359 |            4.4385 |            0.8154
 34358 |    174 | 2020-03-03 22:17:06   |       13.1262 |        18.208 |       11.1324 |            4.0495 |            1.7594 |            4.4939 |            0.8296
 34358 |    175 | 2020-03-03 22:17:15.5 |       13.1289 |       18.2077 |       11.6467 |             4.236 |            1.8431 |            4.6971 |            0.8706
 34358 |    176 | 2020-03-03 22:17:25   |       13.1408 |       18.2099 |       12.1302 |            4.4113 |             1.923 |            4.8864 |            0.9094
 34358 |    177 | 2020-03-03 22:17:35   |       13.1335 |        18.211 |        12.112 |             4.405 |              1.92 |              4.88 |             0.907
 34358 |    178 | 2020-03-03 22:17:45   |       13.1326 |       18.2071 |       12.2857 |            4.4652 |            1.9488 |            4.9509 |            0.9206
 34358 |    179 | 2020-03-03 22:17:59   |        13.134 |        18.211 |        11.105 |             4.039 |             1.757 |             4.483 |             0.826
 34358 |    180 | 2020-03-03 22:18:12.5 |       13.1267 |       18.2081 |       11.4416 |            4.1622 |            1.8095 |            4.6162 |            0.8538
 34358 |    181 | 2020-03-03 22:18:21   |       13.1325 |       18.2134 |       11.9831 |            4.3573 |            1.8993 |            4.8293 |            0.8972
 34358 |    182 | 2020-03-03 22:18:30   |       13.1332 |       18.1982 |       12.0003 |            4.3666 |            1.9004 |            4.8361 |            0.8972
 34358 |    183 | 2020-03-03 22:18:40   |       13.1278 |       18.2079 |       12.1027 |            4.4004 |            1.9174 |            4.8789 |            0.9061
 34358 |    184 | 2020-03-03 22:18:53   |       13.1267 |       18.2091 |       11.0364 |            4.0113 |            1.7461 |            4.4587 |            0.8203
 34358 |    185 | 2020-03-03 22:19:06   |       13.1258 |       18.2077 |       11.0764 |            4.0309 |            1.7489 |            4.4727 |            0.8238
 34358 |    186 | 2020-03-03 22:19:19.5 |       13.1322 |       18.2087 |       11.9043 |            4.3292 |            1.8857 |            4.7981 |            0.8913
 34358 |    187 | 2020-03-03 22:19:33   |       13.1315 |       18.2114 |       11.9626 |            4.3494 |            1.8963 |            4.8213 |            0.8956
 34358 |    188 | 2020-03-03 22:19:42   |       13.1293 |       18.2083 |       12.1567 |            4.4184 |            1.9269 |            4.9007 |            0.9107
 34358 |    189 | 2020-03-03 22:19:51   |         13.12 |       18.2075 |        11.808 |             4.292 |             1.869 |             4.765 |             0.882
 34358 |    190 | 2020-03-03 22:20:01.5 |        13.129 |       18.2094 |       11.0404 |            4.0161 |             1.745 |            4.4584 |            0.8209
 34358 |    191 | 2020-03-03 22:20:11   |        13.124 |       18.2087 |        11.276 |             4.102 |             1.782 |             4.551 |             0.841
 34358 |    192 | 2020-03-03 22:20:20   |       13.1281 |       18.2068 |       11.7548 |            4.2748 |            1.8602 |            4.7405 |            0.8794
 34358 |    193 | 2020-03-03 22:20:30   |        13.134 |       18.2124 |       12.0369 |            4.3778 |            1.9083 |            4.8502 |            0.9007
 34358 |    194 | 2020-03-03 22:20:40   |       13.1274 |       18.2088 |       12.0772 |              4.39 |            1.9141 |            4.8693 |            0.9038
 34358 |    195 | 2020-03-03 22:20:53   |       13.1235 |       18.2092 |       10.9707 |            3.9886 |            1.7342 |            4.4332 |            0.8147
 34358 |    196 | 2020-03-03 22:21:06   |       13.1257 |       18.1899 |       11.1291 |            4.0541 |             1.755 |            4.4928 |            0.8272
 34358 |    197 | 2020-03-03 22:21:16   |       13.1267 |       18.2065 |       11.5601 |            4.2053 |            1.8287 |            4.6629 |            0.8632
 34358 |    198 | 2020-03-03 22:21:25.5 |       13.1336 |       18.2131 |       11.9933 |             4.362 |            1.9007 |            4.8332 |            0.8974
 34358 |    199 | 2020-03-03 22:21:35   |        13.126 |       18.2085 |        11.949 |             4.344 |             1.893 |             4.818 |             0.894
 34358 |    200 | 2020-03-03 22:21:45   |       13.1328 |       18.2066 |       12.3232 |            4.4784 |            1.9548 |            4.9657 |            0.9243
 34358 |    201 | 2020-03-03 22:21:58   |       13.1336 |       18.2121 |       10.7006 |            3.8923 |            1.6917 |            4.3235 |            0.7932
 34358 |    202 | 2020-03-03 22:22:11   |       13.1285 |       18.2083 |        11.449 |             4.165 |             1.811 |             4.619 |             0.854
 34358 |    203 | 2020-03-03 22:22:20.5 |       13.1331 |       18.2094 |       11.9976 |            4.3636 |             1.901 |            4.8346 |            0.8985
 34358 |    204 | 2020-03-03 22:22:30   |       13.1263 |       18.2086 |       11.8161 |            4.2973 |            1.8706 |            4.7649 |            0.8833
 34358 |    205 | 2020-03-03 22:22:40.5 |       13.1284 |       18.2074 |       12.1312 |            4.4097 |             1.923 |            4.8898 |            0.9087
 34358 |    206 | 2020-03-03 22:22:55   |       13.1335 |       18.2117 |        10.483 |             3.812 |             1.657 |             4.239 |             0.775
 34358 |    207 | 2020-03-03 22:23:11   |        13.128 |       18.2077 |        11.441 |             4.161 |              1.81 |             4.616 |             0.854
 34358 |    208 | 2020-03-03 22:23:21   |        13.128 |       18.2144 |       12.0386 |            4.3842 |            1.9035 |            4.8535 |            0.8974
 34358 |    209 | 2020-03-03 22:23:30   |       13.1262 |       18.2074 |       11.7982 |            4.2904 |            1.8681 |            4.7575 |            0.8821
 34358 |    210 | 2020-03-03 22:23:38   |       13.1287 |       18.2082 |       12.0892 |            4.3945 |            1.9161 |            4.8731 |            0.9055
 34358 |    211 | 2020-03-03 22:23:47   |        13.133 |       18.2092 |        12.402 |             4.508 |             1.968 |             4.996 |              0.93
 34358 |    212 | 2020-03-03 22:23:59   |       13.1335 |        18.212 |        10.902 |             3.966 |             1.724 |             4.403 |             0.809
 34358 |    213 | 2020-03-03 22:24:11   |       13.1285 |       18.2075 |        11.462 |             4.169 |             1.813 |             4.624 |             0.856
 34358 |    214 | 2020-03-03 22:24:20.5 |       13.1336 |       18.2096 |       12.0264 |             4.374 |            1.9066 |            4.8451 |            0.9007
 34358 |    215 | 2020-03-03 22:24:30   |       13.1252 |       18.2093 |       11.8143 |            4.2987 |            1.8682 |             4.766 |            0.8813
 34358 |    216 | 2020-03-03 22:24:40   |       13.1291 |       18.2076 |       12.1565 |            4.4193 |            1.9272 |            4.8997 |            0.9104
 34358 |    217 | 2020-03-03 22:24:53   |       13.1131 |       18.2092 |       10.9323 |            3.9724 |            1.7273 |            4.4189 |            0.8137
 34358 |    218 | 2020-03-03 22:25:06   |       13.0959 |       18.1969 |       11.2434 |            4.1006 |            1.7695 |            4.5406 |            0.8327
 34358 |    219 | 2020-03-03 22:25:15.5 |       13.1267 |       18.2082 |       11.4523 |            4.1659 |            1.8113 |            4.6197 |            0.8554
 34358 |    220 | 2020-03-03 22:25:25   |       13.1117 |       18.2032 |        11.994 |            4.3723 |            1.8931 |            4.8362 |            0.8924
 34358 |    221 | 2020-03-03 22:25:35   |        13.126 |        18.208 |        11.934 |             4.339 |              1.89 |             4.812 |             0.893
 34358 |    222 | 2020-03-03 22:25:45   |       13.1314 |       18.2064 |       12.3315 |            4.4822 |            1.9565 |            4.9685 |            0.9244
 34358 |    223 | 2020-03-03 22:25:58   |       13.1248 |       18.2119 |       10.6298 |            3.8707 |            1.6758 |            4.2977 |            0.7855
 34358 |    224 | 2020-03-03 22:26:11.5 |        13.129 |       18.2082 |       11.5102 |            4.1857 |            1.8218 |            4.6429 |            0.8598
 34358 |    225 | 2020-03-03 22:26:24.5 |       13.0694 |       18.1926 |       11.9319 |            4.3565 |            1.8751 |            4.8167 |            0.8836
 34358 |    226 | 2020-03-03 22:26:36   |       13.1244 |       18.2076 |       11.9875 |            4.3595 |            1.8986 |            4.8329 |            0.8965
 34358 |    227 | 2020-03-03 22:26:44.5 |       13.1324 |       18.2077 |       12.3309 |            4.4815 |            1.9566 |            4.9682 |            0.9246
 34358 |    228 | 2020-03-03 22:26:55   |        13.109 |       18.2082 |        10.226 |             3.719 |              1.61 |             4.141 |             0.756
 34358 |    229 | 2020-03-03 22:27:06   |       13.1294 |       18.2083 |       11.1456 |            4.0536 |            1.7621 |            4.4989 |            0.8309
 34358 |    230 | 2020-03-03 22:27:16   |       13.1159 |       18.2083 |       11.7497 |            4.2753 |             1.859 |            4.7384 |             0.877
 34358 |    231 | 2020-03-03 22:27:25.5 |       13.1333 |       18.2081 |       11.8345 |            4.3037 |            1.8741 |            4.7708 |            0.8859
 34358 |    232 | 2020-03-03 22:27:35.5 |       13.1288 |       18.2081 |       12.0699 |            4.3885 |            1.9125 |            4.8653 |            0.9037
 34358 |    233 | 2020-03-03 22:27:45   |       13.1339 |       18.2095 |       12.3982 |            4.5065 |            1.9674 |            4.9949 |            0.9295
 34358 |    234 | 2020-03-03 22:27:58.5 |       13.1217 |        18.215 |       10.5193 |            3.8264 |              1.66 |            4.2538 |            0.7792
 34358 |    235 | 2020-03-03 22:28:11.5 |       13.1319 |       18.2066 |       11.5885 |            4.2149 |            1.8344 |            4.6729 |            0.8663
 34358 |    236 | 2020-03-03 22:28:20.5 |       13.1203 |       18.2133 |       11.9947 |            4.3677 |            1.8978 |            4.8352 |            0.8939
 34358 |    237 | 2020-03-03 22:28:30   |       13.1241 |        18.208 |       11.7935 |            4.2888 |            1.8665 |            4.7568 |            0.8814
 34358 |    238 | 2020-03-03 22:28:40   |       13.1313 |       18.2072 |       12.2509 |             4.453 |            1.9426 |             4.937 |            0.9184
 34358 |    239 | 2020-03-03 22:28:53   |       13.1132 |       18.2071 |       11.0536 |            4.0187 |            1.7458 |            4.4679 |            0.8213
 34358 |    240 | 2020-03-03 22:29:06   |       13.1272 |       18.2084 |       11.1588 |            4.0591 |            1.7639 |            4.5044 |            0.8314
 34358 |    241 | 2020-03-03 22:29:16   |       13.1335 |       18.2136 |       11.8594 |            4.3136 |            1.8791 |            4.7797 |            0.8869
 34358 |    242 | 2020-03-03 22:29:26   |       13.1328 |       18.1985 |        11.896 |            4.3292 |            1.8831 |            4.7943 |            0.8895
 34358 |    243 | 2020-03-03 22:29:35.5 |       13.1294 |       18.2086 |       12.0938 |            4.3969 |            1.9171 |            4.8748 |            0.9051
 34358 |    244 | 2020-03-03 22:29:48.5 |       13.1266 |       18.2118 |       12.3949 |            4.5126 |            1.9594 |            4.9989 |             0.924
 34358 |    245 | 2020-03-03 22:30:02.5 |       13.1334 |       18.2123 |       11.2632 |            4.0958 |            1.7827 |             4.545 |            0.8397
 34358 |    246 | 2020-03-03 22:30:12   |       13.1298 |       18.2093 |       11.5896 |            4.2145 |            1.8343 |            4.6746 |            0.8663
 34358 |    247 | 2020-03-03 22:30:21   |       13.1215 |       18.2081 |       11.8154 |            4.3033 |            1.8654 |            4.7651 |            0.8816
 34358 |    248 | 2020-03-03 22:30:30.5 |        13.128 |       18.2076 |       11.9213 |            4.3346 |            1.8885 |             4.806 |            0.8923
 34358 |    249 | 2020-03-03 22:30:40   |       13.1265 |        18.208 |         12.02 |             4.369 |             1.905 |             4.846 |               0.9
 34358 |    250 | 2020-03-03 22:30:53   |       13.1138 |       18.2077 |       11.0523 |            4.0181 |            1.7454 |            4.4669 |            0.8219
 34358 |    251 | 2020-03-03 22:31:06.5 |       13.1283 |       18.2087 |       11.2398 |            4.0883 |            1.7777 |            4.5364 |            0.8374
 34358 |    252 | 2020-03-03 22:31:16   |       13.1335 |       18.2107 |       11.8045 |            4.2944 |            1.8694 |            4.7578 |            0.8829
 34358 |    253 | 2020-03-03 22:31:26   |       13.1255 |       18.2071 |       11.7518 |            4.2735 |            1.8602 |            4.7397 |            0.8784
 34358 |    254 | 2020-03-03 22:31:36   |       13.1311 |       18.2065 |       12.1684 |            4.4234 |            1.9288 |            4.9043 |            0.9119
 34358 |    255 | 2020-03-03 22:31:45.5 |       13.1337 |        18.211 |       12.2598 |            4.4573 |            1.9451 |            4.9398 |            0.9176
 34358 |    256 | 2020-03-03 22:31:58.5 |       13.1242 |       18.2073 |        10.601 |            3.8551 |             1.674 |            4.2863 |            0.7856
 34358 |    257 | 2020-03-03 22:32:11.5 |        13.131 |       18.2073 |       11.5794 |            4.2117 |            1.8328 |            4.6702 |            0.8647
 34358 |    258 | 2020-03-03 22:32:21   |        13.131 |       18.2065 |        11.865 |             4.315 |             1.879 |             4.783 |             0.888
 34358 |    259 | 2020-03-03 22:32:31   |        13.129 |        18.208 |        12.014 |             4.368 |             1.904 |             4.843 |             0.899
 34358 |    260 | 2020-03-03 22:32:40.5 |       13.1363 |       18.2106 |       12.0788 |            4.3881 |            1.9164 |            4.8686 |            0.9056
 34358 |    261 | 2020-03-03 22:32:53   |        13.109 |       18.2077 |        11.134 |             4.048 |             1.758 |               4.5 |             0.828
 34358 |    262 | 2020-03-03 22:33:13.5 |       13.1267 |       18.2073 |       11.4844 |            4.1772 |            1.8162 |            4.6339 |            0.8571
 34358 |    263 | 2020-03-03 22:33:32.5 |       13.1285 |       18.2101 |       12.0096 |            4.3801 |            1.8927 |             4.846 |            0.8909
 34358 |    264 | 2020-03-03 22:33:42   |        13.127 |       18.2084 |       12.0657 |            4.3862 |             1.912 |            4.8641 |            0.9034
 34358 |    265 | 2020-03-03 22:33:51   |        13.125 |       18.2065 |       11.8434 |            4.3031 |            1.8757 |            4.7778 |            0.8867
 34358 |    266 | 2020-03-03 22:33:59.5 |       13.1164 |       18.2133 |       10.7696 |            3.9232 |             1.699 |            4.3515 |            0.7959
 34358 |    267 | 2020-03-03 22:34:08   |       13.1161 |       18.2094 |       11.2096 |              4.08 |            1.7706 |            4.5255 |            0.8335
 34358 |    268 | 2020-03-03 22:34:17   |        13.129 |       18.2072 |        11.659 |             4.241 |             1.845 |             4.702 |             0.871
 34358 |    269 | 2020-03-03 22:34:26   |       13.1132 |       18.2102 |       12.0618 |            4.3895 |            1.9085 |            4.8619 |            0.9018
 34358 |    270 | 2020-03-03 22:34:35   |       13.1335 |       18.2074 |       11.8646 |            4.3127 |            1.8805 |            4.7831 |            0.8883
 34358 |    271 | 2020-03-03 22:34:44   |       13.1287 |       18.2076 |       12.1503 |            4.4163 |            1.9266 |            4.8977 |            0.9097
 34358 |    272 | 2020-03-03 22:34:55   |       13.1067 |       18.2086 |       10.6516 |            3.8825 |            1.6736 |            4.3101 |            0.7855
 34358 |    273 | 2020-03-03 22:35:06   |       13.1325 |        18.216 |        11.181 |             4.073 |             1.766 |              4.51 |             0.832
 34358 |    274 | 2020-03-03 22:35:16   |        13.123 |       18.2076 |        11.335 |            4.1234 |            1.7915 |            4.5743 |            0.8458
 34358 |    275 | 2020-03-03 22:35:26   |       13.1334 |       18.2102 |       12.0722 |            4.3897 |            1.9142 |            4.8634 |            0.9049
 34358 |    276 | 2020-03-03 22:35:36   |       13.1234 |       18.2046 |       11.8464 |            4.3106 |            1.8729 |            4.7786 |            0.8843
 34358 |    277 | 2020-03-03 22:35:45.5 |       13.1281 |       18.2079 |       12.1797 |            4.4268 |            1.9309 |            4.9104 |            0.9116
 34358 |    278 | 2020-03-03 22:35:58.5 |       13.0852 |       18.2169 |       10.7403 |            3.9149 |             1.691 |            4.3453 |            0.7891
 34358 |    279 | 2020-03-03 22:36:11.5 |       13.1271 |       18.2071 |       11.3858 |            4.1419 |             1.801 |            4.5932 |            0.8497
 34358 |    280 | 2020-03-03 22:36:21   |        13.133 |       18.2097 |        11.968 |             4.353 |             1.896 |             4.823 |             0.896
 34358 |    281 | 2020-03-03 22:36:31   |        13.127 |       18.2089 |       11.8646 |            4.3142 |            1.8792 |            4.7831 |             0.888
 34358 |    282 | 2020-03-03 22:36:41   |       13.1285 |       18.2087 |        12.127 |             4.409 |             1.922 |             4.888 |             0.908
 34358 |    283 | 2020-03-03 22:36:54   |       13.1076 |       18.2071 |       10.9017 |            3.9631 |            1.7204 |            4.4082 |            0.8101
 34358 |    284 | 2020-03-03 22:37:07.5 |       13.1256 |        18.207 |         11.11 |            4.0411 |            1.7567 |             4.485 |            0.8272
 34358 |    285 | 2020-03-03 22:37:18   |       13.1321 |       18.2076 |       11.8253 |            4.3004 |            1.8731 |            4.7676 |            0.8842
 34358 |    286 | 2020-03-03 22:37:27.5 |       13.1308 |       18.2139 |         12.08 |            4.3985 |            1.9119 |            4.8696 |               0.9
 34358 |    287 | 2020-03-03 22:37:36.5 |       13.1267 |       18.2079 |       11.9876 |            4.3583 |            1.8993 |            4.8327 |            0.8974
 34358 |    288 | 2020-03-03 22:37:46   |       13.1339 |       18.2088 |       12.3919 |            4.5034 |            1.9664 |            4.9929 |            0.9292
 34358 |    289 | 2020-03-03 22:37:58.5 |       13.1316 |       18.2096 |       10.5136 |            3.8235 |            1.6612 |            4.2506 |            0.7783
 34358 |    290 | 2020-03-03 22:38:11.5 |       13.1261 |       18.2076 |       11.3195 |            4.1178 |            1.7896 |             4.568 |             0.844
 34358 |    291 | 2020-03-03 22:38:21   |         13.13 |       18.2054 |       11.8447 |            4.3066 |            1.8761 |            4.7752 |            0.8868
 34358 |    292 | 2020-03-03 22:38:31   |       13.1238 |       18.2074 |       11.7871 |             4.286 |            1.8657 |            4.7538 |            0.8816
 34358 |    293 | 2020-03-03 22:38:41   |         13.13 |       18.2055 |        12.195 |             4.433 |             1.934 |             4.915 |             0.913
 34358 |    294 | 2020-03-03 22:38:54   |       13.1087 |       18.2067 |       10.9551 |             3.982 |              1.73 |            4.4286 |            0.8146
 34358 |    295 | 2020-03-03 22:39:07   |       13.1278 |       18.2071 |       11.1696 |            4.0617 |            1.7667 |            4.5081 |            0.8331
 34358 |    296 | 2020-03-03 22:39:17   |       13.1325 |       18.2087 |        11.826 |             4.302 |             1.873 |             4.766 |             0.885
 34358 |    297 | 2020-03-03 22:39:27   |       13.1281 |       18.2087 |       11.7637 |            4.2783 |            1.8619 |            4.7435 |            0.8799
 34358 |    298 | 2020-03-03 22:39:36.5 |       13.1288 |       18.2082 |         12.07 |            4.3879 |            1.9133 |            4.8651 |            0.9036
 34358 |    299 | 2020-03-03 22:39:46   |       13.1333 |       18.2086 |       12.4473 |            4.5288 |            1.9726 |            5.0152 |            0.9307
 34358 |    300 | 2020-03-03 22:39:59   |       13.1304 |       18.2077 |       10.5234 |            3.8265 |            1.6626 |            4.2545 |            0.7797
 34358 |    301 | 2020-03-03 22:40:13   |       13.1307 |       18.2077 |        11.555 |            4.2033 |            1.8285 |            4.6596 |            0.8636
 34358 |    302 | 2020-03-03 22:40:27.5 |       13.0965 |       18.1888 |       11.7493 |            4.2843 |            1.8524 |            4.7388 |            0.8738
 34358 |    303 | 2020-03-03 22:40:39   |       13.1309 |       18.2082 |       12.1849 |            4.4292 |            1.9323 |            4.9106 |            0.9128
 34358 |    304 | 2020-03-03 22:40:47.5 |       13.1367 |        18.211 |        12.526 |            4.5534 |            1.9882 |            5.0452 |            0.9392
 34358 |    305 | 2020-03-03 22:40:57   |        13.126 |       18.2085 |        10.386 |             3.776 |              1.64 |             4.202 |             0.768
 34358 |    306 | 2020-03-03 22:41:07   |        13.127 |       18.2081 |       11.1278 |            4.0478 |             1.759 |            4.4926 |            0.8284
 34358 |    307 | 2020-03-03 22:41:17   |        13.133 |       18.2095 |        11.829 |             4.302 |             1.874 |             4.768 |             0.885
 34358 |    308 | 2020-03-03 22:41:26.5 |       13.1211 |       18.2076 |       11.8561 |            4.3147 |            1.8757 |            4.7803 |            0.8854
 34358 |    309 | 2020-03-03 22:41:36   |       13.1367 |       18.2095 |       12.1044 |            4.3981 |            1.9199 |            4.8792 |            0.9072
 34358 |    310 | 2020-03-03 22:41:46   |       13.1334 |       18.2099 |       12.4699 |            4.5366 |            1.9761 |            5.0244 |            0.9328
 34358 |    311 | 2020-03-03 22:41:59   |       13.1258 |       18.2057 |       10.4275 |            3.7922 |            1.6455 |             4.218 |            0.7718
 34358 |    312 | 2020-03-03 22:42:12   |        13.082 |       18.1993 |         11.58 |             4.227 |             1.821 |             4.675 |             0.857
 34358 |    313 | 2020-03-03 22:42:22   |       13.1328 |       18.2114 |       11.8845 |            4.3226 |            1.8827 |            4.7903 |            0.8888
 34358 |    314 | 2020-03-03 22:42:31.5 |       13.1027 |        18.214 |       12.2191 |            4.4489 |            1.9328 |            4.9263 |             0.911
 34358 |    315 | 2020-03-03 22:42:41   |       13.1325 |        18.209 |        12.312 |             4.476 |             1.953 |              4.96 |             0.923
 34358 |    316 | 2020-03-03 22:42:54   |       13.1047 |       18.2076 |       10.9337 |            3.9764 |            1.7243 |            4.4209 |             0.812
 34358 |    317 | 2020-03-03 22:43:09   |       13.1285 |       18.2001 |       11.2105 |            4.0811 |            1.7713 |            4.5227 |            0.8354
 34358 |    318 | 2020-03-03 22:43:20.5 |       13.1301 |       18.2067 |       11.7662 |            4.2779 |            1.8627 |            4.7448 |            0.8809
 34358 |    319 | 2020-03-03 22:43:29.5 |       13.1338 |       18.2085 |        12.161 |            4.4219 |            1.9288 |            4.8983 |             0.912
 34358 |    320 | 2020-03-03 22:43:38.5 |       13.1242 |       18.2082 |       11.8991 |            4.3271 |            1.8835 |            4.7997 |            0.8888
 34358 |    321 | 2020-03-03 22:43:51   |       13.1315 |       18.2062 |        12.334 |             4.482 |             1.957 |             4.971 |             0.924
 34358 |    322 | 2020-03-03 22:44:04   |       13.1305 |       18.2052 |        11.136 |              4.05 |             1.761 |             4.496 |             0.829
 34358 |    323 | 2020-03-03 22:44:13   |       13.1355 |       18.2087 |        11.368 |            4.1333 |            1.7993 |            4.5866 |            0.8489
 34358 |    324 | 2020-03-03 22:44:22   |       13.1318 |        18.208 |       11.8864 |            4.3235 |            1.8826 |            4.7914 |            0.8889
 34358 |    325 | 2020-03-03 22:44:31.5 |        13.129 |       18.2007 |       11.9702 |            4.3601 |            1.8923 |            4.8247 |            0.8931
 34358 |    326 | 2020-03-03 22:44:41   |       13.1301 |       18.2076 |       11.9343 |            4.3364 |            1.8922 |            4.8121 |            0.8937
 34358 |    327 | 2020-03-03 22:44:54.5 |       13.1095 |       18.2074 |       10.7588 |            3.9124 |            1.6968 |            4.3513 |            0.7982
 34358 |    328 | 2020-03-03 22:45:07.5 |       13.1297 |       18.2069 |       11.3076 |             4.112 |            1.7889 |            4.5633 |            0.8435
 34358 |    329 | 2020-03-03 22:45:17   |       13.1233 |       18.1924 |       11.4003 |            4.1525 |            1.7986 |            4.6001 |             0.849
 34358 |    330 | 2020-03-03 22:45:27   |       13.1335 |         18.21 |        12.117 |             4.407 |             1.921 |             4.882 |             0.907
 34358 |    331 | 2020-03-03 22:45:37   |       13.1224 |       18.2023 |       11.8281 |            4.3074 |             1.867 |            4.7722 |            0.8815
 34358 |    332 | 2020-03-03 22:45:46.5 |       13.1254 |       18.2073 |       12.0144 |            4.3673 |            1.9033 |            4.8447 |            0.8991
 34358 |    333 | 2020-03-03 22:45:59   |       13.1335 |       18.2105 |        11.006 |             4.003 |             1.741 |             4.444 |             0.818
 34358 |    334 | 2020-03-03 22:46:12   |       13.1263 |        18.208 |       11.2467 |            4.0886 |            1.7797 |             4.538 |            0.8404
 34358 |    335 | 2020-03-03 22:46:22   |       13.1296 |       18.2073 |       11.8487 |            4.3098 |            1.8759 |            4.7763 |            0.8867
 34358 |    336 | 2020-03-03 22:46:32   |       13.1325 |       18.2118 |        12.252 |             4.457 |             1.943 |             4.935 |             0.917
 34358 |    337 | 2020-03-03 22:46:41.5 |       13.1315 |       18.2073 |       12.2776 |            4.4625 |            1.9474 |            4.9474 |            0.9203
 34358 |    338 | 2020-03-03 22:46:54   |       13.1046 |       18.2086 |       10.9065 |            3.9667 |            1.7202 |            4.4102 |            0.8094
 34358 |    339 | 2020-03-03 22:47:08   |        13.129 |       18.2116 |       11.2863 |            4.1054 |            1.7854 |            4.5537 |            0.8417
 34358 |    340 | 2020-03-03 22:47:22   |       13.1288 |       18.2095 |       11.7903 |            4.2887 |            1.8663 |            4.7538 |            0.8815
 34358 |    341 | 2020-03-03 22:47:35   |       13.1245 |        18.208 |        11.833 |             4.303 |             1.873 |             4.772 |             0.885
 34358 |    342 | 2020-03-03 22:47:43.5 |       13.1231 |       18.2089 |       12.0826 |            4.3939 |            1.9132 |            4.8724 |             0.903
 34358 |    343 | 2020-03-03 22:47:52   |       13.1239 |       18.2073 |       12.0591 |            4.3835 |            1.9104 |            4.8624 |            0.9028
 34358 |    344 | 2020-03-03 22:48:03.5 |       13.1296 |       18.2127 |       11.0778 |            4.0329 |            1.7495 |             4.473 |            0.8225
 34358 |    345 | 2020-03-03 22:48:15.5 |       13.1273 |       18.2079 |       11.4781 |             4.175 |            1.8156 |            4.6301 |            0.8574
 34358 |    346 | 2020-03-03 22:48:25   |       13.1318 |       18.1941 |       11.9244 |            4.3385 |             1.888 |            4.8053 |            0.8925
 34358 |    347 | 2020-03-03 22:48:33   |       13.1255 |       18.2166 |       11.9308 |            4.3463 |            1.8831 |            4.8133 |            0.8881
 34358 |    348 | 2020-03-03 22:48:41.5 |       13.1286 |       18.2088 |       12.1394 |            4.4133 |            1.9237 |            4.8932 |            0.9093
 34358 |    349 | 2020-03-03 22:48:54   |       13.1198 |       18.2098 |       11.0581 |            4.0194 |            1.7472 |            4.4681 |            0.8234
 34358 |    350 | 2020-03-03 22:49:07   |        13.126 |       18.2078 |        11.099 |             4.037 |             1.754 |             4.481 |             0.827
 34358 |    351 | 2020-03-03 22:49:17   |       13.1338 |       18.2048 |       11.7167 |            4.2603 |            1.8559 |            4.7232 |            0.8773
 34358 |    352 | 2020-03-03 22:49:27   |       13.1484 |        18.214 |       12.2001 |            4.4358 |            1.9367 |             4.913 |            0.9147
 34358 |    353 | 2020-03-03 22:49:37   |        13.138 |       18.2099 |       12.3096 |            4.4747 |            1.9536 |            4.9577 |            0.9236
 34358 |    354 | 2020-03-03 22:49:47   |       13.0656 |       18.1959 |       12.0644 |            4.3923 |            1.9055 |            4.8665 |            0.9001
 34358 |    355 | 2020-03-03 22:50:00   |       13.1301 |       18.2085 |       10.5472 |            3.8358 |            1.6666 |             4.263 |            0.7818
 34358 |    356 | 2020-03-03 22:50:12.5 |        13.123 |       18.2091 |       11.5554 |            4.2128 |            1.8204 |            4.6651 |             0.857
 34358 |    357 | 2020-03-03 22:50:22   |        13.125 |       18.2152 |        11.803 |             4.303 |             1.861 |             4.763 |             0.876
 34358 |    358 | 2020-03-03 22:50:32   |       13.1305 |       18.2079 |       12.0492 |            4.3816 |            1.9088 |            4.8562 |            0.9025
 34358 |    359 | 2020-03-03 22:50:44   |       13.1266 |       18.2084 |       12.0019 |            4.3636 |            1.9014 |            4.8389 |             0.898
 34358 |    360 | 2020-03-03 22:50:57.5 |       13.1301 |       18.2071 |       10.6301 |            3.8643 |            1.6799 |            4.2979 |             0.788
 34358 |    361 | 2020-03-03 22:51:09   |       13.1306 |       18.2149 |       11.4728 |            4.1844 |            1.8081 |            4.6303 |            0.8501
 34358 |    362 | 2020-03-03 22:51:18   |        13.124 |       18.1825 |        11.408 |             4.154 |             1.803 |               4.6 |             0.851
 34358 |    363 | 2020-03-03 22:51:27   |       13.1293 |       18.2071 |       11.8905 |            4.3244 |            1.8831 |            4.7934 |            0.8895
 34358 |    364 | 2020-03-03 22:51:37   |        13.127 |       18.2145 |        12.235 |             4.462 |             1.929 |             4.935 |             0.909
 34358 |    365 | 2020-03-03 22:51:46.5 |       13.1247 |       18.2076 |       11.9958 |            4.3609 |            1.9005 |            4.8367 |            0.8978
 34358 |    366 | 2020-03-03 22:51:59   |       13.1343 |       18.2072 |       10.6845 |            3.8837 |            1.6904 |            4.3182 |            0.7922
 34358 |    367 | 2020-03-03 22:52:12   |        13.127 |       18.2061 |       11.3561 |            4.1302 |            1.7961 |            4.5819 |            0.8478
 34358 |    368 | 2020-03-03 22:52:22   |        13.128 |       18.2084 |       11.7395 |            4.2706 |            1.8582 |            4.7334 |            0.8774
 34358 |    369 | 2020-03-03 22:52:32   |       13.1245 |       18.2077 |        11.776 |             4.282 |             1.864 |             4.749 |             0.881
 34358 |    370 | 2020-03-03 22:52:42   |       13.1335 |       18.2112 |        12.173 |             4.426 |             1.931 |             4.904 |             0.912
 34358 |    371 | 2020-03-03 22:52:55   |        13.109 |       18.2083 |        10.802 |             3.928 |             1.704 |             4.368 |             0.802
 34358 |    372 | 2020-03-03 22:53:10   |       13.1285 |       18.2082 |       11.3433 |             4.126 |            1.7942 |            4.5768 |            0.8462
 34358 |    373 | 2020-03-03 22:53:20.5 |       13.1281 |       18.2116 |       11.9358 |            4.3451 |            1.8899 |             4.811 |            0.8897
 34358 |    374 | 2020-03-03 22:53:29   |       13.1241 |       18.2077 |       11.7656 |            4.2785 |            1.8624 |            4.7449 |            0.8799
 34358 |    375 | 2020-03-03 22:53:38   |       13.1298 |       18.2072 |       12.1228 |            4.4079 |            1.9216 |            4.8856 |            0.9078
 34358 |    376 | 2020-03-03 22:53:47.5 |       13.1326 |       18.2099 |       12.3886 |            4.5041 |            1.9651 |            4.9907 |            0.9287
 34358 |    377 | 2020-03-03 22:54:00.5 |       13.1344 |       18.2091 |       10.8486 |            3.9456 |            1.7155 |            4.3818 |            0.8056
 34358 |    378 | 2020-03-03 22:54:14.5 |       13.0816 |       18.1994 |       11.4649 |            4.1835 |            1.8046 |            4.6276 |            0.8492
 34358 |    379 | 2020-03-03 22:54:27.5 |       13.1402 |       18.2046 |       11.9958 |             4.359 |            1.9032 |            4.8339 |            0.8998
 34358 |    380 | 2020-03-03 22:54:39   |       13.1348 |       18.2081 |       12.0193 |            4.3692 |            1.9059 |            4.8445 |            0.8998
 34358 |    381 | 2020-03-03 22:54:48.5 |       13.1287 |       18.2086 |       12.2215 |            4.4418 |            1.9379 |            4.9264 |            0.9154
 34358 |    382 | 2020-03-03 22:54:58   |        13.074 |       18.2169 |       10.5864 |            3.8585 |            1.6652 |            4.2859 |            0.7768
 34358 |    383 | 2020-03-03 22:55:08   |       13.1303 |       18.2096 |       11.3632 |            4.1331 |            1.7982 |             4.584 |             0.848
 34358 |    384 | 2020-03-03 22:55:18   |        13.125 |       18.2082 |        11.454 |             4.167 |             1.811 |             4.621 |             0.855
 34358 |    385 | 2020-03-03 22:55:28   |       13.1329 |       18.2087 |       12.0646 |             4.387 |             1.912 |            4.8613 |            0.9043
 34358 |    386 | 2020-03-03 22:55:38   |        13.133 |        18.211 |        12.108 |             4.403 |              1.92 |             4.879 |             0.906
 34358 |    387 | 2020-03-03 22:55:47.5 |       13.1342 |       18.2106 |       12.1505 |            4.4154 |            1.9274 |            4.8967 |             0.911
 34358 |    388 | 2020-03-03 22:56:00   |       13.1328 |       18.2081 |       10.6564 |            3.8743 |            1.6845 |            4.3065 |             0.791
 34358 |    389 | 2020-03-03 22:56:13   |       13.1252 |        18.208 |       11.2696 |            4.0997 |            1.7815 |            4.5478 |            0.8405
 34358 |    390 | 2020-03-03 22:56:23   |       13.1286 |       18.2085 |       11.8141 |            4.2977 |            1.8701 |            4.7624 |            0.8839
 34358 |    391 | 2020-03-03 22:56:32.5 |       13.0913 |       18.2157 |       12.2576 |            4.4705 |            1.9343 |            4.9406 |            0.9121
 34358 |    392 | 2020-03-03 22:56:42   |        13.124 |        18.193 |        11.903 |              4.33 |             1.884 |             4.799 |              0.89
 34358 |    393 | 2020-03-03 22:56:55.5 |       13.0889 |       18.1997 |       11.0375 |            4.0212 |             1.738 |             4.462 |            0.8163
 34358 |    394 | 2020-03-03 22:57:08.5 |       13.1065 |       18.2057 |       11.2907 |            4.1235 |            1.7728 |            4.5615 |             0.833
 34358 |    395 | 2020-03-03 22:57:17.5 |       13.1293 |       18.2082 |       11.6588 |            4.2407 |            1.8449 |             4.702 |            0.8712
 34358 |    396 | 2020-03-03 22:57:27.5 |       13.1338 |       18.2078 |        12.098 |            4.4007 |            1.9173 |            4.8737 |            0.9063
 34358 |    397 | 2020-03-03 22:57:37.5 |       13.1327 |       18.2117 |       12.0888 |            4.3966 |            1.9159 |            4.8719 |            0.9044
 34358 |    398 | 2020-03-03 22:57:51   |       13.0678 |       18.1917 |       12.1229 |            4.4158 |            1.9132 |            4.8903 |            0.9035
 34358 |    399 | 2020-03-03 22:58:07.5 |       13.1196 |       18.2067 |       11.0881 |            4.0353 |            1.7503 |            4.4779 |            0.8246
 34358 |    400 | 2020-03-03 22:58:20   |       13.1325 |       18.2105 |        11.693 |             4.254 |             1.851 |             4.714 |             0.874
 34358 |    401 | 2020-03-03 22:58:27.5 |       13.1261 |       18.2074 |       11.7545 |            4.2745 |            1.8606 |              4.74 |            0.8794
 34358 |    402 | 2020-03-03 22:58:36   |        13.131 |       18.2073 |        12.143 |             4.415 |             1.925 |             4.893 |              0.91
 34358 |    403 | 2020-03-03 22:58:45   |       13.1171 |       18.2116 |       12.2868 |            4.4723 |            1.9433 |            4.9547 |            0.9165
 34358 |    404 | 2020-03-03 22:58:56   |       13.1134 |       18.2058 |       10.8629 |            3.9593 |             1.707 |            4.3953 |            0.8013
 34358 |    405 | 2020-03-03 22:59:08   |       13.1293 |         18.21 |       11.1241 |            4.0474 |            1.7584 |            4.4902 |            0.8281
 34358 |    406 | 2020-03-03 22:59:18   |        13.127 |       18.2077 |        11.536 |             4.196 |             1.825 |             4.653 |             0.862
 34358 |    407 | 2020-03-03 22:59:28   |       13.1336 |       18.2105 |        12.121 |            4.4075 |            1.9227 |            4.8817 |            0.9091
 34358 |    408 | 2020-03-03 22:59:37.5 |       13.1242 |       18.2095 |       11.8627 |            4.3139 |            1.8778 |            4.7845 |            0.8866
 34358 |    409 | 2020-03-03 22:59:47   |       13.1306 |       18.2075 |        12.223 |            4.4422 |            1.9377 |             4.927 |            0.9161
 34358 |    410 | 2020-03-03 23:00:00   |        13.132 |         18.21 |       10.5172 |            3.8247 |            1.6617 |            4.2519 |            0.7788
 34358 |    411 | 2020-03-03 23:00:13   |       13.1337 |        18.212 |       11.5053 |            4.1857 |            1.8216 |            4.6395 |            0.8585
 34358 |    412 | 2020-03-03 23:00:23   |       13.1327 |       18.2086 |       11.9469 |            4.3456 |            1.8929 |            4.8137 |            0.8947
 34358 |    413 | 2020-03-03 23:00:32.5 |       13.1345 |       18.2117 |       12.1174 |            4.4079 |            1.9214 |            4.8814 |            0.9067
 34358 |    414 | 2020-03-03 23:00:42   |       13.1255 |       18.2082 |        11.974 |             4.353 |             1.897 |             4.828 |             0.896
 34358 |    415 | 2020-03-03 23:00:55   |       13.1198 |       18.2093 |       11.3667 |            4.1327 |            1.7981 |            4.5896 |            0.8463
 34358 |    416 | 2020-03-03 23:01:08.5 |       13.1078 |       18.2148 |       11.2655 |            4.1079 |            1.7753 |            4.5498 |            0.8325
 34358 |    417 | 2020-03-03 23:01:22   |       13.1315 |       18.2085 |        11.865 |             4.316 |             1.879 |             4.782 |             0.888
 34358 |    418 | 2020-03-03 23:01:35   |        13.124 |       18.2109 |        11.804 |            4.2914 |            1.8689 |            4.7611 |            0.8826
 34358 |    419 | 2020-03-03 23:01:44   |       13.1275 |       18.2079 |        12.077 |            4.3901 |            1.9138 |            4.8683 |            0.9047
 34358 |    420 | 2020-03-03 23:01:52   |       13.1294 |        18.208 |       12.3316 |            4.4814 |            1.9561 |              4.97 |            0.9241
 34358 |    421 | 2020-03-03 23:02:02   |        13.125 |       18.1968 |        11.027 |             4.024 |             1.733 |             4.458 |             0.812
 34358 |    422 | 2020-03-03 23:02:13   |       13.1313 |       18.2089 |       11.5318 |            4.1946 |             1.825 |            4.6505 |            0.8617
 34358 |    423 | 2020-03-03 23:02:23   |       13.1298 |       18.2085 |       11.8005 |            4.2918 |            1.8682 |            4.7573 |            0.8832
 34358 |    424 | 2020-03-03 23:02:32.5 |       13.1301 |       18.2074 |        11.999 |            4.3624 |             1.902 |             4.835 |            0.8996
 34358 |    425 | 2020-03-03 23:02:42   |       13.1275 |        18.208 |         12.07 |             4.388 |             1.913 |             4.865 |             0.904
 34358 |    426 | 2020-03-03 23:02:55   |       13.1151 |       18.2083 |        11.498 |            4.1801 |             1.818 |            4.6418 |            0.8581
 34358 |    427 | 2020-03-03 23:03:10   |       13.1345 |       18.1951 |       11.4373 |            4.1605 |            1.8107 |             4.613 |            0.8532
 34358 |    428 | 2020-03-03 23:03:21   |       13.1263 |       18.2076 |       11.5637 |            4.2058 |            1.8295 |            4.6646 |            0.8639
 34358 |    429 | 2020-03-03 23:03:29.5 |       13.1303 |       18.2084 |       11.9807 |            4.3571 |            1.8977 |            4.8287 |            0.8972
 34358 |    430 | 2020-03-03 23:03:38.5 |       13.1332 |       18.2097 |       12.2847 |            4.4669 |            1.9481 |            4.9489 |            0.9208
 34358 |    431 | 2020-03-03 23:03:47.5 |       13.1251 |       18.2079 |       11.9922 |            4.3594 |            1.8998 |            4.8353 |            0.8977
 34358 |    432 | 2020-03-03 23:04:00.5 |       13.1316 |       18.2103 |       10.7457 |            3.9107 |            1.6958 |            4.3436 |            0.7955
 34358 |    433 | 2020-03-03 23:04:13   |       13.1289 |        18.206 |       11.4386 |             4.161 |            1.8089 |            4.6148 |            0.8539
 34358 |    434 | 2020-03-03 23:04:23   |       13.1298 |       18.2177 |       11.9312 |            4.3534 |            1.8796 |            4.8123 |            0.8858
 34358 |    435 | 2020-03-03 23:04:33   |       13.1254 |       18.2083 |       11.8345 |            4.3039 |             1.873 |            4.7721 |            0.8855
 34358 |    436 | 2020-03-03 23:04:43   |       13.1309 |       18.2061 |       12.2266 |            4.4435 |            1.9389 |            4.9278 |            0.9165
 34358 |    437 | 2020-03-03 23:04:56   |       13.1104 |       18.2075 |       10.9227 |            3.9719 |            1.7237 |            4.4159 |            0.8112
 34358 |    438 | 2020-03-03 23:05:08.5 |       13.1243 |       18.2097 |       11.2033 |            4.0826 |            1.7666 |            4.5233 |            0.8308
 34358 |    439 | 2020-03-03 23:05:18   |       13.1295 |       18.2082 |        11.641 |             4.235 |             1.842 |             4.694 |              0.87
 34358 |    440 | 2020-03-03 23:05:28.5 |       13.1316 |       18.1951 |       11.9962 |            4.3649 |            1.9001 |             4.835 |            0.8962
 34358 |    441 | 2020-03-03 23:05:38.5 |       13.1249 |       18.2078 |       11.9068 |            4.3292 |            1.8857 |             4.801 |            0.8909
 34358 |    442 | 2020-03-03 23:05:47.5 |       13.1311 |       18.2086 |       12.2598 |            4.4562 |            1.9443 |            4.9409 |            0.9183
 34358 |    443 | 2020-03-03 23:06:00   |       13.1205 |        18.183 |       10.3987 |            3.7857 |            1.6382 |            4.2067 |            0.7681
 34358 |    444 | 2020-03-03 23:06:13   |       13.1283 |       18.2099 |       11.3831 |            4.1404 |            1.8003 |            4.5932 |            0.8491
 34358 |    445 | 2020-03-03 23:06:23   |       13.1239 |       18.2129 |       11.7509 |            4.2768 |             1.859 |            4.7383 |            0.8768
 34358 |    446 | 2020-03-03 23:06:33   |        13.127 |       18.2074 |       11.8093 |            4.2942 |            1.8696 |            4.7627 |            0.8828
 34358 |    447 | 2020-03-03 23:06:43   |        13.132 |       18.2086 |       12.3034 |            4.4732 |            1.9517 |            4.9565 |            0.9221
 34358 |    448 | 2020-03-03 23:06:56   |       13.1118 |        18.208 |       11.0375 |            4.0134 |            1.7429 |            4.4607 |            0.8205
 34358 |    449 | 2020-03-03 23:07:10   |         13.13 |       18.2052 |        11.335 |             4.123 |             1.793 |             4.574 |             0.845
 34358 |    450 | 2020-03-03 23:07:20   |       13.1344 |       18.2119 |       11.9768 |            4.3584 |            1.8978 |            4.8247 |            0.8959
 34358 |    451 | 2020-03-03 23:07:30   |       13.1245 |       18.2088 |        11.715 |             4.261 |             1.853 |             4.725 |             0.876
 34358 |    452 | 2020-03-03 23:07:39.5 |       13.1309 |       18.2096 |       12.0579 |            4.3844 |            1.9116 |            4.8589 |             0.903
 34358 |    453 | 2020-03-03 23:07:52   |         13.13 |       18.2057 |        12.282 |             4.463 |             1.948 |              4.95 |             0.921
 34358 |    454 | 2020-03-03 23:08:05.5 |       13.1268 |       18.2092 |        10.974 |            3.9935 |            1.7328 |            4.4321 |            0.8156
 34358 |    455 | 2020-03-03 23:08:21.5 |       13.1374 |       18.2126 |       11.7839 |            4.2876 |             1.867 |            4.7485 |            0.8809
 34358 |    456 | 2020-03-03 23:08:35   |       13.1262 |       18.2076 |       11.9603 |            4.3488 |            1.8943 |            4.8221 |            0.8951
 34358 |    457 | 2020-03-03 23:08:43   |       13.1314 |       18.2072 |       12.2468 |            4.4516 |            1.9421 |            4.9356 |            0.9175
 34358 |    458 | 2020-03-03 23:08:52   |       13.1304 |       18.2101 |       12.4357 |            4.5209 |            1.9731 |            5.0096 |            0.9321
 34358 |    459 | 2020-03-03 23:09:01.5 |       13.1239 |       18.2075 |       10.6012 |            3.8549 |            1.6739 |            4.2862 |            0.7861
 34358 |    460 | 2020-03-03 23:09:11   |       13.1313 |       18.2082 |       11.2627 |            4.0967 |            1.7813 |            4.5449 |            0.8399
 34358 |    461 | 2020-03-03 23:09:20.5 |       13.1059 |       18.2047 |       11.7097 |             4.265 |            1.8489 |            4.7238 |             0.872
 34358 |    462 | 2020-03-03 23:09:30   |       13.1265 |       18.2077 |        11.806 |             4.293 |             1.869 |             4.761 |             0.883
 34358 |    463 | 2020-03-03 23:09:40   |       13.1415 |       18.2083 |        12.269 |             4.459 |            1.9474 |            4.9418 |            0.9208
 34358 |    464 | 2020-03-03 23:09:52   |       13.1405 |       18.2092 |       12.3507 |            4.4878 |            1.9612 |            4.9754 |            0.9264
 34358 |    465 | 2020-03-03 23:10:04.5 |        13.131 |       18.2085 |       11.0232 |            4.0091 |            1.7437 |            4.4504 |            0.8201
 34358 |    466 | 2020-03-03 23:10:15   |       13.1344 |       18.2061 |       11.6155 |            4.2224 |             1.841 |            4.6828 |            0.8693
 34358 |    467 | 2020-03-03 23:10:25   |       13.1264 |        18.208 |       11.6842 |            4.2494 |            1.8493 |            4.7116 |            0.8739
 34358 |    468 | 2020-03-03 23:10:35   |       13.1253 |       18.2074 |       11.8534 |            4.3103 |            1.8767 |            4.7793 |            0.8872
 34358 |    469 | 2020-03-03 23:10:45   |       13.1304 |       18.2058 |       12.2582 |            4.4557 |             1.944 |            4.9394 |            0.9193
 34358 |    470 | 2020-03-03 23:10:58   |        13.109 |       18.2085 |        10.388 |             3.778 |             1.637 |             4.205 |             0.768
 34358 |    471 | 2020-03-03 23:11:11   |       13.1311 |       18.2076 |       11.4345 |            4.1589 |            1.8091 |            4.6131 |            0.8533
 34358 |    472 | 2020-03-03 23:11:21   |       13.1279 |       18.2078 |       11.7149 |            4.2748 |            1.8455 |            4.7264 |            0.8682
 34358 |    473 | 2020-03-03 23:11:30.5 |       13.1277 |       18.2085 |       11.8829 |            4.3216 |             1.882 |            4.7903 |            0.8889
 34358 |    474 | 2020-03-03 23:11:40   |       13.1318 |       18.2081 |        12.235 |            4.4487 |            1.9397 |              4.93 |            0.9165
 34358 |    475 | 2020-03-03 23:11:53   |       13.1281 |       18.2098 |       12.3053 |            4.4752 |            1.9496 |            4.9609 |            0.9195
 34358 |    476 | 2020-03-03 23:12:06   |       13.1305 |       18.2067 |        11.144 |             4.053 |             1.762 |             4.499 |              0.83
 34358 |    477 | 2020-03-03 23:12:15.5 |       13.1339 |       18.2098 |       11.6586 |            4.2414 |            1.8462 |            4.7006 |            0.8704
 34358 |    478 | 2020-03-03 23:12:25   |       13.1258 |       18.2073 |       11.6627 |            4.2421 |            1.8448 |             4.704 |            0.8718
 34358 |    479 | 2020-03-03 23:12:35   |       13.1322 |       18.2073 |       12.1188 |            4.4054 |            1.9215 |            4.8836 |            0.9084
 34358 |    480 | 2020-03-03 23:12:45   |       13.1289 |       18.1831 |       12.2213 |            4.4475 |            1.9348 |            4.9255 |            0.9135
 34358 |    481 | 2020-03-03 23:12:58.5 |       13.1092 |       18.2085 |       10.3515 |            3.7646 |            1.6314 |            4.1899 |            0.7657
 34358 |    482 | 2020-03-03 23:13:11.5 |       13.1342 |       18.2088 |        11.511 |            4.1857 |            1.8234 |            4.6422 |            0.8597
 34358 |    483 | 2020-03-03 23:13:21   |       13.1258 |        18.208 |       11.6782 |            4.2532 |            1.8451 |            4.7096 |            0.8703
 34358 |    484 | 2020-03-03 23:13:30.5 |       13.1291 |       18.2082 |       11.9424 |            4.3426 |            1.8909 |            4.8146 |            0.8944
 34358 |    485 | 2020-03-03 23:13:40.5 |       13.1334 |       18.2103 |       12.3437 |            4.4882 |             1.958 |            4.9721 |            0.9253
 34358 |    486 | 2020-03-03 23:13:52   |       13.1269 |       18.2084 |       12.2228 |            4.4429 |            1.9376 |            4.9277 |            0.9147
 34358 |    487 | 2020-03-03 23:14:05   |       13.1284 |       18.2081 |       11.0002 |            4.0001 |            1.7392 |            4.4422 |            0.8187
 34358 |    488 | 2020-03-03 23:14:15.5 |       13.1117 |       18.2136 |       11.6273 |             4.241 |            1.8303 |            4.6948 |            0.8612
 34358 |    489 | 2020-03-03 23:14:25.5 |       13.1268 |       18.2077 |       11.7158 |            4.2611 |            1.8546 |            4.7247 |            0.8754
 34358 |    490 | 2020-03-03 23:14:35.5 |       13.1352 |       18.2077 |       12.1837 |            4.4295 |            1.9321 |             4.909 |            0.9131
 34358 |    491 | 2020-03-03 23:14:45   |        13.077 |       18.1983 |       12.0787 |            4.4019 |            1.9044 |            4.8737 |            0.8987
 34358 |    492 | 2020-03-03 23:14:58   |       13.1085 |        18.208 |        10.425 |             3.792 |             1.642 |              4.22 |             0.771
 34358 |    493 | 2020-03-03 23:15:11.5 |        13.127 |       18.2077 |       11.2065 |            4.0769 |            1.7709 |            4.5229 |            0.8358
 34358 |    494 | 2020-03-03 23:15:24.5 |       13.1297 |        18.211 |       11.8357 |              4.31 |            1.8697 |            4.7731 |            0.8829
 34358 |    495 | 2020-03-03 23:15:41   |       13.1328 |       18.2081 |       12.2775 |            4.4623 |            1.9475 |            4.9467 |             0.921
(496 rows)

