  run  | subrun |         time          | step1_voltage | step2_voltage | total_current | pos_2step_current | pos_1step_current | neg_2step_current | neg_1step_current 
-------+--------+-----------------------+---------------+---------------+---------------+-------------------+-------------------+-------------------+-------------------
 34423 |      0 | 2020-03-05 13:16:15   |       13.1275 |       18.2072 |        12.087 |             4.393 |             1.916 |             4.873 |             0.905
 34423 |      1 | 2020-03-05 13:16:28   |       13.1351 |       18.2102 |       10.6899 |            3.8874 |            1.6908 |            4.3201 |            0.7917
 34423 |      2 | 2020-03-05 13:16:40.5 |       13.0998 |       18.1945 |       11.2453 |            4.1014 |            1.7691 |            4.5422 |            0.8326
 34423 |      3 | 2020-03-05 13:16:50   |       13.1286 |       18.2075 |       11.7146 |            4.2603 |            1.8542 |             4.725 |             0.875
 34423 |      4 | 2020-03-05 13:17:00.5 |       13.1344 |        18.209 |       12.1845 |              4.43 |            1.9322 |            4.9086 |            0.9137
 34423 |      5 | 2020-03-05 13:17:14.5 |       13.1257 |       18.2068 |       12.0085 |            4.3643 |            1.9027 |            4.8428 |            0.8986
 34423 |      6 | 2020-03-05 13:17:27.5 |       13.1273 |       18.2118 |       10.6865 |            3.8894 |            1.6879 |            4.3212 |             0.788
 34423 |      7 | 2020-03-05 13:17:36   |       13.1317 |       18.2112 |       11.1311 |            4.0537 |            1.7575 |             4.494 |            0.8259
 34423 |      8 | 2020-03-05 13:17:45.5 |       13.1262 |       18.2066 |        11.414 |            4.1503 |            1.8066 |            4.6048 |            0.8523
 34423 |      9 | 2020-03-05 13:17:55   |        13.131 |        18.206 |        11.926 |             4.336 |              1.89 |             4.807 |             0.893
 34423 |     10 | 2020-03-05 13:18:07   |       13.1325 |       18.2107 |        12.124 |             4.409 |             1.923 |             4.885 |             0.907
 34423 |     11 | 2020-03-05 13:18:18   |       13.1317 |       18.2049 |       12.2384 |            4.4473 |             1.941 |            4.9329 |            0.9172
 34423 |     12 | 2020-03-05 13:18:29   |       13.1365 |        18.211 |       10.8186 |            3.9346 |            1.7118 |            4.3696 |            0.8026
 34423 |     13 | 2020-03-05 13:18:40.5 |       13.1243 |       18.2069 |       11.1803 |            4.0669 |            1.7669 |             4.513 |            0.8336
 34423 |     14 | 2020-03-05 13:18:51   |        13.131 |       18.2057 |        11.819 |             4.298 |             1.872 |             4.765 |             0.884
 34423 |     15 | 2020-03-05 13:19:00.5 |       13.1345 |       18.2102 |       12.1573 |             4.422 |            1.9279 |            4.8974 |              0.91
 34423 |     16 | 2020-03-05 13:19:10   |       13.1241 |       18.2088 |       11.9014 |            4.3262 |            1.8852 |            4.8005 |            0.8896
 34423 |     17 | 2020-03-05 13:19:23   |        13.118 |       18.2065 |         11.73 |             4.264 |             1.856 |             4.734 |             0.876
 34423 |     18 | 2020-03-05 13:19:36   |       13.1321 |       18.2096 |        11.102 |            4.0396 |            1.7561 |            4.4806 |            0.8258
 34423 |     19 | 2020-03-05 13:19:46   |       13.1287 |       18.2079 |       11.5441 |            4.1986 |            1.8271 |            4.6565 |            0.8618
 34423 |     20 | 2020-03-05 13:19:56   |       13.1347 |       18.2091 |       12.0607 |            4.3869 |            1.9115 |            4.8599 |            0.9024
 34423 |     21 | 2020-03-05 13:20:05.5 |       13.0898 |       18.1991 |       12.2338 |             4.456 |            1.9335 |            4.9325 |            0.9118
 34423 |     22 | 2020-03-05 13:20:15.5 |       13.1252 |       18.2068 |       12.0119 |            4.3647 |            1.9039 |            4.8438 |            0.8994
 34423 |     23 | 2020-03-05 13:20:29   |       13.1332 |       18.2144 |       10.6727 |            3.8822 |            1.6865 |            4.3145 |            0.7894
 34423 |     24 | 2020-03-05 13:20:45.5 |       13.1268 |       18.2073 |       11.5144 |            4.1882 |            1.8222 |            4.6443 |            0.8597
 34423 |     25 | 2020-03-05 13:20:58   |        13.138 |       18.2085 |       12.0457 |            4.3779 |            1.9112 |            4.8533 |            0.9033
 34423 |     26 | 2020-03-05 13:21:06   |       13.1146 |       18.2053 |       11.9474 |            4.3481 |             1.889 |            4.8181 |            0.8922
 34423 |     27 | 2020-03-05 13:21:14.5 |       13.1285 |       18.2077 |       12.1259 |            4.4084 |            1.9214 |            4.8883 |            0.9078
 34423 |     28 | 2020-03-05 13:21:25.5 |       13.1264 |       18.2099 |       10.8017 |            3.9278 |            1.7073 |            4.3663 |            0.8003
 34423 |     29 | 2020-03-05 13:21:36.5 |       13.1241 |       18.2098 |       10.9597 |            3.9936 |            1.7262 |            4.4277 |            0.8122
 34423 |     30 | 2020-03-05 13:21:46   |       13.1296 |       18.2077 |       11.5694 |            4.2076 |             1.831 |            4.6672 |            0.8637
 34423 |     31 | 2020-03-05 13:21:56   |       13.1156 |       18.2069 |       11.9727 |             4.356 |            1.8943 |            4.8273 |            0.8951
 34423 |     32 | 2020-03-05 13:22:06   |       13.1228 |       18.2095 |       11.9845 |             4.359 |             1.898 |            4.8324 |            0.8951
 34423 |     33 | 2020-03-05 13:22:15.5 |       13.1306 |       18.2079 |       12.1827 |             4.428 |            1.9317 |            4.9107 |            0.9122
 34423 |     34 | 2020-03-05 13:22:28   |       13.1261 |       18.2109 |        10.535 |            3.8368 |            1.6628 |            4.2605 |            0.7749
 34423 |     35 | 2020-03-05 13:22:41   |       13.1257 |       18.2078 |       11.3236 |             4.119 |            1.7908 |            4.5695 |            0.8443
 34423 |     36 | 2020-03-05 13:22:51   |       13.1315 |       18.2067 |        11.845 |             4.308 |             1.876 |             4.775 |             0.886
 34423 |     37 | 2020-03-05 13:23:01.5 |       13.1276 |       18.1979 |       11.9328 |            4.3454 |            1.8859 |            4.8105 |            0.8909
 34423 |     38 | 2020-03-05 13:23:11.5 |       13.1283 |       18.2072 |       12.0806 |            4.3916 |            1.9142 |            4.8706 |            0.9041
 34423 |     39 | 2020-03-05 13:23:23.5 |       13.1147 |       18.2055 |       11.6079 |            4.2208 |            1.8355 |            4.6865 |            0.8652
 34423 |     40 | 2020-03-05 13:23:36   |       13.1228 |       18.2063 |       10.8758 |            3.9558 |            1.7176 |            4.3941 |            0.8083
 34423 |     41 | 2020-03-05 13:23:46   |       13.1305 |       18.2059 |       11.6469 |            4.2355 |            1.8436 |             4.697 |            0.8709
 34423 |     42 | 2020-03-05 13:23:56   |       13.1393 |       18.2113 |       12.0611 |             4.386 |            1.9124 |            4.8593 |            0.9034
 34423 |     43 | 2020-03-05 13:24:06   |        13.107 |       18.2035 |       11.9034 |            4.3321 |            1.8813 |            4.8017 |            0.8884
 34423 |     44 | 2020-03-05 13:24:18   |       13.1335 |       18.2076 |        12.358 |            4.4908 |             1.961 |            4.9792 |            0.9269
 34423 |     45 | 2020-03-05 13:24:30.5 |       13.1315 |       18.2084 |       10.8002 |             3.929 |            1.7071 |            4.3633 |            0.8007
 34423 |     46 | 2020-03-05 13:24:41   |       13.1298 |        18.208 |       11.3691 |            4.1349 |            1.7984 |            4.5876 |            0.8481
 34423 |     47 | 2020-03-05 13:24:51   |       13.1335 |        18.209 |        11.925 |             4.338 |             1.889 |             4.806 |             0.892
 34423 |     48 | 2020-03-05 13:25:00.5 |       13.1265 |       18.1979 |       11.9729 |             4.366 |            1.8873 |            4.8306 |             0.889
 34423 |     49 | 2020-03-05 13:25:10   |       13.1286 |       18.2081 |       12.0432 |            4.3788 |            1.9083 |            4.8551 |             0.901
 34423 |     50 | 2020-03-05 13:25:23   |         13.12 |       18.2072 |        11.809 |             4.292 |              1.87 |             4.765 |             0.882
 34423 |     51 | 2020-03-05 13:25:36   |       13.1241 |       18.2066 |       10.9354 |            3.9768 |            1.7274 |            4.4179 |            0.8132
 34423 |     52 | 2020-03-05 13:25:46.5 |       13.1279 |       18.2066 |       11.6043 |              4.22 |            1.8362 |            4.6813 |            0.8667
 34423 |     53 | 2020-03-05 13:25:56   |       13.0794 |       18.1987 |       11.9531 |            4.3568 |            1.8833 |            4.8237 |            0.8893
 34423 |     54 | 2020-03-05 13:26:05.5 |       13.0956 |       18.1989 |       11.8091 |            4.2986 |            1.8649 |            4.7642 |            0.8814
 34423 |     55 | 2020-03-05 13:26:15   |        13.132 |       18.2075 |          12.3 |             4.471 |             1.951 |             4.956 |             0.922
 34423 |     56 | 2020-03-05 13:26:28   |       13.1108 |       18.2107 |       10.1098 |            3.6776 |            1.5918 |            4.0946 |            0.7458
 34423 |     57 | 2020-03-05 13:26:41   |       13.1283 |       18.2073 |       11.3432 |            4.1261 |            1.7939 |            4.5769 |            0.8463
 34423 |     58 | 2020-03-05 13:26:51   |       13.1325 |        18.208 |        11.884 |             4.322 |             1.882 |              4.79 |              0.89
 34423 |     59 | 2020-03-05 13:27:01   |       13.1244 |       18.2069 |       11.7533 |            4.2733 |            1.8601 |            4.7406 |            0.8793
 34423 |     60 | 2020-03-05 13:27:10.5 |       13.1305 |       18.2053 |       12.1632 |            4.4209 |            1.9279 |            4.9028 |            0.9115
 34423 |     61 | 2020-03-05 13:27:23.5 |       13.1187 |        18.207 |       11.6677 |            4.2406 |            1.8461 |            4.7096 |            0.8714
 34423 |     62 | 2020-03-05 13:27:39   |        13.127 |       18.2072 |        11.186 |             4.069 |             1.768 |             4.515 |             0.834
 34423 |     63 | 2020-03-05 13:27:52   |       13.1291 |       18.2123 |       11.9031 |            4.3417 |            1.8753 |            4.8025 |            0.8836
 34423 |     64 | 2020-03-05 13:28:06   |       13.1306 |       18.2009 |       12.0558 |            4.3834 |            1.9108 |            4.8593 |            0.9024
 34423 |     65 | 2020-03-05 13:28:18.5 |        13.132 |       18.2058 |       12.3098 |            4.4734 |            1.9532 |            4.9602 |            0.9231
 34423 |     66 | 2020-03-05 13:28:26.5 |       13.1092 |       18.2074 |       10.4021 |            3.7826 |            1.6393 |            4.2111 |             0.769
 34423 |     67 | 2020-03-05 13:28:35   |        13.128 |       18.2077 |        11.021 |             4.008 |             1.742 |             4.451 |              0.82
 34423 |     68 | 2020-03-05 13:28:43   |       13.1315 |       18.2065 |         11.56 |             4.204 |              1.83 |             4.662 |             0.864
 34423 |     69 | 2020-03-05 13:28:51.5 |       13.1088 |       18.2154 |       11.7815 |            4.2994 |            1.8512 |            4.7566 |            0.8742
 34423 |     70 | 2020-03-05 13:29:01   |       13.1337 |       18.2092 |       11.8452 |            4.3059 |            1.8768 |            4.7762 |            0.8863
 34423 |     71 | 2020-03-05 13:29:11   |        13.131 |       18.2055 |        12.195 |             4.432 |             1.934 |             4.915 |             0.914
 34423 |     72 | 2020-03-05 13:29:23.5 |       13.1223 |       18.2074 |       11.7612 |            4.2738 |            1.8622 |            4.7457 |            0.8795
 34423 |     73 | 2020-03-05 13:29:37   |       13.1295 |       18.2063 |       11.1915 |            4.0701 |            1.7698 |            4.5176 |             0.834
 34423 |     74 | 2020-03-05 13:29:47   |       13.1335 |        18.209 |         11.81 |             4.296 |             1.871 |              4.76 |             0.883
 34423 |     75 | 2020-03-05 13:29:56.5 |        13.109 |       18.1858 |       11.6622 |            4.2468 |             1.841 |            4.7061 |            0.8684
 34423 |     76 | 2020-03-05 13:30:07.5 |       13.1256 |        18.207 |       11.9615 |            4.3484 |            1.8942 |            4.8234 |            0.8955
 34423 |     77 | 2020-03-05 13:30:23   |        13.121 |       18.2078 |        11.883 |             4.319 |             1.882 |             4.794 |             0.888
 34423 |     78 | 2020-03-05 13:30:38   |       13.1332 |        18.207 |       11.2785 |            4.1015 |            1.7851 |            4.5512 |            0.8407
 34423 |     79 | 2020-03-05 13:30:50.5 |       13.1362 |       18.2107 |       11.9358 |            4.3402 |            1.8917 |            4.8101 |            0.8938
 34423 |     80 | 2020-03-05 13:31:03.5 |       13.1241 |       18.2064 |       11.8267 |            4.2996 |            1.8726 |            4.7699 |            0.8846
 34423 |     81 | 2020-03-05 13:31:20   |       13.1311 |       18.2105 |       11.9698 |            4.3511 |            1.8969 |            4.8268 |             0.895
 34423 |     82 | 2020-03-05 13:31:37   |       13.1292 |       18.2075 |       11.0758 |            4.0273 |            1.7525 |              4.47 |            0.8259
 34423 |     83 | 2020-03-05 13:31:50   |       13.0806 |       18.2074 |       11.6634 |            4.2548 |            1.8358 |            4.7093 |            0.8636
 34423 |     84 | 2020-03-05 13:32:02.5 |        13.127 |       18.2074 |       11.8578 |            4.3122 |            1.8778 |            4.7805 |            0.8874
 34423 |     85 | 2020-03-05 13:32:17.5 |       13.1292 |       18.2093 |       12.2642 |            4.4587 |            1.9447 |            4.9418 |            0.9189
 34423 |     86 | 2020-03-05 13:32:32   |        13.131 |       18.2051 |       11.0793 |            4.0301 |            1.7517 |            4.4721 |            0.8254
 34423 |     87 | 2020-03-05 13:32:44.5 |       13.1352 |       18.2098 |       11.6654 |            4.2465 |            1.8459 |            4.7042 |            0.8687
 34423 |     88 | 2020-03-05 13:32:57.5 |       13.1303 |        18.206 |       11.9666 |            4.3514 |            1.8956 |            4.8234 |            0.8961
 34423 |     89 | 2020-03-05 13:33:10   |       13.1345 |       18.2103 |       12.2035 |            4.4364 |            1.9361 |            4.9168 |            0.9143
 34423 |     90 | 2020-03-05 13:33:22.5 |       13.1282 |       18.2063 |       12.1896 |            4.4293 |            1.9333 |            4.9136 |            0.9134
 34423 |     91 | 2020-03-05 13:33:35   |       13.1345 |       18.2102 |        12.569 |             4.568 |             1.996 |             5.063 |             0.942
 34423 |     92 | 2020-03-05 13:33:47.5 |       13.1268 |       18.2083 |       12.2659 |            4.4563 |            1.9453 |            4.9456 |            0.9186
 34423 |     93 | 2020-03-05 13:34:01   |       13.1461 |       18.2103 |       12.5213 |            4.5468 |            1.9899 |            5.0456 |            0.9391
 34423 |     94 | 2020-03-05 13:34:14   |       13.1356 |       18.2088 |       12.3249 |            4.4764 |            1.9568 |             4.969 |            0.9227
 34423 |     95 | 2020-03-05 13:34:26.5 |       13.1317 |       18.2066 |       12.5375 |            4.5523 |            1.9919 |            5.0532 |            0.9401
 34423 |     96 | 2020-03-05 13:34:38   |       13.1264 |       18.2076 |       12.3214 |            4.4749 |            1.9556 |            4.9684 |            0.9225
 34423 |     97 | 2020-03-05 13:34:50.5 |       13.1275 |       18.2071 |       12.3455 |             4.483 |            1.9596 |             4.979 |            0.9238
 34423 |     98 | 2020-03-05 13:35:03.5 |       13.1296 |       18.2066 |       12.5321 |            4.5509 |            1.9901 |            5.0529 |            0.9382
 34423 |     99 | 2020-03-05 13:35:16   |       13.1371 |       18.2097 |       12.2142 |            4.4332 |            1.9402 |            4.9266 |            0.9143
 34423 |    100 | 2020-03-05 13:35:28.5 |       13.1355 |       18.2095 |       12.4952 |            4.5356 |            1.9859 |            5.0367 |            0.9369
 34423 |    101 | 2020-03-05 13:35:41   |       13.1313 |       18.2096 |       12.3075 |            4.4667 |            1.9546 |            4.9638 |            0.9224
 34423 |    102 | 2020-03-05 13:35:53.5 |       13.1325 |       18.2084 |       12.5513 |            4.5574 |             1.994 |            5.0595 |            0.9404
 34423 |    103 | 2020-03-05 13:36:07   |        13.126 |       18.2072 |          12.3 |             4.466 |             1.953 |             4.961 |              0.92
 34423 |    104 | 2020-03-05 13:36:19   |        13.132 |       18.2067 |        12.558 |              4.56 |             1.995 |             5.062 |             0.941
 34423 |    105 | 2020-03-05 13:36:31.5 |       13.1327 |         18.21 |       12.4319 |            4.5139 |             1.975 |            5.0119 |            0.9312
 34423 |    106 | 2020-03-05 13:36:44   |       13.1309 |       18.2055 |       12.5403 |            4.5531 |            1.9922 |            5.0551 |            0.9399
 34423 |    107 | 2020-03-05 13:36:57   |       13.1142 |       18.2126 |       12.4543 |            4.5267 |            1.9745 |            5.0242 |            0.9289
 34423 |    108 | 2020-03-05 13:37:09.5 |       13.1272 |       18.2075 |       12.3352 |            4.4789 |             1.958 |            4.9748 |            0.9235
 34423 |    109 | 2020-03-05 13:37:22   |       13.1336 |       18.2129 |       12.4911 |            4.5352 |            1.9849 |            5.0355 |            0.9355
 34423 |    110 | 2020-03-05 13:37:34.5 |       13.1282 |       18.2084 |        12.381 |            4.4953 |             1.966 |             4.993 |            0.9267
 34423 |    111 | 2020-03-05 13:37:47   |       13.1335 |         18.21 |        12.648 |             4.593 |              2.01 |             5.097 |             0.948
 34423 |    112 | 2020-03-05 13:38:00.5 |        13.126 |        18.207 |       12.2792 |            4.4586 |             1.949 |            4.9533 |            0.9183
 34423 |    113 | 2020-03-05 13:38:16   |       13.1321 |       18.2059 |       12.5273 |            4.5483 |            1.9915 |            5.0489 |            0.9387
 34423 |    114 | 2020-03-05 13:38:29   |       13.1267 |       18.2062 |       12.3077 |            4.4672 |            1.9556 |            4.9635 |            0.9214
 34423 |    115 | 2020-03-05 13:38:38.5 |       13.1299 |       18.2063 |       12.4672 |            4.5257 |            1.9811 |             5.027 |            0.9335
 34423 |    116 | 2020-03-05 13:38:50   |       13.1259 |       18.2109 |         12.33 |            4.4849 |            1.9509 |            4.9749 |            0.9193
 34423 |    117 | 2020-03-05 13:39:03   |       13.1295 |       18.2077 |        12.433 |             4.514 |             1.975 |             5.013 |             0.931
 34423 |    118 | 2020-03-05 13:39:16   |       13.1306 |       18.2112 |       12.4032 |            4.5086 |            1.9664 |            5.0017 |            0.9265
 34423 |    119 | 2020-03-05 13:39:28   |       13.1277 |       18.2063 |       12.3713 |            4.4923 |            1.9636 |            4.9894 |             0.926
 34423 |    120 | 2020-03-05 13:39:40.5 |       13.1345 |       18.2107 |       12.7245 |            4.6217 |            2.0228 |            5.1258 |            0.9541
 34423 |    121 | 2020-03-05 13:39:53.5 |       13.1261 |       18.2074 |       12.3186 |            4.4732 |            1.9552 |            4.9682 |             0.922
 34423 |    122 | 2020-03-05 13:40:06   |       13.1289 |       18.2057 |        12.427 |            4.5126 |            1.9733 |            5.0106 |            0.9305
 34423 |    123 | 2020-03-05 13:40:18.5 |       13.1339 |       18.2082 |       12.6622 |             4.598 |            2.0125 |            5.1025 |            0.9493
 34423 |    124 | 2020-03-05 13:40:31   |        13.129 |       18.2075 |        12.434 |             4.514 |             1.975 |             5.014 |             0.931
 34423 |    125 | 2020-03-05 13:40:43.5 |       13.1171 |       18.2113 |       12.3441 |            4.4973 |            1.9482 |            4.9829 |            0.9157
 34423 |    126 | 2020-03-05 13:40:56   |       13.1302 |       18.2069 |       12.4793 |            4.5309 |            1.9828 |            5.0309 |            0.9347
 34423 |    127 | 2020-03-05 13:41:09   |       13.1295 |       18.2149 |       12.5149 |            4.5526 |            1.9817 |            5.0481 |            0.9324
 34423 |    128 | 2020-03-05 13:41:25   |       13.1167 |       18.2075 |       11.9311 |            4.3324 |            1.8913 |            4.8167 |            0.8907
 34423 |    129 | 2020-03-05 13:41:43   |       13.1335 |       18.2095 |        11.528 |             4.191 |             1.827 |             4.651 |             0.859
 34423 |    130 | 2020-03-05 13:41:56   |       13.1284 |       18.2062 |       11.8518 |            4.3082 |            1.8777 |            4.7793 |            0.8866
 34423 |    131 | 2020-03-05 13:42:06.5 |       13.1349 |       18.2091 |       12.2808 |            4.4635 |            1.9492 |            4.9482 |              0.92
 34423 |    132 | 2020-03-05 13:42:18.5 |       13.1252 |       18.2069 |       11.9882 |            4.3557 |            1.9005 |            4.8354 |            0.8966
 34423 |    133 | 2020-03-05 13:42:34   |       13.1347 |       18.2077 |       11.0277 |            4.0072 |            1.7469 |            4.4521 |            0.8215
 34423 |    134 | 2020-03-05 13:42:49.5 |       13.1254 |       18.2066 |       11.4762 |            4.1742 |            1.8155 |            4.6306 |            0.8559
 34423 |    135 | 2020-03-05 13:43:03.5 |        13.131 |       18.2059 |       12.0572 |            4.3826 |            1.9113 |            4.8602 |            0.9031
 34423 |    136 | 2020-03-05 13:43:16   |        13.124 |       18.2068 |       11.8865 |            4.3189 |            1.8843 |            4.7937 |            0.8896
 34423 |    137 | 2020-03-05 13:43:30   |        13.128 |       18.2092 |       10.7418 |            3.9062 |            1.6977 |             4.341 |             0.797
 34423 |    138 | 2020-03-05 13:43:45   |       13.0684 |       18.1937 |       11.3578 |            4.1365 |            1.7916 |            4.5851 |            0.8446
 34423 |    139 | 2020-03-05 13:43:57.5 |       13.1331 |       18.2067 |       12.0034 |            4.3641 |            1.9025 |            4.8379 |            0.8989
 34423 |    140 | 2020-03-05 13:44:10   |       13.1292 |       18.2074 |       12.0869 |            4.3931 |            1.9159 |            4.8721 |            0.9058
 34423 |    141 | 2020-03-05 13:44:25   |       13.1225 |        18.207 |        11.917 |             4.331 |             1.888 |             4.807 |             0.891
 34423 |    142 | 2020-03-05 13:44:40.5 |         13.13 |       18.2074 |       11.2736 |            4.1002 |            1.7835 |            4.5492 |            0.8407
 34423 |    143 | 2020-03-05 13:44:53.5 |       13.0449 |        18.189 |       11.7764 |            4.2976 |            1.8501 |            4.7558 |            0.8729
 34423 |    144 | 2020-03-05 13:45:06.5 |       13.1413 |       18.2105 |       12.2747 |            4.4673 |            1.9452 |            4.9459 |            0.9163
 34423 |    145 | 2020-03-05 13:45:20   |       13.1337 |       18.2102 |       12.4029 |            4.5082 |            1.9683 |            4.9963 |              0.93
 34423 |    146 | 2020-03-05 13:45:35   |       13.1281 |       18.2068 |       10.8789 |            3.9558 |              1.72 |            4.3949 |            0.8082
 34423 |    147 | 2020-03-05 13:45:49.5 |       13.1321 |       18.2054 |       11.7305 |            4.2655 |            1.8583 |            4.7296 |            0.8771
 34423 |    148 | 2020-03-05 13:46:02   |       13.1003 |       18.1921 |       11.8963 |            4.3381 |            1.8756 |            4.7994 |            0.8832
 34423 |    149 | 2020-03-05 13:46:14.5 |       13.1308 |       18.2047 |       12.2469 |            4.4511 |            1.9426 |             4.935 |            0.9181
 34423 |    150 | 2020-03-05 13:46:30   |       13.1116 |       18.2071 |       10.1922 |            3.7066 |            1.6062 |            4.1265 |             0.753
 34423 |    151 | 2020-03-05 13:46:45.5 |       13.1331 |       18.2094 |       11.6574 |            4.2399 |            1.8463 |            4.6999 |            0.8713
 34423 |    152 | 2020-03-05 13:46:58   |       13.1245 |       18.2064 |       11.6595 |            4.2397 |            1.8454 |            4.7027 |            0.8717
 34423 |    153 | 2020-03-05 13:47:10.5 |       13.1289 |       18.2075 |       12.0373 |            4.3757 |            1.9075 |            4.8528 |            0.9014
 34423 |    154 | 2020-03-05 13:47:26   |       13.1187 |       18.2063 |        11.615 |            4.2212 |            1.8385 |            4.6881 |            0.8672
 34423 |    155 | 2020-03-05 13:47:41   |        13.132 |        18.207 |        11.392 |             4.143 |             1.803 |             4.596 |              0.85
 34423 |    156 | 2020-03-05 13:47:53.5 |       13.1327 |       18.2102 |        11.731 |            4.2671 |            1.8583 |            4.7289 |            0.8767
 34423 |    157 | 2020-03-05 13:48:07.5 |       13.1269 |       18.2066 |       11.9869 |             4.358 |            1.8988 |            4.8335 |            0.8966
 34423 |    158 | 2020-03-05 13:48:20   |       13.1216 |       18.2064 |       12.2492 |            4.4566 |            1.9408 |            4.9374 |            0.9144
 34423 |    159 | 2020-03-05 13:48:34.5 |       13.1307 |       18.2062 |       10.9485 |             3.981 |            1.7313 |            4.4224 |            0.8137
 34423 |    160 | 2020-03-05 13:48:50.5 |       13.1265 |        18.203 |       11.5465 |            4.2039 |            1.8237 |            4.6582 |            0.8606
 34423 |    161 | 2020-03-05 13:49:03   |       13.1289 |       18.2074 |       11.9398 |            4.3417 |            1.8914 |            4.8135 |            0.8932
 34423 |    162 | 2020-03-05 13:49:15   |       13.1312 |       18.2142 |       12.4143 |            4.5168 |            1.9671 |            5.0029 |            0.9275
 34423 |    163 | 2020-03-05 13:49:30.5 |       13.1142 |        18.207 |       10.3307 |            3.7574 |            1.6281 |            4.1815 |            0.7637
 34423 |    164 | 2020-03-05 13:49:46   |        13.135 |       18.2111 |       11.7055 |            4.2588 |            1.8545 |            4.7181 |            0.8741
 34423 |    165 | 2020-03-05 13:49:58   |       13.1285 |       18.2073 |       11.7594 |            4.2763 |            1.8624 |            4.7418 |            0.8789
 34423 |    166 | 2020-03-05 13:50:10.5 |       13.1325 |       18.2103 |       12.1308 |            4.4117 |            1.9235 |            4.8884 |            0.9073
 34423 |    167 | 2020-03-05 13:50:26   |       13.1199 |       18.2071 |         11.66 |            4.2378 |            1.8454 |            4.7068 |              0.87
 34423 |    168 | 2020-03-05 13:50:41.5 |       13.1304 |       18.2077 |       11.3573 |            4.1302 |            1.7967 |            4.5831 |            0.8473
 34423 |    169 | 2020-03-05 13:50:54   |       13.1242 |        18.207 |       11.5185 |            4.1892 |            1.8219 |             4.647 |            0.8605
 34423 |    170 | 2020-03-05 13:51:06.5 |       13.1314 |       18.2059 |       12.1209 |            4.4059 |            1.9216 |            4.8849 |            0.9085
 34423 |    171 | 2020-03-05 13:51:19   |       13.1277 |       18.2087 |       12.0025 |            4.3633 |            1.9019 |            4.8391 |            0.8982
 34423 |    172 | 2020-03-05 13:51:34.5 |        13.132 |        18.207 |        10.977 |            3.9911 |            1.7364 |             4.433 |            0.8166
 34423 |    173 | 2020-03-05 13:51:49.5 |        13.078 |       18.2154 |       11.6876 |            4.2611 |            1.8419 |            4.7186 |             0.866
 34423 |    174 | 2020-03-05 13:52:02.5 |       13.0521 |       18.1928 |       11.9516 |            4.3571 |            1.8824 |            4.8236 |            0.8884
 34423 |    175 | 2020-03-05 13:52:17.5 |       13.1329 |       18.2101 |       12.1946 |            4.4325 |            1.9339 |            4.9144 |            0.9139
 34423 |    176 | 2020-03-05 13:52:32.5 |       13.1411 |       18.2104 |       10.7678 |            3.9132 |            1.7044 |            4.3503 |            0.7998
 34423 |    177 | 2020-03-05 13:52:45.5 |       13.1322 |       18.1845 |       11.4538 |            4.1698 |            1.8118 |            4.6176 |            0.8546
 34423 |    178 | 2020-03-05 13:52:59   |       13.1345 |       18.2105 |        12.118 |             4.408 |             1.921 |             4.881 |             0.908
 34423 |    179 | 2020-03-05 13:53:11.5 |       13.1277 |       18.2071 |       12.0227 |            4.3713 |            1.9047 |            4.8471 |            0.8996
 34423 |    180 | 2020-03-05 13:53:26   |        13.113 |       18.2083 |       11.5688 |            4.2065 |            1.8289 |            4.6711 |            0.8623
 34423 |    181 | 2020-03-05 13:53:40   |       13.1261 |       18.2061 |        11.051 |            4.0177 |            1.7475 |            4.4622 |            0.8236
 34423 |    182 | 2020-03-05 13:53:50   |       13.1307 |       18.2043 |       11.6826 |            4.2479 |            1.8496 |            4.7118 |            0.8734
 34423 |    183 | 2020-03-05 13:54:00   |       13.1315 |       18.2057 |        11.978 |             4.355 |             1.898 |             4.828 |             0.897
 34423 |    184 | 2020-03-05 13:54:09.5 |       13.1258 |       18.2064 |       11.8931 |            4.3232 |            1.8838 |            4.7959 |            0.8903
 34423 |    185 | 2020-03-05 13:54:19.5 |       13.1336 |       18.2086 |       12.3829 |            4.5003 |             1.965 |            4.9893 |            0.9282
 34423 |    186 | 2020-03-05 13:54:32.5 |       13.1278 |       18.1962 |       10.4002 |            3.7831 |            1.6413 |            4.2062 |            0.7695
 34423 |    187 | 2020-03-05 13:54:45   |       13.1293 |       18.2051 |        11.444 |             4.162 |            1.8107 |            4.6169 |            0.8545
 34423 |    188 | 2020-03-05 13:54:55   |        13.134 |        18.211 |        12.021 |             4.373 |             1.905 |             4.843 |               0.9
 34423 |    189 | 2020-03-05 13:55:04.5 |       13.1302 |       18.2115 |        12.215 |            4.4441 |            1.9364 |            4.9217 |            0.9128
 34423 |    190 | 2020-03-05 13:55:15   |       13.1285 |        18.207 |        12.111 |             4.402 |              1.92 |             4.882 |             0.907
 34423 |    191 | 2020-03-05 13:55:28   |       13.1091 |       18.2069 |       10.9527 |            3.9827 |            1.7288 |            4.4277 |            0.8134
 34423 |    192 | 2020-03-05 13:55:43.5 |       13.1278 |        18.207 |       11.2888 |            4.1067 |            1.7856 |            4.5556 |            0.8408
 34423 |    193 | 2020-03-05 13:55:56.5 |       13.1324 |       18.2094 |       11.9623 |            4.3508 |            1.8954 |            4.8204 |            0.8957
 34423 |    194 | 2020-03-05 13:56:05   |       13.1219 |       18.1753 |       11.9985 |             4.372 |            1.8955 |            4.8369 |            0.8941
 34423 |    195 | 2020-03-05 13:56:14   |       13.1319 |       18.2047 |       12.1519 |            4.4168 |            1.9269 |            4.8977 |            0.9105
 34423 |    196 | 2020-03-05 13:56:23   |        13.125 |       18.2005 |         12.42 |             4.528 |              1.96 |             5.009 |             0.923
 34423 |    197 | 2020-03-05 13:56:34.5 |       13.1261 |        18.207 |       10.6969 |              3.89 |            1.6899 |            4.3232 |            0.7938
 34423 |    198 | 2020-03-05 13:56:48   |       13.1328 |       18.2076 |       11.7278 |            4.2648 |            1.8579 |            4.7283 |            0.8768
 34423 |    199 | 2020-03-05 13:57:00.5 |       13.1306 |       18.2082 |       11.8519 |            4.3099 |            1.8776 |            4.7783 |            0.8861
 34423 |    200 | 2020-03-05 13:57:13   |       13.1335 |       18.2113 |         12.16 |             4.422 |             1.928 |               4.9 |              0.91
 34423 |    201 | 2020-03-05 13:57:28   |       13.1048 |       18.2076 |       10.8552 |            3.9472 |            1.7117 |            4.3898 |            0.8065
 34423 |    202 | 2020-03-05 13:57:43.5 |       13.1274 |        18.207 |       11.2971 |            4.1087 |            1.7867 |            4.5592 |            0.8425
 34423 |    203 | 2020-03-05 13:57:56   |       13.1124 |       18.2022 |       11.9566 |            4.3563 |            1.8876 |            4.8224 |            0.8904
 34423 |    204 | 2020-03-05 13:58:09   |        13.092 |       18.1908 |        12.182 |             4.443 |             1.919 |             4.915 |             0.905
 34423 |    205 | 2020-03-05 13:58:21   |        13.128 |       18.2073 |        12.142 |             4.413 |             1.925 |             4.895 |             0.909
 34423 |    206 | 2020-03-05 13:58:35   |       13.1357 |       18.2085 |       11.1776 |            4.0649 |            1.7689 |            4.5118 |             0.832
 34423 |    207 | 2020-03-05 13:58:50   |       13.1271 |       18.2077 |       11.4837 |             4.177 |            1.8168 |            4.6325 |            0.8574
 34423 |    208 | 2020-03-05 13:59:02.5 |       13.1324 |       18.2076 |       12.1175 |            4.4072 |            1.9205 |            4.8824 |            0.9074
 34423 |    209 | 2020-03-05 13:59:17   |        13.127 |       18.2073 |        12.061 |             4.384 |             1.911 |             4.863 |             0.903
 34423 |    210 | 2020-03-05 13:59:31.5 |       13.1215 |       18.2086 |       10.6645 |            3.8794 |            1.6837 |            4.3111 |            0.7903
 34423 |    211 | 2020-03-05 13:59:43   |       13.1033 |       18.2001 |       11.1789 |            4.0764 |            1.7593 |            4.5157 |            0.8276
 34423 |    212 | 2020-03-05 13:59:53   |        13.129 |        18.207 |        11.693 |             4.253 |             1.851 |             4.715 |             0.874
 34423 |    213 | 2020-03-05 14:00:03   |       13.1284 |       18.2065 |       11.8968 |            4.3259 |             1.884 |            4.7966 |            0.8903
 34423 |    214 | 2020-03-05 14:00:12.5 |       13.1236 |       18.2137 |       12.1503 |            4.4279 |            1.9167 |            4.9007 |             0.905
 34423 |    215 | 2020-03-05 14:00:24.5 |        13.131 |       18.2075 |       12.3941 |            4.5045 |            1.9666 |            4.9941 |            0.9288
 34423 |    216 | 2020-03-05 14:00:37.5 |       13.1331 |       18.2094 |       11.2427 |            4.0886 |            1.7791 |            4.5366 |            0.8384
 34423 |    217 | 2020-03-05 14:00:48   |       13.1254 |        18.207 |       11.3879 |            4.1419 |            1.8009 |            4.5948 |            0.8503
 34423 |    218 | 2020-03-05 14:00:58   |       13.1317 |       18.2057 |       11.9248 |            4.3342 |            1.8903 |            4.8065 |            0.8938
 34423 |    219 | 2020-03-05 14:01:08   |       13.1241 |       18.2057 |       11.9281 |             4.349 |             1.879 |            4.8134 |            0.8867
 34423 |    220 | 2020-03-05 14:01:18   |       13.1281 |        18.207 |       12.0918 |            4.3946 |            1.9163 |            4.8756 |            0.9053
 34423 |    221 | 2020-03-05 14:01:30.5 |       13.0924 |       18.2106 |       10.5771 |            3.8502 |            1.6646 |            4.2821 |            0.7802
 34423 |    222 | 2020-03-05 14:01:43   |        13.132 |       18.2058 |        11.435 |             4.158 |              1.81 |             4.613 |             0.854
 34423 |    223 | 2020-03-05 14:01:53.5 |       13.1278 |       18.2104 |        11.678 |             4.245 |            1.8498 |            4.7099 |            0.8733
 34423 |    224 | 2020-03-05 14:02:03   |       13.0547 |       18.1998 |       11.9001 |            4.3344 |            1.8781 |            4.8002 |            0.8874
 34423 |    225 | 2020-03-05 14:02:12.5 |       13.1282 |       18.2061 |       12.0269 |            4.3719 |            1.9059 |            4.8486 |            0.9005
 34423 |    226 | 2020-03-05 14:02:24.5 |       13.1052 |       18.2028 |       12.3848 |            4.5037 |            1.9631 |            4.9908 |            0.9273
 34423 |    227 | 2020-03-05 14:02:38   |       13.1306 |       18.2091 |       11.2226 |            4.0849 |            1.7742 |            4.5303 |            0.8331
 34423 |    228 | 2020-03-05 14:02:51   |        13.082 |       18.2157 |        11.669 |             4.254 |             1.838 |             4.713 |             0.864
 34423 |    229 | 2020-03-05 14:03:05.5 |       13.1311 |        18.207 |       12.0542 |            4.3825 |            1.9106 |            4.8585 |            0.9026
 34423 |    230 | 2020-03-05 14:03:17   |       13.1357 |       18.2109 |       12.4543 |            4.5286 |            1.9767 |            5.0158 |            0.9332
 34423 |    231 | 2020-03-05 14:03:25.5 |       13.1145 |       18.2072 |       11.7681 |            4.2777 |            1.8619 |            4.7494 |            0.8792
 34423 |    232 | 2020-03-05 14:03:35   |       13.1305 |       18.2065 |        10.942 |             3.978 |              1.73 |              4.42 |             0.814
 34423 |    233 | 2020-03-05 14:03:46   |       13.1333 |        18.209 |       11.4931 |            4.1785 |            1.8203 |            4.6345 |            0.8598
 34423 |    234 | 2020-03-05 14:03:58   |       13.1277 |       18.2072 |        11.739 |            4.2676 |            1.8595 |            4.7335 |            0.8785
 34423 |    235 | 2020-03-05 14:04:10.5 |       13.1312 |        18.206 |       12.2393 |            4.4503 |            1.9405 |            4.9314 |            0.9171
 34423 |    236 | 2020-03-05 14:04:25   |       13.1224 |         18.21 |       11.8865 |             4.318 |            1.8832 |            4.7953 |              0.89
 34423 |    237 | 2020-03-05 14:04:40   |       13.1336 |       18.2086 |       11.3393 |            4.1241 |            1.7948 |            4.5744 |             0.846
 34423 |    238 | 2020-03-05 14:04:53.5 |        13.123 |       18.2114 |        11.349 |            4.1269 |             1.795 |            4.5786 |            0.8484
 34423 |    239 | 2020-03-05 14:05:06   |       13.1257 |       18.2078 |       11.8179 |            4.2975 |            1.8709 |            4.7656 |            0.8838
 34423 |    240 | 2020-03-05 14:05:18   |       13.1327 |       18.2078 |       12.3281 |            4.4811 |            1.9556 |            4.9672 |            0.9242
 34423 |    241 | 2020-03-05 14:05:32   |       13.1328 |       18.2059 |       10.5435 |            3.8322 |            1.6668 |            4.2632 |            0.7813
 34423 |    242 | 2020-03-05 14:05:45   |        13.128 |       18.2073 |        11.341 |             4.125 |             1.794 |             4.576 |             0.846
 34423 |    243 | 2020-03-05 14:05:55   |       13.1331 |       18.2064 |       11.9176 |            4.3346 |            1.8881 |            4.8025 |            0.8923
 34423 |    244 | 2020-03-05 14:06:06   |        13.134 |       18.2112 |        12.023 |             4.373 |             1.906 |             4.844 |               0.9
 34423 |    245 | 2020-03-05 14:06:19.5 |       13.1298 |       18.2075 |       12.1852 |            4.4293 |            1.9319 |            4.9109 |            0.9132
 34423 |    246 | 2020-03-05 14:06:35   |       13.1331 |       18.2096 |       10.8645 |            3.9517 |            1.7183 |            4.3876 |            0.8069
 34423 |    247 | 2020-03-05 14:06:49   |        13.132 |       18.2065 |        11.664 |             4.242 |             1.847 |             4.703 |             0.872
 34423 |    248 | 2020-03-05 14:07:01.5 |       13.1354 |       18.2102 |        12.171 |            4.4262 |            1.9301 |            4.9029 |            0.9118
 34423 |    249 | 2020-03-05 14:07:14.5 |       13.1305 |       18.2067 |       12.1853 |            4.4296 |            1.9323 |            4.9105 |            0.9129
 34423 |    250 | 2020-03-05 14:07:30   |        13.109 |       18.2075 |        10.644 |              3.87 |             1.679 |             4.306 |             0.789
 34423 |    251 | 2020-03-05 14:07:43.5 |       13.1289 |       18.2074 |       11.3143 |            4.1151 |            1.7898 |            4.5656 |            0.8437
 34423 |    252 | 2020-03-05 14:07:52.5 |       13.1351 |       18.2095 |       11.8845 |            4.3226 |            1.8832 |            4.7886 |            0.8901
 34423 |    253 | 2020-03-05 14:08:05.5 |        13.105 |       18.1972 |       11.8726 |            4.3334 |            1.8672 |            4.7914 |            0.8806
 34423 |    254 | 2020-03-05 14:08:17   |       13.1315 |       18.2073 |        12.269 |             4.459 |             1.946 |             4.944 |              0.92
 34423 |    255 | 2020-03-05 14:08:26.5 |       13.1193 |       18.2114 |       12.0152 |            4.3714 |            1.9013 |            4.8476 |            0.8949
 34423 |    256 | 2020-03-05 14:08:37.5 |       13.1253 |       18.2074 |       10.8918 |             3.961 |            1.7209 |            4.3999 |            0.8101
 34423 |    257 | 2020-03-05 14:08:48   |       13.1299 |        18.207 |       11.5827 |            4.2128 |            1.8332 |            4.6714 |            0.8653
 34423 |    258 | 2020-03-05 14:08:58   |       13.0805 |        18.199 |        11.901 |             4.343 |             1.873 |             4.802 |             0.883
 34423 |    259 | 2020-03-05 14:09:07.5 |       13.1376 |       18.2111 |       11.7976 |            4.2873 |            1.8694 |            4.7572 |            0.8838
 34423 |    260 | 2020-03-05 14:09:17   |       13.1325 |       18.2067 |         12.27 |              4.46 |             1.946 |             4.944 |              0.92
 34423 |    261 | 2020-03-05 14:09:30.5 |       13.1113 |       18.2078 |       10.5687 |            3.8433 |            1.6665 |            4.2754 |            0.7836
 34423 |    262 | 2020-03-05 14:09:47   |       13.1295 |        18.207 |       11.4541 |            4.1647 |            1.8127 |            4.6207 |            0.8559
 34423 |    263 | 2020-03-05 14:09:59   |       13.1284 |       18.2003 |       11.7006 |            4.2554 |            1.8525 |            4.7182 |            0.8745
 34423 |    264 | 2020-03-05 14:10:08   |       13.1346 |       18.2105 |       12.2608 |            4.4573 |            1.9449 |            4.9392 |            0.9194
 34423 |    265 | 2020-03-05 14:10:16.5 |       13.1297 |       18.2055 |       12.1134 |            4.4022 |            1.9205 |            4.8837 |            0.9071
 34423 |    266 | 2020-03-05 14:10:26   |       13.1292 |       18.2104 |       12.0184 |            4.3691 |            1.9057 |            4.8452 |            0.8985
 34423 |    267 | 2020-03-05 14:10:38   |       13.1259 |       18.2073 |       10.9307 |            3.9757 |            1.7272 |            4.4148 |            0.8129
 34423 |    268 | 2020-03-05 14:10:48.5 |       13.1287 |       18.2043 |       11.4357 |            4.1563 |            1.8116 |            4.6126 |            0.8551
 34423 |    269 | 2020-03-05 14:10:58   |        13.133 |        18.209 |        11.785 |             4.286 |             1.867 |              4.75 |             0.882
 34423 |    270 | 2020-03-05 14:11:07.5 |       13.1281 |       18.2066 |       11.9616 |            4.3484 |            1.8954 |            4.8222 |            0.8956
 34423 |    271 | 2020-03-05 14:11:17   |       13.1312 |       18.2067 |       12.2132 |            4.4388 |            1.9372 |            4.9224 |            0.9148
 34423 |    272 | 2020-03-05 14:11:30.5 |        13.111 |       18.2066 |       10.6705 |            3.8793 |            1.6832 |            4.3163 |            0.7916
 34423 |    273 | 2020-03-05 14:11:43.5 |       13.1309 |       18.2061 |       11.3706 |            4.1339 |            1.7988 |            4.5893 |            0.8487
 34423 |    274 | 2020-03-05 14:11:53.5 |       13.1339 |       18.2101 |       11.9191 |            4.3364 |            1.8884 |            4.8024 |            0.8919
 34423 |    275 | 2020-03-05 14:12:03   |       13.1318 |       18.2097 |       11.9336 |            4.3394 |            1.8909 |            4.8098 |            0.8936
 34423 |    276 | 2020-03-05 14:12:13   |       13.1302 |       18.2081 |       12.0929 |            4.3959 |            1.9168 |            4.8743 |             0.906
 34423 |    277 | 2020-03-05 14:12:25   |       13.1002 |        18.217 |        12.498 |            4.5501 |            1.9782 |            5.0384 |            0.9312
 34423 |    278 | 2020-03-05 14:12:37.5 |       13.1415 |       18.2092 |       10.9955 |            3.9983 |            1.7391 |            4.4394 |            0.8187
 34423 |    279 | 2020-03-05 14:12:48   |       13.1339 |       18.2084 |       11.6674 |            4.2435 |            1.8471 |            4.7044 |            0.8724
 34423 |    280 | 2020-03-05 14:12:58.5 |       13.1224 |        18.207 |        11.508 |            4.1849 |            1.8198 |             4.644 |            0.8593
 34423 |    281 | 2020-03-05 14:13:15   |       13.1301 |       18.2072 |       12.1686 |             4.423 |            1.9293 |            4.9043 |            0.9119
 34423 |    282 | 2020-03-05 14:13:30.5 |       13.1107 |       18.2088 |       10.6946 |            3.8883 |             1.687 |            4.3258 |            0.7935
 34423 |    283 | 2020-03-05 14:13:39.5 |       13.1297 |       18.2074 |       11.1349 |            4.0496 |            1.7607 |            4.4948 |            0.8298
 34423 |    284 | 2020-03-05 14:13:47.5 |       13.1317 |       18.2069 |       11.5834 |            4.2124 |            1.8337 |            4.6717 |            0.8656
 34423 |    285 | 2020-03-05 14:13:56.5 |       13.1268 |        18.208 |       11.6082 |            4.2223 |             1.837 |            4.6811 |            0.8678
 34423 |    286 | 2020-03-05 14:14:06   |       13.1285 |       18.2073 |        11.933 |             4.338 |             1.891 |             4.811 |             0.893
 34423 |    287 | 2020-03-05 14:14:16   |       13.1341 |       18.2088 |       12.3365 |            4.4846 |            1.9572 |            4.9695 |            0.9251
 34423 |    288 | 2020-03-05 14:14:28.5 |        13.112 |        18.208 |       11.3102 |            4.1116 |            1.7873 |            4.5686 |            0.8428
 34423 |    289 | 2020-03-05 14:14:41   |       13.1309 |       18.2077 |       11.2425 |            4.0889 |             1.779 |            4.5367 |            0.8379
 34423 |    290 | 2020-03-05 14:14:51   |       13.1351 |       18.2115 |       11.8158 |            4.2991 |             1.872 |            4.7616 |            0.8832
 34423 |    291 | 2020-03-05 14:15:01   |        13.132 |       18.2098 |       11.8556 |             4.313 |            1.8778 |            4.7781 |            0.8867
 34423 |    292 | 2020-03-05 14:15:11   |       13.1276 |       18.2067 |       11.9684 |            4.3515 |            1.8958 |            4.8251 |             0.896
 34423 |    293 | 2020-03-05 14:15:20.5 |       13.1335 |       18.2087 |        12.352 |            4.4893 |            1.9599 |            4.9766 |            0.9262
 34423 |    294 | 2020-03-05 14:15:33   |       13.1245 |       18.2072 |       10.4993 |            3.8173 |             1.658 |            4.2462 |            0.7779
 34423 |    295 | 2020-03-05 14:15:46   |       13.1315 |       18.2062 |        11.504 |             4.184 |             1.821 |              4.64 |             0.859
 34423 |    296 | 2020-03-05 14:15:56   |       13.0895 |       18.1967 |       11.5568 |            4.2118 |            1.8208 |             4.665 |            0.8592
 34423 |    297 | 2020-03-05 14:16:06   |       13.1245 |       18.2072 |        11.773 |             4.281 |             1.864 |             4.748 |              0.88
 34423 |    298 | 2020-03-05 14:16:16   |       13.1338 |       18.2088 |       12.3641 |            4.4947 |             1.962 |              4.98 |            0.9273
 34423 |    299 | 2020-03-05 14:16:29   |       13.1101 |       18.2095 |       11.1952 |            4.0741 |            1.7654 |            4.5241 |            0.8317
 34423 |    300 | 2020-03-05 14:16:45   |       13.1317 |       18.2075 |       11.5055 |            4.1852 |            1.8217 |            4.6393 |            0.8592
 34423 |    301 | 2020-03-05 14:16:58   |        13.126 |       18.2075 |        11.634 |              4.23 |             1.841 |             4.693 |              0.87
 34423 |    302 | 2020-03-05 14:17:07   |       13.1305 |       18.2057 |       12.0283 |            4.3712 |            1.9069 |            4.8494 |            0.9009
 34423 |    303 | 2020-03-05 14:17:15   |       13.1338 |       18.2093 |       12.3173 |             4.477 |            1.9553 |            4.9611 |            0.9239
 34423 |    304 | 2020-03-05 14:17:23   |       13.1264 |       18.2088 |       12.1415 |            4.4244 |            1.9148 |            4.8996 |            0.9027
 34423 |    305 | 2020-03-05 14:17:34.5 |       13.1322 |       18.2071 |       10.6769 |            3.8803 |            1.6878 |            4.3159 |            0.7928
 34423 |    306 | 2020-03-05 14:17:46   |        13.133 |       18.2085 |        11.567 |             4.207 |             1.831 |             4.665 |             0.864
 34423 |    307 | 2020-03-05 14:17:56   |       13.1203 |       18.2128 |       11.6012 |            4.2284 |            1.8269 |            4.6828 |             0.863
 34423 |    308 | 2020-03-05 14:18:08.5 |       13.1263 |       18.2069 |       11.9645 |            4.3504 |            1.8952 |            4.8236 |            0.8952
 34423 |    309 | 2020-03-05 14:18:20   |       13.0933 |       18.2055 |       12.1043 |            4.4089 |            1.9116 |            4.8829 |            0.9008
 34423 |    310 | 2020-03-05 14:18:30.5 |       13.1101 |       18.2077 |       10.7688 |            3.9152 |            1.6985 |            4.3557 |            0.7993
 34423 |    311 | 2020-03-05 14:18:42   |       13.1335 |        18.208 |        11.366 |             4.134 |             1.799 |             4.585 |             0.848
 34423 |    312 | 2020-03-05 14:18:52   |       13.1286 |       18.2093 |        11.492 |            4.1802 |            1.8186 |            4.6354 |            0.8579
 34423 |    313 | 2020-03-05 14:19:01.5 |       13.1288 |       18.2079 |       11.8314 |            4.3023 |            1.8734 |            4.7704 |            0.8852
 34423 |    314 | 2020-03-05 14:19:11.5 |       13.1315 |       18.2053 |       12.1581 |            4.4186 |            1.9283 |            4.8997 |            0.9115
 34423 |    315 | 2020-03-05 14:19:21   |       13.1255 |        18.209 |       11.9575 |            4.3477 |            1.8939 |            4.8219 |             0.894
 34423 |    316 | 2020-03-05 14:19:34   |       13.1325 |       18.2075 |        10.732 |             3.902 |             1.697 |             4.337 |             0.796
 34423 |    317 | 2020-03-05 14:19:47   |       13.1238 |       18.2094 |       11.5783 |            4.2129 |            1.8321 |            4.6696 |            0.8637
 34423 |    318 | 2020-03-05 14:19:56.5 |       13.1337 |       18.2053 |       11.5904 |            4.2128 |            1.8358 |            4.6745 |            0.8673
 34423 |    319 | 2020-03-05 14:20:08.5 |       13.1387 |         18.21 |       12.0084 |            4.3656 |            1.9052 |            4.8378 |            0.8998
 34423 |    320 | 2020-03-05 14:20:21.5 |        13.125 |       18.2072 |       11.9845 |            4.3562 |            1.8993 |            4.8329 |            0.8962
 34423 |    321 | 2020-03-05 14:20:32   |       13.1195 |       18.2079 |       10.6204 |            3.8622 |            1.6768 |            4.2945 |            0.7868
 34423 |    322 | 2020-03-05 14:20:42   |       13.1335 |       18.2087 |        11.386 |             4.142 |             1.802 |             4.593 |             0.849
 34423 |    323 | 2020-03-05 14:20:52   |       13.1325 |       18.2075 |       11.6725 |            4.2443 |              1.85 |            4.7049 |            0.8732
 34423 |    324 | 2020-03-05 14:21:01.5 |       13.1262 |       18.2073 |       11.7371 |            4.2688 |            1.8579 |             4.733 |            0.8775
 34423 |    325 | 2020-03-05 14:21:11   |       13.1283 |       18.2071 |       12.0156 |             4.368 |            1.9043 |             4.844 |            0.8993
 34423 |    326 | 2020-03-05 14:21:21   |       13.1272 |       18.2082 |       12.0099 |            4.3662 |            1.9032 |            4.8419 |            0.8986
 34423 |    327 | 2020-03-05 14:21:34   |       13.1335 |       18.2083 |        10.764 |             3.914 |             1.702 |             4.349 |             0.799
 34423 |    328 | 2020-03-05 14:21:47   |       13.1344 |        18.208 |       11.6502 |            4.2381 |            1.8457 |            4.6961 |            0.8702
 34423 |    329 | 2020-03-05 14:21:56.5 |       13.1255 |       18.2108 |       11.7117 |            4.2656 |             1.849 |             4.726 |             0.871
 34423 |    330 | 2020-03-05 14:22:06   |        13.128 |       18.2075 |        11.901 |             4.327 |             1.885 |             4.798 |             0.891
 34423 |    331 | 2020-03-05 14:22:16   |       13.1285 |       18.1991 |       11.9917 |            4.3612 |            1.8997 |            4.8334 |            0.8974
 34423 |    332 | 2020-03-05 14:22:29   |        13.111 |       18.2073 |       11.3126 |            4.1123 |            1.7874 |              4.57 |            0.8429
 34423 |    333 | 2020-03-05 14:22:42   |       13.1355 |       18.2105 |        11.451 |             4.167 |             1.813 |             4.618 |             0.853
 34423 |    334 | 2020-03-05 14:22:51.5 |       13.1309 |       18.1845 |       11.5602 |            4.2115 |            1.8253 |            4.6621 |            0.8613
 34423 |    335 | 2020-03-05 14:23:03.5 |       13.1309 |       18.2072 |       11.9711 |            4.3532 |            1.8971 |            4.8251 |            0.8958
 34423 |    336 | 2020-03-05 14:23:15.5 |       13.1309 |       18.2099 |       12.0366 |            4.3765 |             1.908 |             4.852 |            0.9002
 34423 |    337 | 2020-03-05 14:23:24   |        13.131 |       18.2079 |       12.2523 |            4.4527 |            1.9436 |            4.9378 |            0.9182
 34423 |    338 | 2020-03-05 14:23:35   |       13.1364 |       18.2102 |       10.8723 |            3.9541 |            1.7204 |            4.3904 |            0.8075
 34423 |    339 | 2020-03-05 14:23:49.5 |       13.1062 |       18.2141 |       11.5607 |            4.2163 |            1.8195 |              4.67 |            0.8549
 34423 |    340 | 2020-03-05 14:24:02   |       13.1285 |        18.207 |        11.824 |               4.3 |             1.872 |             4.768 |             0.884
 34423 |    341 | 2020-03-05 14:24:10.5 |        13.122 |       18.2045 |       12.1221 |            4.4079 |            1.9204 |            4.8856 |            0.9081
 34423 |    342 | 2020-03-05 14:24:19   |       13.1339 |       18.2082 |       11.9366 |            4.3379 |            1.8923 |            4.8124 |            0.8939
 34423 |    343 | 2020-03-05 14:24:30.5 |       13.1104 |       18.2078 |       10.9497 |            3.9818 |            1.7279 |            4.4267 |            0.8134
 34423 |    344 | 2020-03-05 14:24:42   |        13.088 |       18.1922 |        11.274 |             4.115 |             1.771 |             4.555 |             0.833
 34423 |    345 | 2020-03-05 14:24:52   |       13.1379 |       18.2061 |       11.4787 |            4.1743 |            1.8168 |            4.6304 |            0.8573
 34423 |    346 | 2020-03-05 14:25:01.5 |       13.1264 |        18.207 |       11.7417 |            4.2696 |            1.8593 |            4.7347 |            0.8782
 34423 |    347 | 2020-03-05 14:25:11   |       13.1275 |       18.2077 |        11.969 |             4.352 |             1.896 |             4.825 |             0.896
 34423 |    348 | 2020-03-05 14:25:21   |       13.1262 |        18.207 |        12.029 |            4.3723 |            1.9061 |            4.8501 |            0.9005
 34423 |    349 | 2020-03-05 14:25:34   |        13.143 |       18.2113 |        10.829 |              3.94 |             1.713 |             4.375 |             0.801
 34423 |    350 | 2020-03-05 14:25:47.5 |        13.043 |       18.2054 |       11.1909 |            4.0783 |            1.7621 |            4.5195 |             0.831
 34423 |    351 | 2020-03-05 14:25:57.5 |       13.1289 |        18.207 |       11.7616 |            4.2779 |             1.862 |            4.7414 |            0.8804
 34423 |    352 | 2020-03-05 14:26:07   |       13.1275 |        18.208 |        11.871 |             4.316 |              1.88 |             4.786 |             0.889
 34423 |    353 | 2020-03-05 14:26:17   |       13.1256 |       18.2012 |       11.9438 |            4.3441 |            1.8906 |            4.8164 |            0.8927
 34423 |    354 | 2020-03-05 14:26:29.5 |        13.109 |       18.2076 |       11.2592 |            4.0936 |            1.7784 |            4.5482 |             0.839
 34423 |    355 | 2020-03-05 14:26:42   |       13.1335 |       18.2107 |         11.21 |             4.079 |             1.773 |             4.523 |             0.835
 34423 |    356 | 2020-03-05 14:26:52   |       13.1282 |       18.2073 |       11.5229 |             4.192 |            1.8228 |            4.6477 |            0.8604
 34423 |    357 | 2020-03-05 14:27:02   |       13.1305 |        18.205 |        11.944 |             4.343 |             1.892 |             4.815 |             0.894
 34423 |    358 | 2020-03-05 14:27:15   |       13.1285 |       18.2109 |       12.2986 |            4.4747 |            1.9493 |            4.9568 |            0.9178
 34423 |    359 | 2020-03-05 14:27:27.5 |       13.1244 |       18.2058 |       11.9448 |            4.3399 |            1.8929 |            4.8181 |            0.8939
 34423 |    360 | 2020-03-05 14:27:36.5 |       13.1205 |       18.2105 |       10.9837 |            4.0012 |            1.7321 |            4.4371 |            0.8134
 34423 |    361 | 2020-03-05 14:27:47   |       13.1248 |        18.207 |       11.2101 |            4.0773 |            1.7721 |            4.5247 |             0.836
 34423 |    362 | 2020-03-05 14:27:57   |       13.1316 |       18.2064 |       11.8351 |             4.304 |            1.8744 |            4.7709 |            0.8858
 34423 |    363 | 2020-03-05 14:28:09   |       13.1292 |       18.2149 |       12.3028 |            4.4814 |            1.9441 |             4.961 |            0.9164
 34423 |    364 | 2020-03-05 14:28:20.5 |       13.1269 |       18.2071 |       12.0674 |            4.3865 |            1.9124 |            4.8649 |            0.9035
 34423 |    365 | 2020-03-05 14:28:31   |       13.1118 |        18.211 |       10.8674 |            3.9513 |            1.7152 |             4.394 |            0.8069
 34423 |    366 | 2020-03-05 14:28:42   |        13.121 |       18.2152 |        11.108 |             4.056 |             1.744 |             4.489 |             0.819
 34423 |    367 | 2020-03-05 14:28:52   |       13.1286 |       18.2088 |       11.5523 |            4.2016 |            1.8279 |            4.6602 |            0.8627
 34423 |    368 | 2020-03-05 14:29:02   |       13.1335 |       18.2095 |        12.068 |             4.389 |             1.913 |             4.862 |             0.904
 34423 |    369 | 2020-03-05 14:29:12   |       13.1122 |       18.2152 |         11.98 |            4.3611 |            1.8922 |            4.8344 |            0.8923
 34423 |    370 | 2020-03-05 14:29:22   |         13.13 |       18.2072 |        12.213 |             4.438 |             1.937 |             4.923 |             0.915
 34423 |    371 | 2020-03-05 14:29:34.5 |       13.1355 |       18.2107 |        10.582 |            3.8489 |            1.6729 |            4.2769 |            0.7833
 34423 |    372 | 2020-03-05 14:29:47.5 |        13.128 |       18.2079 |       11.3363 |            4.1239 |            1.7929 |            4.5737 |            0.8458
 34423 |    373 | 2020-03-05 14:29:57.5 |       13.1325 |       18.2085 |       11.9096 |            4.3315 |            1.8871 |               4.8 |             0.891
 34423 |    374 | 2020-03-05 14:30:07   |       13.1265 |       18.2075 |        11.828 |             4.301 |             1.873 |             4.769 |             0.885
 34423 |    375 | 2020-03-05 14:30:16.5 |       13.1285 |       18.1824 |       11.9734 |            4.3607 |             1.892 |             4.828 |            0.8928
 34423 |    376 | 2020-03-05 14:30:29.5 |        13.113 |       18.2073 |       11.2212 |             4.079 |            1.7733 |            4.5334 |            0.8355
 34423 |    377 | 2020-03-05 14:30:45.5 |       13.1204 |       18.2093 |       11.5642 |            4.2179 |            1.8212 |            4.6693 |            0.8558
 34423 |    378 | 2020-03-05 14:30:57.5 |       13.1316 |       18.2064 |       11.8533 |            4.3109 |            1.8772 |             4.778 |            0.8871
 34423 |    379 | 2020-03-05 14:31:07   |       13.1336 |       18.2087 |       12.1853 |            4.4311 |            1.9321 |            4.9093 |            0.9129
 34423 |    380 | 2020-03-05 14:31:16   |       13.1252 |       18.2073 |       11.9266 |            4.3361 |             1.889 |            4.8096 |            0.8919
 34423 |    381 | 2020-03-05 14:31:25   |       13.1323 |       18.2052 |       12.3831 |            4.5001 |            1.9655 |            4.9897 |            0.9278
 34423 |    382 | 2020-03-05 14:31:36   |       13.0976 |       18.2148 |       10.7184 |            3.9116 |            1.6856 |            4.3356 |            0.7855
 34423 |    383 | 2020-03-05 14:31:47   |       13.1301 |       18.2099 |       11.4963 |            4.1835 |            1.8194 |            4.6361 |            0.8572
 34423 |    384 | 2020-03-05 14:31:57   |       13.1282 |       18.2075 |       11.7172 |            4.2612 |            1.8548 |            4.7247 |            0.8765
 34423 |    385 | 2020-03-05 14:32:07.5 |       13.1316 |        18.209 |       12.1428 |             4.419 |            1.9225 |            4.8942 |            0.9072
 34423 |    386 | 2020-03-05 14:32:17.5 |         13.12 |       18.2084 |       12.2113 |            4.4423 |            1.9337 |            4.9229 |            0.9124
 34423 |    387 | 2020-03-05 14:32:30   |       13.1065 |        18.208 |        11.244 |             4.089 |             1.775 |             4.543 |             0.837
 34423 |    388 | 2020-03-05 14:32:42.5 |       13.1253 |       18.2074 |        11.065 |            4.0257 |            1.7489 |            4.4674 |            0.8231
 34423 |    389 | 2020-03-05 14:32:52.5 |        13.114 |       18.1979 |       11.5902 |            4.2285 |            1.8238 |            4.6792 |            0.8588
 34423 |    390 | 2020-03-05 14:33:05   |         13.13 |       18.2065 |       11.9699 |            4.3529 |            1.8959 |            4.8251 |            0.8959
 34423 |    391 | 2020-03-05 14:33:16.5 |       13.1278 |       18.2073 |       12.0643 |            4.3849 |            1.9119 |            4.8636 |            0.9038
 34423 |    392 | 2020-03-05 14:33:29.5 |        13.108 |       18.2071 |       11.4285 |            4.1553 |            1.8054 |            4.6156 |            0.8522
 34423 |    393 | 2020-03-05 14:33:43   |       13.1263 |       18.2108 |       11.0611 |             4.023 |            1.7486 |            4.4659 |            0.8237
 34423 |    394 | 2020-03-05 14:33:53   |       13.1312 |        18.206 |       11.7145 |            4.2601 |            1.8553 |            4.7229 |            0.8762
 34423 |    395 | 2020-03-05 14:34:03.5 |       13.1352 |       18.2111 |       12.1019 |            4.4023 |             1.919 |            4.8745 |            0.9061
 34423 |    396 | 2020-03-05 14:34:16.5 |       13.1297 |       18.2076 |        12.113 |            4.4029 |              1.92 |            4.8833 |            0.9067
 34423 |    397 | 2020-03-05 14:34:28.5 |       13.1117 |       18.2086 |       11.7865 |            4.2859 |            1.8647 |            4.7559 |            0.8799
 34423 |    398 | 2020-03-05 14:34:38   |       13.0545 |       18.2132 |        10.771 |              3.93 |             1.689 |             4.358 |             0.794
 34423 |    399 | 2020-03-05 14:34:48   |        13.127 |        18.208 |       11.4054 |            4.1492 |             1.804 |            4.6015 |            0.8506
 34423 |    400 | 2020-03-05 14:34:58   |        13.141 |       18.2102 |        12.033 |             4.379 |             1.907 |             4.848 |             0.899
 34423 |    401 | 2020-03-05 14:35:07.5 |       13.1273 |       18.2141 |       11.9117 |            4.3406 |            1.8801 |            4.8025 |            0.8886
 34423 |    402 | 2020-03-05 14:35:17   |       13.1284 |       18.2038 |       12.1873 |            4.4358 |              1.93 |            4.9114 |            0.9101
 34423 |    403 | 2020-03-05 14:35:30   |        13.109 |       18.2078 |        11.199 |             4.072 |             1.768 |             4.525 |             0.834
 34423 |    404 | 2020-03-05 14:35:43   |       13.1275 |       18.2095 |       11.1071 |            4.0386 |            1.7568 |            4.4837 |            0.8281
 34423 |    405 | 2020-03-05 14:35:53   |        13.132 |       18.2054 |       11.7127 |            4.2591 |            1.8554 |            4.7221 |            0.8761
 34423 |    406 | 2020-03-05 14:36:02.5 |       13.1315 |       18.2071 |       11.9844 |            4.3574 |            1.8986 |            4.8307 |            0.8977
 34423 |    407 | 2020-03-05 14:36:12   |       13.1327 |         18.21 |       12.2412 |             4.451 |            1.9416 |            4.9316 |            0.9169
 34423 |    408 | 2020-03-05 14:36:22   |         13.13 |        18.206 |        12.234 |             4.446 |              1.94 |             4.931 |             0.917
 34423 |    409 | 2020-03-05 14:36:35.5 |       13.1277 |       18.2074 |       10.4052 |            3.7837 |            1.6427 |            4.2087 |            0.7701
 34423 |    410 | 2020-03-05 14:36:48.5 |        13.128 |       18.2076 |       11.4225 |            4.1545 |            1.8067 |            4.6088 |            0.8525
 34423 |    411 | 2020-03-05 14:36:58   |        13.133 |        18.208 |        11.928 |             4.338 |              1.89 |             4.807 |             0.893
 34423 |    412 | 2020-03-05 14:37:08   |       13.1301 |       18.1988 |       12.0576 |            4.3856 |            1.9108 |            4.8578 |            0.9034
 34423 |    413 | 2020-03-05 14:37:18   |        13.131 |       18.2055 |        12.221 |             4.442 |             1.938 |             4.925 |             0.916
 34423 |    414 | 2020-03-05 14:37:31.5 |       13.1125 |       18.2068 |       10.7385 |            3.9041 |            1.6942 |            4.3434 |            0.7968
 34423 |    415 | 2020-03-05 14:37:45   |       13.1274 |        18.207 |       11.2145 |            4.0786 |            1.7735 |            4.5259 |            0.8364
 34423 |    416 | 2020-03-05 14:37:56.5 |       13.0878 |       18.1943 |       11.8872 |            4.3349 |            1.8744 |            4.7947 |            0.8832
 34423 |    417 | 2020-03-05 14:38:09.5 |       13.1211 |        18.206 |       11.8162 |            4.2983 |            1.8689 |            4.7665 |            0.8824
 34423 |    418 | 2020-03-05 14:38:20.5 |       13.1332 |       18.2041 |       12.1915 |            4.4293 |            1.9343 |            4.9139 |             0.914
 34423 |    419 | 2020-03-05 14:38:29   |       13.1052 |       18.2094 |       11.6908 |            4.2521 |            1.8477 |            4.7192 |            0.8717
 34423 |    420 | 2020-03-05 14:38:38   |       13.1255 |       18.2072 |        10.762 |             3.914 |               1.7 |             4.349 |             0.799
 34423 |    421 | 2020-03-05 14:38:48   |       13.1294 |       18.2064 |       11.4273 |            4.1558 |            1.8076 |            4.6102 |            0.8537
 34423 |    422 | 2020-03-05 14:38:58   |        13.133 |       18.2092 |        11.755 |             4.276 |             1.862 |             4.738 |             0.879
 34423 |    423 | 2020-03-05 14:39:08   |       13.1244 |       18.2073 |       11.7925 |            4.2881 |            1.8669 |            4.7554 |            0.8821
 34423 |    424 | 2020-03-05 14:39:17.5 |        13.128 |       18.2065 |       12.0949 |            4.3969 |            1.9163 |            4.8765 |            0.9052
 34423 |    425 | 2020-03-05 14:39:30   |        13.109 |        18.207 |        11.355 |             4.128 |             1.794 |             4.586 |             0.847
 34423 |    426 | 2020-03-05 14:39:43   |       13.1295 |       18.2068 |       11.1752 |            4.0645 |            1.7667 |            4.5116 |            0.8325
 34423 |    427 | 2020-03-05 14:39:53   |       13.1411 |       18.2096 |       11.8415 |            4.3072 |            1.8765 |            4.7707 |            0.8872
 34423 |    428 | 2020-03-05 14:40:03   |        13.134 |         18.21 |        12.105 |             4.403 |             1.919 |             4.876 |             0.907
 34423 |    429 | 2020-03-05 14:40:12.5 |        13.107 |        18.196 |       12.0086 |            4.3709 |            1.8982 |            4.8432 |            0.8962
 34423 |    430 | 2020-03-05 14:40:22   |       13.1305 |       18.2052 |        12.252 |             4.453 |             1.943 |             4.938 |             0.918
 34423 |    431 | 2020-03-05 14:40:35   |       13.1286 |       18.2066 |       10.3989 |            3.7821 |            1.6422 |            4.2055 |            0.7691
 34423 |    432 | 2020-03-05 14:40:48   |       13.1309 |       18.2041 |       11.4966 |            4.1811 |            1.8191 |            4.6375 |            0.8588
 34423 |    433 | 2020-03-05 14:40:58   |       13.1295 |       18.1825 |        11.782 |             4.294 |             1.858 |             4.753 |             0.877
 34423 |    434 | 2020-03-05 14:41:11.5 |        13.127 |       18.2076 |       12.0258 |            4.3729 |            1.9051 |            4.8476 |            0.9001
 34423 |    435 | 2020-03-05 14:41:24.5 |       13.1262 |       18.2062 |       12.3753 |            4.5079 |            1.9578 |            4.9895 |              0.92
 34423 |    436 | 2020-03-05 14:41:33.5 |       13.1264 |        18.207 |       10.5245 |            3.8259 |            1.6626 |            4.2559 |            0.7801
 34423 |    437 | 2020-03-05 14:41:43   |       13.1295 |       18.2077 |       11.1951 |            4.0715 |            1.7702 |            4.5188 |            0.8346
 34423 |    438 | 2020-03-05 14:41:53   |       13.1214 |       18.2162 |       11.7418 |            4.2822 |            1.8479 |            4.7389 |            0.8728
 34423 |    439 | 2020-03-05 14:42:03.5 |       13.1244 |          18.2 |       11.8631 |            4.3235 |            1.8718 |            4.7854 |            0.8823
 34423 |    440 | 2020-03-05 14:42:14   |       13.1325 |       18.2072 |        12.207 |             4.437 |             1.936 |             4.919 |             0.915
 34423 |    441 | 2020-03-05 14:42:23.5 |       13.0772 |       18.2042 |       12.2493 |            4.4684 |            1.9283 |            4.9439 |            0.9087
 34423 |    442 | 2020-03-05 14:42:36.5 |       13.1296 |       18.2076 |       10.6056 |            3.8571 |            1.6751 |            4.2875 |            0.7858
 34423 |    443 | 2020-03-05 14:42:48.5 |       13.1315 |       18.2139 |       11.5736 |            4.2088 |            1.8323 |            4.6675 |            0.8651
 34423 |    444 | 2020-03-05 14:42:58.5 |       13.1242 |       18.1963 |       11.5389 |            4.1989 |            1.8245 |            4.6539 |            0.8617
 34423 |    445 | 2020-03-05 14:43:10   |       13.1285 |       18.2075 |        11.961 |             4.349 |             1.895 |             4.822 |             0.895
 34423 |    446 | 2020-03-05 14:43:20.5 |       13.1338 |       18.2094 |       12.3123 |            4.4762 |             1.953 |            4.9612 |            0.9219
 34423 |    447 | 2020-03-05 14:43:31.5 |       13.1157 |       18.2071 |       11.0097 |            4.0024 |            1.7394 |            4.4494 |            0.8185
 34423 |    448 | 2020-03-05 14:43:44   |       13.1276 |       18.2056 |       11.1964 |            4.0705 |            1.7705 |            4.5205 |            0.8348
 34423 |    449 | 2020-03-05 14:43:53.5 |       13.1358 |       18.2107 |       11.6981 |             4.256 |            1.8531 |            4.7156 |            0.8734
 34423 |    450 | 2020-03-05 14:44:03   |       13.1335 |        18.211 |         11.89 |             4.325 |             1.884 |             4.792 |             0.889
 34423 |    451 | 2020-03-05 14:44:13   |       13.1297 |       18.2051 |       12.0625 |            4.3845 |            1.9116 |            4.8623 |            0.9041
 34423 |    452 | 2020-03-05 14:44:22.5 |       13.1288 |       18.2091 |       12.1842 |            4.4308 |            1.9311 |            4.9114 |            0.9108
 34423 |    453 | 2020-03-05 14:44:36   |       13.1301 |       18.2073 |       10.5907 |            3.8509 |            1.6734 |            4.2815 |            0.7849
 34423 |    454 | 2020-03-05 14:44:50   |        13.134 |       18.2102 |        11.739 |             4.271 |             1.859 |             4.731 |             0.878
 34423 |    455 | 2020-03-05 14:45:00   |       13.1113 |        18.213 |       11.7493 |            4.2755 |            1.8587 |            4.7386 |            0.8765
 34423 |    456 | 2020-03-05 14:45:09.5 |       13.1191 |       18.2035 |       11.7689 |            4.2852 |            1.8585 |             4.748 |            0.8771
 34423 |    457 | 2020-03-05 14:45:19   |        13.129 |       18.2072 |        12.118 |             4.404 |             1.921 |             4.885 |             0.908
 34423 |    458 | 2020-03-05 14:45:31.5 |        13.117 |       18.2064 |        11.043 |            4.0139 |            1.7452 |            4.4627 |            0.8212
 34423 |    459 | 2020-03-05 14:45:44   |       13.1325 |       18.2045 |        11.257 |            4.0904 |            1.7837 |            4.5419 |            0.8409
 34423 |    460 | 2020-03-05 14:45:54   |        13.133 |       18.2115 |         11.68 |              4.25 |              1.85 |             4.708 |             0.872
 34423 |    461 | 2020-03-05 14:46:03.5 |        13.127 |       18.1966 |       11.7695 |            4.2803 |            1.8634 |            4.7456 |            0.8802
 34423 |    462 | 2020-03-05 14:46:13   |       13.1329 |       18.2098 |       12.2285 |            4.4464 |            1.9389 |            4.9268 |            0.9165
 34423 |    463 | 2020-03-05 14:46:23   |       13.1326 |       18.2117 |       12.2025 |             4.437 |            1.9355 |            4.9166 |            0.9134
 34423 |    464 | 2020-03-05 14:46:36   |       13.1326 |       18.2066 |        10.632 |            3.8658 |            1.6805 |            4.2972 |            0.7886
 34423 |    465 | 2020-03-05 14:46:48.5 |        13.132 |       18.2093 |       11.4724 |            4.1736 |            1.8154 |            4.6267 |            0.8567
 34423 |    466 | 2020-03-05 14:46:58   |        13.126 |        18.217 |        11.661 |             4.256 |             1.833 |             4.708 |             0.864
 34423 |    467 | 2020-03-05 14:47:08   |         13.13 |        18.208 |       12.0258 |            4.3734 |            1.9054 |            4.8466 |            0.9004
 34423 |    468 | 2020-03-05 14:47:18   |        13.133 |       18.2105 |        12.122 |             4.407 |             1.922 |             4.885 |             0.908
 34423 |    469 | 2020-03-05 14:47:31   |       13.1145 |        18.207 |       11.1919 |            4.0684 |            1.7681 |            4.5229 |            0.8326
 34423 |    470 | 2020-03-05 14:47:44   |       13.1335 |        18.208 |       11.4228 |             4.155 |            1.8083 |            4.6075 |             0.852
 34423 |    471 | 2020-03-05 14:47:53.5 |       13.1403 |        18.211 |       11.6829 |             4.251 |            1.8502 |            4.7105 |            0.8712
 34423 |    472 | 2020-03-05 14:48:08.5 |       13.1266 |       18.2067 |       11.9094 |            4.3303 |            1.8857 |             4.802 |            0.8915
 34423 |    473 | 2020-03-05 14:48:24   |       13.1303 |       18.1927 |       12.0318 |            4.3736 |            1.9084 |            4.8487 |            0.9012
 34423 |    474 | 2020-03-05 14:48:33.5 |       13.1301 |       18.2076 |       10.6663 |            3.8778 |            1.6859 |            4.3119 |            0.7906
 34423 |    475 | 2020-03-05 14:48:42.5 |       13.1334 |       18.2088 |       11.3287 |            4.1201 |            1.7928 |            4.5707 |             0.845
 34423 |    476 | 2020-03-05 14:48:52   |       13.1087 |        18.204 |       11.4857 |            4.1864 |              1.81 |            4.6362 |             0.853
 34423 |    477 | 2020-03-05 14:49:01.5 |       13.1282 |       18.2082 |       11.7269 |            4.2636 |            1.8563 |            4.7292 |            0.8777
 34423 |    478 | 2020-03-05 14:49:11   |       13.1184 |       18.2107 |        12.238 |            4.4518 |            1.9384 |            4.9324 |            0.9154
 34423 |    479 | 2020-03-05 14:49:21.5 |       13.1271 |       18.2071 |       11.9749 |            4.3522 |            1.8976 |            4.8289 |            0.8962
 34423 |    480 | 2020-03-05 14:49:34   |        13.132 |       18.2075 |        10.605 |             3.855 |             1.676 |             4.288 |             0.786
 34423 |    481 | 2020-03-05 14:49:47   |       13.1339 |       18.2109 |       11.5932 |            4.2186 |            1.8357 |            4.6739 |             0.865
 34423 |    482 | 2020-03-05 14:49:56.5 |       13.1272 |       18.2064 |       11.5695 |            4.2061 |            1.8318 |            4.6665 |            0.8651
 34423 |    483 | 2020-03-05 14:50:06   |       13.1292 |       18.2167 |       11.8866 |            4.3269 |            1.8793 |             4.793 |            0.8875
 34423 |    484 | 2020-03-05 14:50:16   |       13.1329 |       18.2077 |       12.2594 |            4.4577 |             1.944 |            4.9387 |            0.9191
 34423 |    485 | 2020-03-05 14:50:28.5 |       13.1131 |       18.2065 |        11.898 |            4.3253 |            1.8823 |             4.801 |            0.8895
 34423 |    486 | 2020-03-05 14:50:41.5 |       13.1308 |        18.205 |        11.199 |            4.0729 |            1.7713 |            4.5207 |             0.834
 34423 |    487 | 2020-03-05 14:50:52   |       13.1294 |       18.1921 |       11.4681 |            4.1714 |            1.8144 |            4.6261 |            0.8562
 34423 |    488 | 2020-03-05 14:51:01.5 |       13.1295 |       18.2075 |       11.8422 |            4.3063 |            1.8753 |            4.7748 |            0.8857
 34423 |    489 | 2020-03-05 14:51:11   |       13.1305 |       18.2075 |         12.06 |             4.384 |             1.911 |             4.861 |             0.904
 34423 |    490 | 2020-03-05 14:51:21   |       13.1283 |       18.2107 |       12.1262 |            4.4078 |            1.9218 |            4.8891 |            0.9075
 34423 |    491 | 2020-03-05 14:51:35   |       13.1305 |       18.2052 |        10.559 |             3.838 |             1.669 |              4.27 |             0.782
 34423 |    492 | 2020-03-05 14:51:49.5 |       13.1251 |       18.2077 |        11.251 |            4.0936 |            1.7779 |            4.5411 |            0.8384
 34423 |    493 | 2020-03-05 14:52:00.5 |       13.1264 |       18.2075 |       11.6593 |            4.2405 |             1.845 |            4.7018 |             0.872
 34423 |    494 | 2020-03-05 14:52:10   |        13.134 |        18.211 |         12.25 |             4.455 |             1.942 |             4.935 |             0.918
 34423 |    495 | 2020-03-05 14:52:21   |       13.1249 |       18.2033 |       11.9864 |             4.357 |            1.8988 |             4.834 |            0.8966
(496 rows)

