  run  | subrun |         time          | step1_voltage | step2_voltage | total_current | pos_2step_current | pos_1step_current | neg_2step_current | neg_1step_current 
-------+--------+-----------------------+---------------+---------------+---------------+-------------------+-------------------+-------------------+-------------------
 34437 |      0 | 2020-03-06 00:34:19.5 |       13.1242 |       18.2095 |       10.8717 |            3.9538 |            1.7177 |            4.3923 |             0.808
 34437 |      1 | 2020-03-06 00:34:30   |       13.1305 |        18.205 |         11.58 |             4.211 |             1.833 |             4.671 |             0.865
 34437 |      2 | 2020-03-06 00:34:43   |       13.1229 |       18.2136 |       11.9218 |            4.3477 |            1.8774 |            4.8111 |            0.8856
 34437 |      3 | 2020-03-06 00:34:56.5 |       13.1303 |       18.2062 |       12.1758 |            4.4257 |            1.9305 |            4.9075 |            0.9121
 34437 |      4 | 2020-03-06 00:35:06   |       13.1342 |       18.2067 |       12.4327 |            4.5183 |            1.9729 |            5.0088 |            0.9327
 34437 |      5 | 2020-03-06 00:35:15   |        13.127 |       18.2072 |       10.3589 |            3.7672 |            1.6356 |            4.1903 |            0.7658
 34437 |      6 | 2020-03-06 00:35:25   |       13.1282 |       18.2072 |       11.2541 |            4.0933 |            1.7795 |            4.5423 |             0.839
 34437 |      7 | 2020-03-06 00:35:35.5 |       13.1323 |        18.208 |       11.8692 |            4.3175 |            1.8796 |            4.7842 |             0.888
 34437 |      8 | 2020-03-06 00:35:45.5 |       13.1253 |       18.2074 |       11.7589 |            4.2766 |            1.8608 |            4.7423 |            0.8792
 34437 |      9 | 2020-03-06 00:35:55   |       13.1296 |       18.2072 |       12.1273 |            4.4096 |            1.9222 |            4.8879 |            0.9077
 34437 |     10 | 2020-03-06 00:36:06.5 |       13.1236 |       18.2187 |       12.3506 |            4.5037 |            1.9469 |            4.9818 |            0.9182
 34437 |     11 | 2020-03-06 00:36:19.5 |       13.1249 |       18.2067 |       10.9048 |            3.9661 |            1.7229 |            4.4051 |            0.8107
 34437 |     12 | 2020-03-06 00:36:30   |       13.1315 |       18.2065 |         11.63 |             4.231 |             1.841 |             4.689 |             0.869
 34437 |     13 | 2020-03-06 00:36:40   |       13.0749 |       18.1896 |       11.8657 |            4.3329 |            1.8654 |            4.7888 |            0.8786
 34437 |     14 | 2020-03-06 00:36:49.5 |       13.1279 |       18.2076 |       11.9135 |             4.332 |            1.8867 |            4.8034 |            0.8914
 34437 |     15 | 2020-03-06 00:36:59   |       13.1319 |       18.2081 |       12.2947 |            4.4693 |            1.9497 |            4.9544 |            0.9213
 34437 |     16 | 2020-03-06 00:37:12   |        13.116 |       18.2102 |       10.7773 |            3.9185 |            1.7013 |            4.3582 |            0.7994
 34437 |     17 | 2020-03-06 00:37:25   |       13.1298 |       18.2054 |       11.3191 |            4.1166 |            1.7903 |            4.5681 |            0.8441
 34437 |     18 | 2020-03-06 00:37:35   |       13.1339 |       18.2105 |       11.8729 |            4.3197 |            1.8811 |            4.7838 |            0.8883
 34437 |     19 | 2020-03-06 00:37:45   |        13.125 |        18.207 |       11.7601 |             4.277 |            1.8612 |             4.743 |             0.879
 34437 |     20 | 2020-03-06 00:37:54.5 |       13.1307 |       18.2041 |       12.1572 |            4.4188 |            1.9271 |            4.9002 |             0.911
 34437 |     21 | 2020-03-06 00:38:11   |       13.1116 |        18.213 |       11.0828 |            4.0284 |            1.7508 |            4.4785 |             0.825
 34437 |     22 | 2020-03-06 00:38:27.5 |       13.1319 |       18.2066 |        11.521 |            4.1905 |            1.8236 |            4.6469 |            0.8601
 34437 |     23 | 2020-03-06 00:38:36   |       13.1347 |       18.2114 |       11.8776 |            4.3218 |            1.8819 |            4.7857 |            0.8882
 34437 |     24 | 2020-03-06 00:38:44   |       13.1241 |       18.2067 |       11.7078 |            4.2574 |            1.8527 |            4.7222 |            0.8754
 34437 |     25 | 2020-03-06 00:38:53   |       13.1305 |       18.2063 |       12.1307 |            4.4103 |            1.9227 |            4.8889 |            0.9088
 34437 |     26 | 2020-03-06 00:39:01.5 |       13.1313 |       18.2076 |       12.3441 |            4.4873 |            1.9581 |            4.9736 |            0.9252
 34437 |     27 | 2020-03-06 00:39:13   |       13.1229 |       18.2073 |       10.5794 |            3.8464 |            1.6702 |             4.279 |            0.7838
 34437 |     28 | 2020-03-06 00:39:25.5 |       13.1293 |       18.2051 |       11.3772 |            4.1388 |            1.7999 |            4.5897 |            0.8488
 34437 |     29 | 2020-03-06 00:39:35   |       13.0664 |        18.195 |       11.7907 |            4.3028 |            1.8554 |            4.7592 |            0.8733
 34437 |     30 | 2020-03-06 00:39:45   |       13.1278 |       18.2066 |        11.774 |            4.2818 |            1.8631 |            4.7481 |            0.8811
 34437 |     31 | 2020-03-06 00:39:55.5 |       13.1322 |       18.2067 |       12.2388 |            4.4493 |             1.941 |            4.9315 |             0.917
 34437 |     32 | 2020-03-06 00:40:07.5 |       13.1308 |       18.2098 |       12.3568 |            4.4924 |            1.9601 |            4.9782 |             0.926
 34437 |     33 | 2020-03-06 00:40:20   |        13.128 |       18.2062 |       11.0585 |            4.0223 |            1.7477 |            4.4659 |            0.8226
 34437 |     34 | 2020-03-06 00:40:30.5 |       13.1346 |       18.2097 |       11.7208 |            4.2646 |            1.8559 |            4.7249 |            0.8754
 34437 |     35 | 2020-03-06 00:40:40   |       13.1067 |       18.2011 |       11.6872 |            4.2596 |            1.8422 |            4.7167 |            0.8688
 34437 |     36 | 2020-03-06 00:40:50   |         13.13 |       18.2042 |        12.065 |             4.386 |             1.912 |             4.863 |             0.904
 34437 |     37 | 2020-03-06 00:41:00   |       13.1363 |       18.2087 |       12.2282 |            4.4441 |              1.94 |            4.9267 |            0.9173
 34437 |     38 | 2020-03-06 00:41:13   |        13.126 |       18.2071 |       10.6155 |            3.8583 |             1.677 |            4.2931 |            0.7871
 34437 |     39 | 2020-03-06 00:41:26   |       13.1325 |       18.2077 |        11.489 |              4.18 |             1.818 |             4.633 |             0.858
 34437 |     40 | 2020-03-06 00:41:35.5 |       13.0853 |       18.2129 |       11.7749 |            4.2886 |            1.8597 |            4.7509 |            0.8757
 34437 |     41 | 2020-03-06 00:41:48   |       13.1302 |       18.2059 |       12.0057 |            4.3644 |            1.9019 |            4.8404 |             0.899
 34437 |     42 | 2020-03-06 00:42:01.5 |        13.146 |         18.21 |       12.4627 |            4.5292 |            1.9792 |            5.0197 |            0.9345
 34437 |     43 | 2020-03-06 00:42:10.5 |       13.1022 |        18.207 |       11.5159 |            4.1875 |            1.8181 |            4.6518 |            0.8586
 34437 |     44 | 2020-03-06 00:42:19.5 |       13.1278 |       18.2072 |       11.0742 |             4.028 |            1.7503 |            4.4717 |            0.8242
 34437 |     45 | 2020-03-06 00:42:30.5 |       13.0915 |       18.2142 |       11.7552 |            4.2863 |            1.8526 |            4.7454 |            0.8709
 34437 |     46 | 2020-03-06 00:42:40   |       13.1225 |       18.2068 |       11.6525 |            4.2381 |             1.843 |            4.7004 |             0.871
 34437 |     47 | 2020-03-06 00:42:50   |        13.132 |       18.2062 |        12.119 |             4.406 |             1.921 |             4.884 |             0.908
 34437 |     48 | 2020-03-06 00:43:00.5 |       13.1261 |       18.2056 |       12.1873 |            4.4362 |            1.9267 |            4.9146 |            0.9098
 34437 |     49 | 2020-03-06 00:43:13.5 |       13.1286 |       18.2055 |       10.6172 |            3.8587 |             1.678 |            4.2929 |            0.7875
 34437 |     50 | 2020-03-06 00:43:26   |       13.1345 |       18.2098 |        11.558 |             4.205 |              1.83 |              4.66 |             0.863
 34437 |     51 | 2020-03-06 00:43:36   |       13.1019 |       18.2028 |       11.4893 |             4.189 |            1.8074 |             4.639 |            0.8539
 34437 |     52 | 2020-03-06 00:43:45.5 |       13.1289 |       18.2068 |       11.9521 |             4.346 |            1.8936 |            4.8182 |            0.8943
 34437 |     53 | 2020-03-06 00:43:55   |       13.1337 |       18.2105 |       12.3392 |            4.4869 |            1.9572 |              4.97 |            0.9251
 34437 |     54 | 2020-03-06 00:44:07   |       13.1204 |       18.2067 |       11.9572 |            4.3462 |            1.8936 |            4.8234 |             0.894
 34437 |     55 | 2020-03-06 00:44:20   |        13.131 |       18.2069 |       11.1581 |            4.0577 |            1.7647 |            4.5048 |             0.831
 34437 |     56 | 2020-03-06 00:44:30.5 |       13.1265 |       18.2092 |       11.4987 |            4.1852 |            1.8179 |             4.638 |            0.8576
 34437 |     57 | 2020-03-06 00:44:40   |       13.1334 |       18.2088 |       11.7136 |            4.2585 |            1.8554 |             4.723 |            0.8767
 34437 |     58 | 2020-03-06 00:44:50   |       13.1325 |        18.208 |        12.173 |             4.426 |              1.93 |             4.905 |             0.912
 34437 |     59 | 2020-03-06 00:45:00   |       13.1316 |        18.209 |       12.1676 |             4.422 |            1.9292 |            4.9042 |            0.9121
 34437 |     60 | 2020-03-06 00:45:13   |       13.1187 |       18.2067 |       10.6527 |            3.8716 |            1.6819 |            4.3088 |            0.7904
 34437 |     61 | 2020-03-06 00:45:26   |       13.1265 |       18.2083 |        11.553 |             4.216 |             1.818 |             4.664 |             0.855
 34437 |     62 | 2020-03-06 00:45:36   |       13.1234 |       18.2119 |       11.4461 |            4.1643 |            1.8092 |            4.6184 |            0.8541
 34437 |     63 | 2020-03-06 00:45:46   |       13.1295 |        18.207 |        11.979 |             4.355 |             1.898 |             4.829 |             0.897
 34437 |     64 | 2020-03-06 00:45:55.5 |       13.1334 |       18.1971 |       12.2715 |            4.4644 |            1.9451 |            4.9435 |            0.9184
 34437 |     65 | 2020-03-06 00:46:07.5 |       13.1196 |       18.2056 |       11.9759 |            4.3523 |            1.8967 |            4.8307 |            0.8963
 34437 |     66 | 2020-03-06 00:46:20.5 |       13.1322 |       18.2064 |       11.2083 |            4.0748 |            1.7744 |            4.5233 |            0.8359
 34437 |     67 | 2020-03-06 00:46:31   |        13.132 |       18.1902 |         11.48 |             4.176 |             1.817 |              4.63 |             0.857
 34437 |     68 | 2020-03-06 00:46:40.5 |       13.1286 |       18.2067 |       11.8021 |            4.2925 |            1.8689 |            4.7583 |            0.8824
 34437 |     69 | 2020-03-06 00:46:50   |        13.133 |       18.2087 |        12.198 |             4.435 |             1.934 |             4.915 |             0.914
 34437 |     70 | 2020-03-06 00:47:00   |       13.1288 |       18.2089 |       12.0444 |            4.3782 |            1.9099 |            4.8545 |            0.9019
 34437 |     71 | 2020-03-06 00:47:13   |       13.1229 |       18.2063 |       10.7808 |            3.9188 |            1.7032 |            4.3587 |               0.8
 34437 |     72 | 2020-03-06 00:47:26   |        13.115 |       18.2228 |        11.544 |             4.214 |             1.816 |              4.66 |             0.854
 34437 |     73 | 2020-03-06 00:47:35.5 |       13.1306 |       18.2069 |       11.5206 |            4.1898 |            1.8229 |            4.6468 |            0.8612
 34437 |     74 | 2020-03-06 00:47:45.5 |       13.1306 |       18.2075 |       12.0384 |            4.3767 |            1.9071 |            4.8529 |            0.9016
 34437 |     75 | 2020-03-06 00:47:55   |       13.1043 |       18.2224 |       12.3031 |              4.49 |            1.9381 |            4.9623 |            0.9127
 34437 |     76 | 2020-03-06 00:48:07   |       13.1243 |       18.2074 |        12.095 |            4.3959 |            1.9167 |            4.8768 |            0.9056
 34437 |     77 | 2020-03-06 00:48:20.5 |       13.1343 |       18.2081 |       11.1832 |            4.0658 |            1.7703 |            4.5138 |            0.8333
 34437 |     78 | 2020-03-06 00:48:31   |       13.1006 |       18.1946 |       11.4107 |            4.1619 |            1.7959 |            4.6077 |            0.8451
 34437 |     79 | 2020-03-06 00:48:44.5 |       13.1311 |        18.206 |       11.9853 |            4.3573 |            1.8993 |            4.8309 |            0.8978
 34437 |     80 | 2020-03-06 00:48:57.5 |       13.1212 |       18.2168 |       12.0348 |            4.3876 |            1.8949 |            4.8569 |            0.8954
 34437 |     81 | 2020-03-06 00:49:06   |       13.1275 |       18.2078 |        12.153 |             4.417 |             1.927 |             4.899 |              0.91
 34437 |     82 | 2020-03-06 00:49:15.5 |       13.1368 |       18.2083 |       10.5317 |            3.8279 |            1.6651 |            4.2584 |            0.7803
 34437 |     83 | 2020-03-06 00:49:26   |       13.1239 |       18.2225 |       11.4794 |            4.1885 |            1.8046 |             4.637 |            0.8493
 34437 |     84 | 2020-03-06 00:49:36   |        13.075 |        18.199 |       11.5605 |            4.2157 |             1.819 |            4.6678 |            0.8581
 34437 |     85 | 2020-03-06 00:49:45.5 |       13.1309 |       18.2074 |       12.0689 |            4.3884 |            1.9127 |            4.8637 |             0.904
 34437 |     86 | 2020-03-06 00:49:55.5 |       13.1235 |       18.2125 |       12.1386 |            4.4254 |            1.9135 |            4.8971 |            0.9026
 34437 |     87 | 2020-03-06 00:50:07.5 |       13.0337 |       18.1882 |       11.9982 |            4.3706 |            1.8918 |             4.841 |            0.8948
 34437 |     88 | 2020-03-06 00:50:20   |       13.1358 |       18.2097 |       11.2965 |            4.1088 |            1.7883 |            4.5588 |            0.8406
 34437 |     89 | 2020-03-06 00:50:31   |        13.133 |       18.2103 |        11.507 |             4.186 |             1.822 |              4.64 |             0.859
 34437 |     90 | 2020-03-06 00:50:41   |       13.1301 |       18.2059 |       11.8619 |            4.3134 |            1.8792 |            4.7819 |            0.8873
 34437 |     91 | 2020-03-06 00:50:50.5 |       13.1339 |       18.2106 |       12.2477 |            4.4536 |            1.9422 |            4.9337 |            0.9182
 34437 |     92 | 2020-03-06 00:51:00   |       13.1246 |        18.207 |       11.9675 |            4.3505 |            1.8962 |            4.8258 |             0.895
 34437 |     93 | 2020-03-06 00:51:13   |       13.1238 |        18.208 |       11.0125 |            4.0029 |            1.7414 |              4.45 |            0.8182
 34437 |     94 | 2020-03-06 00:51:26   |       13.1185 |       18.2227 |        11.323 |             4.134 |              1.78 |             4.573 |             0.836
 34437 |     95 | 2020-03-06 00:51:36   |       13.1282 |       18.2091 |       11.6665 |            4.2436 |            1.8466 |            4.7046 |            0.8716
 34437 |     96 | 2020-03-06 00:51:46   |       13.1335 |       18.2095 |        12.138 |             4.414 |             1.925 |              4.89 |             0.909
 34437 |     97 | 2020-03-06 00:51:55.5 |        13.077 |       18.2157 |       12.0252 |            4.3781 |            1.9002 |            4.8522 |            0.8947
 34437 |     98 | 2020-03-06 00:52:08.5 |       13.1199 |       18.2073 |       11.9665 |            4.3496 |            1.8952 |            4.8269 |            0.8947
 34437 |     99 | 2020-03-06 00:52:22.5 |       13.1331 |       18.1957 |       11.1511 |            4.0641 |            1.7571 |            4.5038 |            0.8262
 34437 |    100 | 2020-03-06 00:52:32   |       13.1244 |       18.2064 |       11.4144 |            4.1517 |            1.8051 |            4.6058 |            0.8518
 34437 |    101 | 2020-03-06 00:52:41   |       13.1317 |       18.2074 |       11.9328 |            4.3401 |            1.8906 |            4.8088 |            0.8933
 34437 |    102 | 2020-03-06 00:52:50.5 |        13.136 |       18.2111 |       12.2817 |             4.466 |            1.9495 |            4.9455 |            0.9207
 34437 |    103 | 2020-03-06 00:53:00.5 |       13.1303 |       18.2063 |       11.9813 |            4.3533 |            1.8998 |            4.8303 |            0.8979
 34437 |    104 | 2020-03-06 00:53:14.5 |       13.1025 |       18.2217 |       10.5913 |            3.8666 |            1.6635 |            4.2857 |            0.7755
 34437 |    105 | 2020-03-06 00:53:27   |       13.1235 |       18.2031 |       11.1302 |            4.0537 |            1.7558 |            4.4928 |            0.8278
 34437 |    106 | 2020-03-06 00:53:36.5 |       13.1288 |       18.2071 |       11.6648 |            4.2423 |            1.8463 |            4.7038 |            0.8724
 34437 |    107 | 2020-03-06 00:53:46   |       13.1321 |        18.208 |       12.1149 |             4.406 |            1.9201 |            4.8811 |            0.9076
 34437 |    108 | 2020-03-06 00:53:56   |       13.1206 |       18.2076 |       11.9683 |            4.3593 |            1.8879 |            4.8296 |            0.8915
 34437 |    109 | 2020-03-06 00:54:08   |        13.127 |       18.2077 |       12.1981 |            4.4318 |            1.9346 |            4.9165 |            0.9151
 34437 |    110 | 2020-03-06 00:54:20.5 |       13.1395 |       18.2107 |       11.4085 |            4.1483 |            1.8084 |               4.6 |            0.8518
 34437 |    111 | 2020-03-06 00:54:31.5 |       13.1265 |       18.2078 |        11.386 |            4.1417 |            1.8006 |            4.5941 |            0.8497
 34437 |    112 | 2020-03-06 00:54:41   |       13.1323 |        18.206 |       11.9187 |            4.3346 |            1.8878 |            4.8043 |             0.892
 34437 |    113 | 2020-03-06 00:54:51   |        13.132 |        18.195 |        12.026 |              4.38 |             1.899 |              4.85 |             0.897
 34437 |    114 | 2020-03-06 00:55:01   |       13.1245 |       18.1996 |       11.9524 |            4.3482 |            1.8927 |            4.8181 |            0.8934
 34437 |    115 | 2020-03-06 00:55:13.5 |       13.1336 |       18.2088 |       10.9817 |            3.9915 |            1.7384 |            4.4347 |             0.817
 34437 |    116 | 2020-03-06 00:55:26   |        13.125 |       18.2075 |         11.11 |             4.042 |             1.756 |             4.485 |             0.827
 34437 |    117 | 2020-03-06 00:55:39   |       13.1305 |        18.205 |        11.805 |             4.293 |              1.87 |             4.759 |             0.883
 34437 |    118 | 2020-03-06 00:55:54.5 |       13.1256 |       18.2074 |       11.8783 |            4.3189 |            1.8807 |            4.7905 |            0.8882
 34437 |    119 | 2020-03-06 00:56:05   |       13.1299 |       18.2053 |       12.1965 |            4.4325 |            1.9338 |            4.9165 |            0.9137
 34437 |    120 | 2020-03-06 00:56:14   |       13.1184 |       18.1868 |       10.6529 |            3.8797 |            1.6762 |            4.3107 |            0.7863
 34437 |    121 | 2020-03-06 00:56:22.5 |       13.1338 |       18.2116 |       11.1763 |            4.0665 |            1.7687 |            4.5092 |            0.8319
 34437 |    122 | 2020-03-06 00:56:32   |       13.1273 |       18.2072 |       11.4193 |            4.1535 |            1.8068 |            4.6066 |            0.8524
 34437 |    123 | 2020-03-06 00:56:41.5 |       13.1437 |       18.2101 |       11.9693 |            4.3508 |            1.8983 |            4.8235 |            0.8967
 34437 |    124 | 2020-03-06 00:56:51   |       13.1225 |        18.214 |        12.057 |             4.391 |             1.907 |             4.862 |             0.897
 34437 |    125 | 2020-03-06 00:57:01   |       13.1276 |       18.2081 |       12.0843 |             4.393 |            1.9154 |            4.8713 |            0.9046
 34437 |    126 | 2020-03-06 00:57:14   |        13.129 |       18.2108 |       10.6552 |            3.8737 |            1.6854 |            4.3067 |            0.7894
 34437 |    127 | 2020-03-06 00:57:26.5 |       13.1143 |       18.2083 |       11.0926 |            4.0361 |            1.7517 |            4.4788 |             0.826
 34437 |    128 | 2020-03-06 00:57:36   |       13.1297 |       18.2071 |       11.6932 |            4.2526 |            1.8509 |            4.7153 |            0.8744
 34437 |    129 | 2020-03-06 00:57:46   |       13.0799 |       18.2036 |         12.01 |            4.3771 |            1.8939 |            4.8446 |            0.8943
 34437 |    130 | 2020-03-06 00:57:56   |       13.1288 |       18.2089 |       11.9338 |            4.3372 |            1.8915 |            4.8115 |            0.8937
 34437 |    131 | 2020-03-06 00:58:08.5 |       13.1277 |       18.2065 |       12.2742 |            4.4588 |            1.9479 |            4.9468 |            0.9207
 34437 |    132 | 2020-03-06 00:58:21   |       13.0983 |       18.2012 |       10.9917 |            4.0053 |            1.7324 |            4.4404 |            0.8136
 34437 |    133 | 2020-03-06 00:58:31   |       13.1275 |       18.2072 |        11.408 |             4.149 |             1.805 |             4.603 |             0.851
 34437 |    134 | 2020-03-06 00:58:41   |       13.1328 |         18.21 |       12.0127 |            4.3703 |            1.9031 |            4.8408 |            0.8985
 34437 |    135 | 2020-03-06 00:58:51   |       13.1235 |       18.2162 |        11.946 |             4.359 |             1.881 |              4.82 |             0.886
 34437 |    136 | 2020-03-06 00:59:01   |       13.1286 |       18.2066 |        12.136 |            4.4112 |            1.9235 |            4.8928 |            0.9085
 34437 |    137 | 2020-03-06 00:59:14   |       13.1219 |       18.2143 |       10.6014 |             3.867 |            1.6651 |            4.2909 |            0.7785
 34437 |    138 | 2020-03-06 00:59:27   |       13.1255 |       18.2077 |        11.136 |             4.051 |              1.76 |             4.496 |             0.829
 34437 |    139 | 2020-03-06 00:59:36.5 |       13.1354 |       18.2052 |       11.7486 |            4.2711 |            1.8613 |            4.7364 |            0.8798
 34437 |    140 | 2020-03-06 00:59:46   |       13.1231 |       18.2129 |       12.0112 |            4.3709 |            1.9012 |            4.8419 |            0.8972
 34437 |    141 | 2020-03-06 00:59:56   |       13.1273 |       18.2072 |       11.9972 |            4.3623 |            1.9009 |            4.8363 |            0.8977
 34437 |    142 | 2020-03-06 01:00:08   |       13.1265 |        18.207 |       12.2013 |            4.4347 |            1.9339 |             4.918 |            0.9146
 34437 |    143 | 2020-03-06 01:00:20.5 |       13.1161 |       18.2017 |       11.0299 |            4.0182 |              1.74 |            4.4549 |            0.8168
 34437 |    144 | 2020-03-06 01:00:32   |       13.1277 |       18.2063 |       11.5029 |            4.1846 |            1.8197 |            4.6405 |            0.8582
 34437 |    145 | 2020-03-06 01:00:42   |       13.1273 |       18.2054 |       12.0259 |            4.3849 |            1.8967 |            4.8506 |            0.8937
 34437 |    146 | 2020-03-06 01:00:51.5 |       13.1246 |       18.2075 |       11.8279 |            4.3017 |            1.8719 |            4.7699 |            0.8844
 34437 |    147 | 2020-03-06 01:01:01   |        13.129 |       18.2058 |       12.1569 |            4.4184 |            1.9276 |            4.9003 |            0.9105
 34437 |    148 | 2020-03-06 01:01:14   |       13.1148 |       18.2087 |       10.4817 |            3.8093 |            1.6536 |            4.2415 |            0.7772
 34437 |    149 | 2020-03-06 01:01:27   |        13.128 |       18.2072 |        11.234 |             4.086 |             1.777 |             4.534 |             0.837
 34437 |    150 | 2020-03-06 01:01:37   |       13.1322 |       18.2066 |       11.8423 |            4.3075 |            1.8752 |            4.7737 |            0.8858
 34437 |    151 | 2020-03-06 01:01:47   |        13.113 |        18.195 |        11.805 |             4.307 |             1.856 |             4.766 |             0.876
 34437 |    152 | 2020-03-06 01:01:56.5 |       13.1276 |       18.2067 |       12.0387 |            4.3771 |            1.9071 |            4.8534 |            0.9011
 34437 |    153 | 2020-03-06 01:02:08   |       13.1315 |       18.2087 |       12.3911 |            4.5034 |            1.9656 |            4.9926 |            0.9294
 34437 |    154 | 2020-03-06 01:02:21   |       13.1302 |        18.211 |        11.012 |            4.0104 |            1.7364 |            4.4506 |            0.8145
 34437 |    155 | 2020-03-06 01:02:32   |       13.1305 |       18.2048 |       11.5627 |             4.205 |            1.8304 |            4.6641 |            0.8632
 34437 |    156 | 2020-03-06 01:02:44.5 |       13.1292 |       18.2018 |       11.7617 |              4.28 |            1.8613 |             4.741 |            0.8794
 34437 |    157 | 2020-03-06 01:02:58.5 |       13.1304 |       18.2068 |       12.1518 |             4.417 |            1.9266 |            4.8982 |            0.9099
 34437 |    158 | 2020-03-06 01:03:10   |       13.1291 |       18.2094 |       12.1856 |            4.4273 |             1.933 |            4.9117 |            0.9137
 34437 |    159 | 2020-03-06 01:03:19.5 |       13.1275 |       18.2087 |       10.7033 |            3.8917 |             1.691 |            4.3254 |            0.7952
 34437 |    160 | 2020-03-06 01:03:28   |       13.1301 |       18.2069 |       11.3415 |            4.1247 |            1.7948 |            4.5761 |            0.8459
 34437 |    161 | 2020-03-06 01:03:37   |       13.1332 |       18.2099 |       11.9057 |            4.3313 |            1.8861 |            4.7977 |            0.8906
 34437 |    162 | 2020-03-06 01:03:46.5 |       13.1253 |       18.2076 |       11.7165 |            4.2613 |            1.8547 |            4.7253 |            0.8752
 34437 |    163 | 2020-03-06 01:03:56   |       13.1281 |       18.2075 |       12.0441 |            4.3786 |            1.9089 |            4.8548 |            0.9019
 34437 |    164 | 2020-03-06 01:04:08.5 |       13.1303 |       18.2079 |       12.3618 |            4.4924 |            1.9609 |            4.9819 |            0.9267
 34437 |    165 | 2020-03-06 01:04:21.5 |       13.1281 |       18.2073 |       10.9117 |            3.9686 |            1.7246 |            4.4076 |            0.8108
 34437 |    166 | 2020-03-06 01:04:32   |       13.1314 |       18.2067 |       11.6085 |            4.2225 |            1.8378 |             4.681 |            0.8672
 34437 |    167 | 2020-03-06 01:04:42   |       13.1354 |       18.2109 |        11.932 |            4.3411 |            1.8909 |            4.8084 |            0.8916
 34437 |    168 | 2020-03-06 01:04:51.5 |       13.1274 |       18.2071 |       11.9303 |            4.3378 |              1.89 |            4.8096 |            0.8929
 34437 |    169 | 2020-03-06 01:05:01   |       13.1294 |       18.2058 |        12.157 |            4.4185 |            1.9279 |               4.9 |            0.9107
 34437 |    170 | 2020-03-06 01:05:14   |       13.1103 |       18.2071 |       10.5612 |            3.8402 |             1.666 |            4.2724 |            0.7826
 34437 |    171 | 2020-03-06 01:05:27   |       13.1295 |       18.2072 |        11.304 |             4.111 |             1.788 |             4.562 |             0.843
 34437 |    172 | 2020-03-06 01:05:37   |       13.1359 |       18.2078 |       11.8717 |            4.3168 |            1.8821 |            4.7835 |            0.8893
 34437 |    173 | 2020-03-06 01:05:47   |        13.124 |        18.207 |        11.714 |             4.266 |             1.851 |             4.723 |             0.874
 34437 |    174 | 2020-03-06 01:05:56.5 |       13.1301 |       18.2071 |       12.1338 |            4.4109 |            1.9232 |            4.8909 |            0.9088
 34437 |    175 | 2020-03-06 01:06:08.5 |        13.132 |       18.2102 |       12.4448 |            4.5237 |            1.9748 |            5.0134 |            0.9329
 34437 |    176 | 2020-03-06 01:06:22   |       13.1284 |       18.2071 |       10.9678 |            3.9885 |            1.7336 |            4.4303 |            0.8154
 34437 |    177 | 2020-03-06 01:06:33   |       13.1324 |       18.2082 |       11.7006 |            4.2572 |            1.8528 |            4.7167 |             0.874
 34437 |    178 | 2020-03-06 01:06:42   |       13.1166 |       18.2092 |       11.7802 |            4.2973 |            1.8544 |            4.7538 |            0.8746
 34437 |    179 | 2020-03-06 01:06:51   |        13.128 |       18.2072 |        11.938 |             4.341 |             1.891 |             4.813 |             0.893
 34437 |    180 | 2020-03-06 01:07:01   |       13.1319 |       18.2072 |       12.2848 |            4.4661 |            1.9486 |            4.9494 |            0.9207
 34437 |    181 | 2020-03-06 01:07:14.5 |        13.109 |       18.2072 |       10.4215 |            3.7898 |            1.6421 |            4.2187 |             0.771
 34437 |    182 | 2020-03-06 01:07:27.5 |       13.1302 |       18.2049 |       11.3674 |            4.1334 |            1.7987 |            4.5876 |            0.8477
 34437 |    183 | 2020-03-06 01:07:37   |       13.1299 |       18.2134 |       11.9842 |            4.3628 |            1.8979 |            4.8293 |            0.8942
 34437 |    184 | 2020-03-06 01:07:47   |        13.126 |       18.2065 |        11.785 |             4.286 |             1.866 |             4.752 |             0.881
 34437 |    185 | 2020-03-06 01:07:57   |       13.1303 |       18.2048 |       12.1572 |            4.4186 |            1.9276 |            4.8998 |            0.9112
 34437 |    186 | 2020-03-06 01:08:09   |       13.1257 |       18.2125 |       12.4113 |            4.5157 |            1.9652 |            5.0037 |            0.9267
 34437 |    187 | 2020-03-06 01:08:21.5 |       13.1301 |       18.2069 |       10.9797 |             3.994 |            1.7355 |            4.4334 |            0.8168
 34437 |    188 | 2020-03-06 01:08:32   |       13.1332 |       18.2086 |       11.6892 |             4.252 |            1.8506 |            4.7124 |            0.8741
 34437 |    189 | 2020-03-06 01:08:42   |       13.1257 |       18.1912 |       11.6148 |            4.2247 |            1.8379 |            4.6846 |            0.8676
 34437 |    190 | 2020-03-06 01:08:51.5 |       13.1287 |       18.2069 |       12.0004 |            4.3633 |            1.9013 |            4.8371 |            0.8987
 34437 |    191 | 2020-03-06 01:09:01   |       13.1325 |       18.2067 |       12.3078 |             4.474 |            1.9523 |            4.9586 |            0.9228
 34437 |    192 | 2020-03-06 01:09:14   |       13.1105 |       18.2065 |       10.6604 |            3.8757 |            1.6818 |            4.3127 |            0.7902
 34437 |    193 | 2020-03-06 01:09:27.5 |       13.1321 |       18.2058 |       11.3877 |            4.1407 |            1.8027 |             4.594 |            0.8503
 34437 |    194 | 2020-03-06 01:09:39   |       13.1325 |       18.1965 |        11.715 |             4.267 |             1.853 |              4.72 |             0.875
 34437 |    195 | 2020-03-06 01:09:52.5 |       13.1295 |       18.2065 |       12.0394 |            4.3768 |            1.9081 |            4.8529 |            0.9016
 34437 |    196 | 2020-03-06 01:10:04   |       13.1297 |        18.207 |       12.2045 |            4.4356 |            1.9355 |            4.9183 |            0.9151
 34437 |    197 | 2020-03-06 01:10:13   |       13.1143 |       18.2072 |       11.0667 |            4.0231 |             1.748 |            4.4725 |            0.8231
 34437 |    198 | 2020-03-06 01:10:22   |       13.1297 |       18.2075 |        10.989 |            3.9959 |            1.7373 |            4.4382 |            0.8175
 34437 |    199 | 2020-03-06 01:10:32   |        13.131 |        18.201 |       11.5492 |            4.2025 |            1.8262 |            4.6586 |            0.8619
 34437 |    200 | 2020-03-06 01:10:42   |       13.1276 |       18.2089 |       11.7313 |            4.2666 |            1.8573 |            4.7295 |            0.8778
 34437 |    201 | 2020-03-06 01:10:52   |       13.1314 |        18.207 |       12.1145 |            4.4047 |            1.9205 |            4.8816 |            0.9076
 34437 |    202 | 2020-03-06 01:11:02.5 |       13.1084 |       18.2069 |        9.5547 |            3.4749 |            1.4996 |            3.8718 |            0.7083
 34437 |    203 | 2020-03-06 01:11:16.5 |        13.109 |       18.2069 |        5.7882 |            2.1185 |            0.8839 |            2.3735 |            0.4123
 34437 |    204 | 2020-03-06 01:11:31   |        13.106 |        18.207 |         3.794 |             1.412 |             0.553 |             1.573 |             0.256
 34437 |    205 | 2020-03-06 01:11:42.5 |       13.1068 |       18.2045 |        3.0396 |            1.1481 |             0.427 |            1.2657 |            0.1989
 34437 |    206 | 2020-03-06 01:11:54   |       13.1062 |       18.2072 |        2.5779 |            0.9884 |            0.3494 |            1.0752 |            0.1649
 34437 |    207 | 2020-03-06 01:12:07.5 |       13.1116 |       18.2081 |        3.3783 |             1.285 |            0.4783 |            1.3814 |            0.2336
 34437 |    208 | 2020-03-06 01:12:22   |        13.114 |       18.2025 |        4.4456 |             1.669 |            0.6531 |            1.8013 |            0.3222
 34437 |    209 | 2020-03-06 01:12:34.5 |       13.1034 |       18.2108 |        4.9975 |            1.8695 |            0.7413 |            2.0228 |            0.3639
 34437 |    210 | 2020-03-06 01:12:45   |       13.1285 |       18.2075 |         6.714 |             2.486 |             1.026 |             2.701 |             0.501
 34437 |    211 | 2020-03-06 01:12:55   |       13.1325 |       18.2078 |         8.469 |             3.121 |             1.312 |             3.399 |             0.637
 34437 |    212 | 2020-03-06 01:13:10.5 |       13.1236 |       18.2055 |       10.0627 |            3.6885 |            1.5731 |            4.0438 |            0.7572
 34437 |    213 | 2020-03-06 01:13:26   |       13.1303 |       18.2044 |        10.197 |            3.7302 |            1.5989 |            4.1039 |             0.764
 34437 |    214 | 2020-03-06 01:13:36   |       13.1318 |       18.2103 |       10.8503 |            3.9647 |            1.7062 |            4.3658 |            0.8136
 34437 |    215 | 2020-03-06 01:13:45   |       13.1277 |       18.2075 |       11.2896 |            4.1185 |            1.7794 |            4.5441 |            0.8476
 34437 |    216 | 2020-03-06 01:13:54   |       13.1293 |       18.2056 |       11.7792 |            4.2919 |            1.8612 |            4.7413 |            0.8848
 34437 |    217 | 2020-03-06 01:14:03   |         13.07 |       18.2167 |        12.173 |              4.44 |             1.921 |             4.903 |             0.909
 34437 |    218 | 2020-03-06 01:14:13.5 |       13.1118 |       18.2076 |       10.8148 |            3.9374 |            1.7042 |             4.368 |            0.8052
 34437 |    219 | 2020-03-06 01:14:25   |       13.1318 |       18.2069 |          11.2 |            4.0777 |            1.7701 |             4.516 |            0.8362
 34437 |    220 | 2020-03-06 01:14:35   |       13.1335 |       18.2107 |        11.569 |             4.212 |              1.83 |             4.662 |             0.865
 34437 |    221 | 2020-03-06 01:14:45   |       13.1282 |       18.2094 |       11.7624 |            4.2785 |            1.8623 |            4.7408 |            0.8808
 34437 |    222 | 2020-03-06 01:14:55   |       13.1325 |       18.2065 |        12.155 |             4.421 |             1.926 |             4.896 |             0.912
 34437 |    223 | 2020-03-06 01:15:05   |        13.132 |       18.2075 |       12.1709 |            4.4247 |            1.9299 |            4.9047 |            0.9116
 34437 |    224 | 2020-03-06 01:15:18   |        13.124 |       18.2082 |       10.5939 |            3.8526 |            1.6725 |            4.2833 |            0.7854
 34437 |    225 | 2020-03-06 01:15:30.5 |       13.1333 |       18.2104 |       11.6292 |            4.2309 |             1.841 |            4.6884 |             0.869
 34437 |    226 | 2020-03-06 01:15:40   |       13.1239 |       18.2112 |       11.5581 |            4.2121 |            1.8212 |            4.6641 |            0.8607
 34437 |    227 | 2020-03-06 01:15:50   |       13.1309 |       18.2063 |       12.0534 |            4.3828 |            1.9101 |            4.8573 |            0.9033
 34437 |    228 | 2020-03-06 01:16:00   |       13.1327 |       18.2082 |       12.2611 |            4.4574 |            1.9446 |              4.94 |            0.9191
 34437 |    229 | 2020-03-06 01:16:12.5 |       13.1193 |       18.2076 |       11.5226 |            4.1886 |            1.8227 |            4.6513 |            0.8601
 34437 |    230 | 2020-03-06 01:16:25   |       13.1328 |       18.2096 |       11.3687 |            4.1363 |            1.7986 |            4.5865 |            0.8474
 34437 |    231 | 2020-03-06 01:16:35   |       13.1165 |        18.216 |        11.451 |              4.18 |             1.797 |             4.626 |             0.848
 34437 |    232 | 2020-03-06 01:16:48   |       13.1308 |       18.2049 |        12.004 |             4.364 |            1.9018 |            4.8391 |            0.8992
 34437 |    233 | 2020-03-06 01:17:01.5 |       13.1236 |       18.2132 |       12.2957 |            4.4786 |             1.944 |            4.9584 |            0.9146
 34437 |    234 | 2020-03-06 01:17:11.5 |       13.1239 |       18.2074 |       11.9499 |            4.3429 |            1.8934 |              4.82 |            0.8936
 34437 |    235 | 2020-03-06 01:17:21   |       13.1328 |       18.2074 |       11.0443 |            4.0161 |             1.747 |            4.4596 |            0.8216
 34437 |    236 | 2020-03-06 01:17:31   |       13.1335 |       18.2107 |        11.465 |             4.171 |             1.815 |             4.624 |             0.855
 34437 |    237 | 2020-03-06 01:17:41   |       13.1281 |       18.2075 |       11.6997 |            4.2553 |            1.8523 |             4.718 |            0.8742
 34437 |    238 | 2020-03-06 01:17:50.5 |       13.1325 |       18.2083 |       12.1368 |            4.4127 |            1.9239 |            4.8911 |            0.9091
 34437 |    239 | 2020-03-06 01:18:02.5 |       13.0744 |       18.1947 |       12.3412 |            4.5002 |            1.9473 |            4.9765 |            0.9172
 34437 |    240 | 2020-03-06 01:18:15.5 |        13.109 |       18.2077 |       10.4113 |            3.7858 |             1.641 |            4.2139 |            0.7705
 34437 |    241 | 2020-03-06 01:18:25.5 |       13.0892 |       18.2145 |       11.4335 |            4.1651 |            1.8047 |            4.6154 |            0.8482
 34437 |    242 | 2020-03-06 01:18:35.5 |       13.1231 |       18.2064 |       11.3968 |             4.146 |            1.8016 |            4.5992 |              0.85
 34437 |    243 | 2020-03-06 01:18:45   |       13.1296 |       18.2053 |       11.9064 |            4.3299 |            1.8859 |            4.7998 |            0.8907
 34437 |    244 | 2020-03-06 01:18:55   |        13.133 |        18.211 |        12.319 |              4.48 |             1.954 |             4.962 |             0.923
 34437 |    245 | 2020-03-06 01:19:05   |       13.1247 |       18.2071 |       11.9832 |            4.3553 |            1.8985 |            4.8331 |            0.8962
 34437 |    246 | 2020-03-06 01:19:18   |       13.1238 |       18.2054 |       10.7108 |            3.8947 |            1.6912 |            4.3303 |            0.7946
 34437 |    247 | 2020-03-06 01:19:30.5 |       13.1364 |       18.2088 |       11.4936 |            4.1855 |            1.8181 |            4.6357 |            0.8543
 34437 |    248 | 2020-03-06 01:19:40.5 |       13.1276 |       18.2073 |       11.6549 |            4.2382 |             1.845 |            4.7001 |            0.8717
 34437 |    249 | 2020-03-06 01:19:51   |       13.1335 |       18.2097 |        12.198 |             4.436 |             1.934 |             4.914 |             0.914
 34437 |    250 | 2020-03-06 01:20:00.5 |       13.0755 |       18.2172 |       12.4216 |            4.5266 |            1.9612 |            5.0108 |             0.923
 34437 |    251 | 2020-03-06 01:20:13.5 |       13.1116 |       18.2075 |       11.0476 |            4.0164 |            1.7447 |            4.4654 |            0.8211
 34437 |    252 | 2020-03-06 01:20:26.5 |       13.1337 |       18.2096 |       11.2657 |            4.0979 |            1.7827 |            4.5459 |            0.8392
 34437 |    253 | 2020-03-06 01:20:35.5 |        13.125 |       18.2067 |        11.413 |            4.1502 |             1.805 |            4.6059 |            0.8519
 34437 |    254 | 2020-03-06 01:20:45   |       13.1313 |       18.2071 |       11.9181 |            4.3339 |            1.8877 |            4.8046 |            0.8919
 34437 |    255 | 2020-03-06 01:20:55   |       13.1335 |       18.2092 |         12.05 |             4.382 |              1.91 |             4.856 |             0.902
 34437 |    256 | 2020-03-06 01:21:05   |       13.1421 |       18.2086 |       12.0566 |            4.3812 |            1.9123 |            4.8601 |             0.903
 34437 |    257 | 2020-03-06 01:21:18   |       13.1231 |       18.2042 |       10.6683 |            3.8782 |            1.6849 |            4.3134 |            0.7918
 34437 |    258 | 2020-03-06 01:21:31   |       13.1245 |        18.207 |        11.216 |              4.08 |             1.773 |             4.527 |             0.836
 34437 |    259 | 2020-03-06 01:21:40.5 |       13.1293 |       18.2069 |       11.7627 |            4.2775 |            1.8626 |            4.7429 |            0.8796
 34437 |    260 | 2020-03-06 01:21:50.5 |       13.1285 |       18.2169 |       12.2279 |            4.4542 |            1.9313 |            4.9327 |            0.9098
 34437 |    261 | 2020-03-06 01:22:01   |       13.1233 |       18.2126 |       11.9094 |            4.3282 |            1.8858 |            4.8037 |            0.8918
 34437 |    262 | 2020-03-06 01:22:13.5 |        13.113 |       18.2065 |       11.1632 |            4.0582 |            1.7635 |            4.5104 |            0.8311
 34437 |    263 | 2020-03-06 01:22:26   |         13.12 |       18.2137 |       11.3231 |            4.1254 |            1.7877 |            4.5711 |            0.8389
 34437 |    264 | 2020-03-06 01:22:36   |       13.1279 |        18.208 |       11.5336 |             4.195 |             1.825 |            4.6521 |            0.8615
 34437 |    265 | 2020-03-06 01:22:46   |       13.1333 |       18.2076 |       12.1213 |            4.4079 |            1.9216 |            4.8837 |            0.9081
 34437 |    266 | 2020-03-06 01:22:55.5 |       13.1322 |        18.211 |       12.1556 |            4.4209 |            1.9278 |             4.897 |            0.9098
 34437 |    267 | 2020-03-06 01:23:07   |        13.129 |       18.2072 |        12.182 |             4.427 |             1.932 |              4.91 |             0.913
 34437 |    268 | 2020-03-06 01:23:20   |       13.1341 |       18.2113 |       11.1573 |            4.0579 |            1.7654 |            4.5041 |            0.8298
 34437 |    269 | 2020-03-06 01:23:31   |       13.1255 |       18.2072 |         11.25 |             4.093 |             1.778 |             4.541 |             0.838
 34437 |    270 | 2020-03-06 01:23:45.5 |       13.1328 |       18.2088 |       12.0538 |            4.3842 |              1.91 |            4.8572 |            0.9024
 34437 |    271 | 2020-03-06 01:23:59   |        13.128 |       18.2177 |        12.092 |             4.411 |             1.905 |             4.879 |             0.897
 34437 |    272 | 2020-03-06 01:24:08.5 |        13.133 |       18.2066 |       12.4192 |            4.5139 |            1.9703 |            5.0041 |            0.9309
 34437 |    273 | 2020-03-06 01:24:17   |       13.1168 |       18.2084 |       10.6303 |            3.8664 |            1.6771 |            4.2989 |            0.7879
 34437 |    274 | 2020-03-06 01:24:26   |       13.0674 |       18.1942 |        11.047 |            4.0317 |            1.7325 |            4.4662 |            0.8165
 34437 |    275 | 2020-03-06 01:24:36   |       13.1248 |       18.2058 |       11.5115 |            4.1866 |            1.8211 |            4.6444 |            0.8594
 34437 |    276 | 2020-03-06 01:24:46   |       13.1334 |       18.2087 |       12.1121 |            4.4058 |            1.9196 |            4.8798 |            0.9069
 34437 |    277 | 2020-03-06 01:24:55.5 |       13.1234 |       18.1846 |        11.843 |            4.3129 |            1.8698 |            4.7764 |            0.8839
 34437 |    278 | 2020-03-06 01:25:05   |       13.1301 |       18.2097 |       12.1565 |            4.4195 |            1.9275 |            4.8996 |            0.9098
 34437 |    279 | 2020-03-06 01:25:18   |       13.1263 |       18.2075 |       10.7693 |            3.9161 |            1.7018 |            4.3522 |            0.7993
 34437 |    280 | 2020-03-06 01:25:31   |       13.1255 |        18.207 |        11.256 |             4.094 |             1.779 |             4.544 |             0.839
 34437 |    281 | 2020-03-06 01:25:41   |       13.1316 |       18.2066 |       11.8865 |            4.3221 |            1.8831 |            4.7915 |            0.8898
 34437 |    282 | 2020-03-06 01:25:51   |        13.133 |       18.2097 |        11.983 |             4.358 |             1.899 |             4.829 |             0.897
 34437 |    283 | 2020-03-06 01:26:00.5 |       13.1257 |       18.2077 |       11.9591 |            4.3488 |            1.8938 |            4.8216 |            0.8949
 34437 |    284 | 2020-03-06 01:26:13   |       13.1182 |       18.2066 |       11.4757 |            4.1719 |            1.8147 |            4.6337 |            0.8554
 34437 |    285 | 2020-03-06 01:26:26   |       13.1271 |       18.2081 |       11.0214 |            4.0107 |            1.7408 |            4.4512 |            0.8187
 34437 |    286 | 2020-03-06 01:26:36   |       13.1288 |       18.2065 |       11.5833 |            4.2134 |            1.8333 |            4.6714 |            0.8652
 34437 |    287 | 2020-03-06 01:26:45.5 |       13.1352 |       18.2096 |       12.1315 |            4.4126 |            1.9242 |            4.8863 |            0.9086
 34437 |    288 | 2020-03-06 01:26:55   |        13.125 |       18.2075 |        11.855 |              4.31 |             1.877 |             4.781 |             0.887
 34437 |    289 | 2020-03-06 01:27:06.5 |       13.1307 |        18.206 |       12.2601 |            4.4557 |            1.9446 |            4.9413 |            0.9184
 34437 |    290 | 2020-03-06 01:27:20.5 |       13.0816 |       18.2035 |        10.965 |            3.9924 |            1.7301 |            4.4296 |            0.8129
 34437 |    291 | 2020-03-06 01:27:33   |       13.1251 |       18.2079 |       11.4877 |            4.1788 |            1.8178 |            4.6337 |            0.8574
 34437 |    292 | 2020-03-06 01:27:42   |       13.1319 |       18.2085 |       11.9924 |            4.3619 |            1.9008 |             4.831 |            0.8987
 34437 |    293 | 2020-03-06 01:27:51   |       13.0455 |       18.1902 |        11.827 |             4.316 |             1.858 |             4.775 |             0.878
 34437 |    294 | 2020-03-06 01:28:03.5 |        13.126 |       18.2074 |       12.0293 |             4.373 |             1.906 |              4.85 |            0.9004
 34437 |    295 | 2020-03-06 01:28:16   |       13.1123 |       18.2074 |       10.6056 |            3.8565 |            1.6721 |            4.2906 |            0.7864
 34437 |    296 | 2020-03-06 01:28:26   |       13.1246 |        18.207 |       10.9895 |            3.9971 |            1.7362 |            4.4384 |            0.8178
 34437 |    297 | 2020-03-06 01:28:36   |       13.1296 |       18.2047 |       11.6669 |             4.243 |            1.8468 |            4.7053 |            0.8718
 34437 |    298 | 2020-03-06 01:28:46   |        13.078 |       18.1997 |        12.056 |            4.3975 |            1.8993 |            4.8631 |             0.896
 34437 |    299 | 2020-03-06 01:28:55.5 |       13.1259 |       18.2084 |       11.9506 |            4.3452 |            1.8929 |            4.8182 |            0.8943
 34437 |    300 | 2020-03-06 01:29:05   |        13.124 |       18.2123 |        11.963 |             4.354 |             1.892 |             4.823 |             0.894
 34437 |    301 | 2020-03-06 01:29:18   |       13.1338 |       18.2064 |       10.5925 |            3.8508 |            1.6744 |             4.282 |            0.7853
 34437 |    302 | 2020-03-06 01:29:31   |       13.1342 |       18.2094 |       11.5291 |             4.194 |            1.8251 |            4.6487 |            0.8613
 34437 |    303 | 2020-03-06 01:29:41   |       13.1265 |        18.207 |        11.642 |             4.235 |             1.842 |             4.695 |              0.87
 34437 |    304 | 2020-03-06 01:29:51   |        13.133 |       18.2059 |        12.093 |             4.396 |            1.9177 |            4.8724 |            0.9069
 34437 |    305 | 2020-03-06 01:30:01   |       13.1335 |       18.2113 |        12.163 |             4.422 |             1.929 |             4.901 |             0.911
 34437 |    306 | 2020-03-06 01:30:13.5 |        13.114 |       18.2064 |       11.3387 |            4.1204 |            1.7935 |            4.5794 |            0.8454
 34437 |    307 | 2020-03-06 01:30:26.5 |       13.1358 |       18.2093 |       11.4174 |            4.1525 |            1.8082 |            4.6046 |            0.8521
 34437 |    308 | 2020-03-06 01:30:37.5 |       13.1256 |       18.2069 |       11.4256 |            4.1554 |            1.8075 |            4.6092 |            0.8536
 34437 |    309 | 2020-03-06 01:30:50.5 |       13.1322 |       18.2068 |       12.0906 |            4.3956 |            1.9162 |            4.8728 |             0.906
 34437 |    310 | 2020-03-06 01:31:02.5 |       13.1031 |       18.2022 |       12.0872 |            4.4006 |            1.9118 |            4.8734 |            0.9014
 34437 |    311 | 2020-03-06 01:31:11   |       13.1278 |       18.2095 |       11.9663 |            4.3482 |             1.896 |            4.8261 |             0.896
 34437 |    312 | 2020-03-06 01:31:20.5 |       13.1316 |       18.2057 |       10.9171 |            3.9691 |            1.7264 |            4.4093 |            0.8122
 34437 |    313 | 2020-03-06 01:31:31.5 |       13.1284 |       18.2071 |       11.4758 |            4.1847 |            1.8072 |            4.6329 |             0.851
 34437 |    314 | 2020-03-06 01:31:41.5 |       13.1278 |        18.207 |       11.6979 |            4.2542 |            1.8517 |            4.7178 |            0.8742
 34437 |    315 | 2020-03-06 01:31:51   |       13.1331 |       18.2077 |       12.1188 |            4.4054 |            1.9225 |            4.8824 |            0.9085
 34437 |    316 | 2020-03-06 01:32:02   |       13.1269 |       18.2098 |       12.0726 |            4.3912 |            1.9129 |            4.8681 |            0.9004
 34437 |    317 | 2020-03-06 01:32:14   |       13.1071 |       18.2066 |        11.108 |            4.0379 |            1.7531 |            4.4904 |            0.8267
 34437 |    318 | 2020-03-06 01:32:26.5 |       13.1308 |       18.2062 |       11.2008 |            4.0723 |            1.7729 |              4.52 |            0.8355
 34437 |    319 | 2020-03-06 01:32:36.5 |       13.1299 |       18.2072 |       11.5086 |            4.1847 |            1.8211 |            4.6429 |            0.8599
 34437 |    320 | 2020-03-06 01:32:46   |        13.126 |        18.211 |       11.8252 |            4.3082 |            1.8648 |            4.7717 |            0.8804
 34437 |    321 | 2020-03-06 01:32:56   |       13.0948 |       18.2117 |       12.1029 |            4.4051 |            1.9153 |            4.8798 |            0.9026
 34437 |    322 | 2020-03-06 01:33:08   |       13.1365 |       18.2109 |       12.5256 |             4.553 |             1.989 |            5.0441 |            0.9395
 34437 |    323 | 2020-03-06 01:33:21   |       13.1293 |       18.2072 |       10.7072 |            3.8931 |            1.6918 |            4.3273 |             0.795
 34437 |    324 | 2020-03-06 01:33:32   |       13.1312 |       18.2057 |       11.5395 |            4.1965 |            1.8267 |            4.6542 |            0.8622
 34437 |    325 | 2020-03-06 01:33:41.5 |       13.1323 |       18.2076 |       11.8025 |            4.2925 |            1.8694 |            4.7583 |            0.8823
 34437 |    326 | 2020-03-06 01:33:51   |        13.127 |       18.2073 |        11.859 |             4.312 |             1.878 |             4.782 |             0.887
 34437 |    327 | 2020-03-06 01:34:01.5 |       13.1303 |       18.2068 |       12.1838 |            4.4289 |            1.9315 |            4.9106 |            0.9128
 34437 |    328 | 2020-03-06 01:34:15   |        13.109 |        18.207 |         10.79 |             3.923 |             1.702 |             4.364 |             0.801
 34437 |    329 | 2020-03-06 01:34:27.5 |       13.1294 |       18.2068 |       11.2551 |            4.0941 |            1.7799 |            4.5422 |            0.8389
 34437 |    330 | 2020-03-06 01:34:36.5 |       13.1337 |       18.2093 |       11.8254 |            4.3009 |            1.8728 |            4.7669 |            0.8848
 34437 |    331 | 2020-03-06 01:34:46   |       13.1269 |       18.2074 |       11.7023 |            4.2561 |            1.8526 |            4.7195 |            0.8741
 34437 |    332 | 2020-03-06 01:34:56   |       13.1298 |       18.2072 |       12.0882 |            4.3942 |            1.9156 |            4.8733 |             0.905
 34437 |    333 | 2020-03-06 01:35:06   |       13.1321 |       18.2074 |       12.2592 |            4.4541 |            1.9454 |            4.9401 |            0.9197
 34437 |    334 | 2020-03-06 01:35:19   |        13.127 |       18.1835 |        10.548 |             3.842 |             1.662 |             4.265 |             0.779
 34437 |    335 | 2020-03-06 01:35:32   |       13.1329 |       18.2077 |       11.5712 |            4.2086 |             1.832 |            4.6668 |            0.8638
 34437 |    336 | 2020-03-06 01:35:42   |       13.1346 |        18.211 |       11.8721 |            4.3189 |            1.8811 |            4.7846 |            0.8874
 34437 |    337 | 2020-03-06 01:35:51.5 |       13.1275 |       18.2073 |       11.9093 |            4.3306 |            1.8859 |            4.8014 |            0.8913
 34437 |    338 | 2020-03-06 01:36:01   |       13.1296 |       18.2081 |        12.181 |            4.4259 |            1.9329 |            4.9089 |            0.9133
 34437 |    339 | 2020-03-06 01:36:14   |       13.0961 |       18.2099 |       11.1638 |            4.0594 |            1.7627 |             4.512 |            0.8297
 34437 |    340 | 2020-03-06 01:36:26.5 |       13.1293 |       18.2073 |       11.1996 |            4.0726 |            1.7716 |              4.52 |            0.8353
 34437 |    341 | 2020-03-06 01:36:36   |        13.131 |       18.2087 |        11.641 |            4.2348 |             1.843 |            4.6939 |            0.8693
 34437 |    342 | 2020-03-06 01:36:46   |       13.1423 |       18.2094 |       11.8461 |            4.3055 |            1.8776 |            4.7756 |            0.8874
 34437 |    343 | 2020-03-06 01:36:56   |       13.0802 |       18.1977 |       11.9584 |            4.3565 |            1.8857 |            4.8253 |            0.8908
 34437 |    344 | 2020-03-06 01:37:06   |       13.1264 |       18.2092 |       12.1217 |            4.4073 |             1.921 |            4.8857 |            0.9076
 34437 |    345 | 2020-03-06 01:37:19   |        13.119 |       18.1955 |        10.714 |              3.91 |             1.682 |             4.335 |             0.787
 34437 |    346 | 2020-03-06 01:37:32   |       13.1293 |       18.2069 |       11.4583 |            4.1682 |             1.813 |             4.622 |            0.8551
 34437 |    347 | 2020-03-06 01:37:46   |       13.1306 |       18.2083 |       11.9283 |            4.3379 |            1.8899 |            4.8079 |            0.8926
 34437 |    348 | 2020-03-06 01:38:02.5 |        13.127 |       18.2077 |       12.0619 |            4.3849 |            1.9112 |            4.8632 |            0.9025
 34437 |    349 | 2020-03-06 01:38:14   |       13.1202 |       18.2049 |       11.3901 |            4.1416 |            1.8004 |            4.6005 |            0.8475
 34437 |    350 | 2020-03-06 01:38:22.5 |       13.1269 |       18.2028 |       11.1619 |             4.069 |            1.7583 |            4.5092 |            0.8253
 34437 |    351 | 2020-03-06 01:38:31   |       13.1247 |       18.2069 |        11.217 |            4.0807 |            1.7725 |            4.5282 |            0.8357
 34437 |    352 | 2020-03-06 01:38:39.5 |       13.1304 |       18.2074 |       11.7628 |            4.2779 |            1.8625 |            4.7429 |            0.8795
 34437 |    353 | 2020-03-06 01:38:48   |       13.1335 |       18.2106 |        12.156 |            4.4211 |            1.9272 |            4.8967 |            0.9109
 34437 |    354 | 2020-03-06 01:38:56.5 |       13.1263 |       18.2079 |       11.8863 |            4.3223 |            1.8824 |            4.7931 |            0.8885
 34437 |    355 | 2020-03-06 01:39:06   |       13.1304 |       18.2068 |       12.2202 |             4.441 |            1.9385 |             4.925 |            0.9157
 34437 |    356 | 2020-03-06 01:39:19   |       13.1312 |       18.2116 |       10.6987 |            3.8928 |            1.6914 |            4.3238 |            0.7907
 34437 |    357 | 2020-03-06 01:39:32   |       13.1274 |       18.2068 |       11.3394 |            4.1241 |            1.7935 |            4.5758 |             0.846
 34437 |    358 | 2020-03-06 01:39:41.5 |       13.1297 |       18.2078 |       11.7911 |            4.2881 |            1.8669 |            4.7538 |            0.8823
 34437 |    359 | 2020-03-06 01:39:52   |       13.1194 |        18.215 |       11.9463 |            4.3574 |            1.8804 |            4.8212 |            0.8873
 34437 |    360 | 2020-03-06 01:40:01.5 |       13.0333 |        18.214 |       12.1481 |             4.427 |            1.9159 |            4.9007 |            0.9045
 34437 |    361 | 2020-03-06 01:40:14   |       13.1214 |         18.21 |       11.5773 |            4.2087 |             1.832 |            4.6726 |             0.864
 34437 |    362 | 2020-03-06 01:40:27   |         13.13 |       18.2131 |       11.1613 |            4.0602 |            1.7655 |            4.5048 |            0.8307
 34437 |    363 | 2020-03-06 01:40:37   |         13.13 |       18.2075 |        11.653 |             4.239 |             1.844 |             4.699 |             0.871
 34437 |    364 | 2020-03-06 01:40:47   |       13.1356 |       18.2131 |       12.1794 |            4.4281 |            1.9319 |            4.9059 |            0.9135
 34437 |    365 | 2020-03-06 01:40:56.5 |       13.1249 |       18.2056 |       11.8851 |            4.3223 |            1.8812 |            4.7923 |            0.8893
 34437 |    366 | 2020-03-06 01:41:07.5 |       13.1332 |       18.2075 |       12.3311 |             4.481 |            1.9565 |            4.9693 |            0.9242
 34437 |    367 | 2020-03-06 01:41:21   |        13.053 |       18.2122 |        10.912 |             3.979 |             1.714 |             4.414 |             0.805
 34437 |    368 | 2020-03-06 01:41:32.5 |       13.1277 |       18.2081 |        11.417 |            4.1532 |             1.806 |            4.6062 |            0.8515
 34437 |    369 | 2020-03-06 01:41:42   |       13.1318 |        18.208 |       11.9282 |            4.3387 |            1.8899 |            4.8074 |            0.8922
 34437 |    370 | 2020-03-06 01:41:52   |        13.126 |       18.2078 |       11.8595 |            4.3128 |            1.8781 |             4.782 |            0.8867
 34437 |    371 | 2020-03-06 01:42:01.5 |       13.1292 |        18.209 |       12.1291 |            4.4087 |            1.9233 |            4.8891 |             0.908
 34437 |    372 | 2020-03-06 01:42:14   |       13.1091 |       18.2088 |       11.5169 |            4.1891 |            1.8197 |            4.6519 |            0.8561
 34437 |    373 | 2020-03-06 01:42:27   |       13.1223 |       18.2071 |       10.9784 |             3.994 |            1.7337 |            4.4343 |            0.8162
 34437 |    374 | 2020-03-06 01:42:37   |        13.131 |       18.2055 |        11.696 |             4.254 |             1.852 |             4.716 |             0.874
 34437 |    375 | 2020-03-06 01:42:47   |       13.1347 |       18.2108 |       12.0534 |            4.3845 |              1.91 |            4.8563 |            0.9026
 34437 |    376 | 2020-03-06 01:42:56.5 |       13.1268 |       18.2077 |       11.9367 |            4.3404 |            1.8903 |            4.8129 |            0.8932
 34437 |    377 | 2020-03-06 01:43:08.5 |        13.129 |       18.2067 |       12.1954 |            4.4338 |             1.933 |            4.9153 |            0.9133
 34437 |    378 | 2020-03-06 01:43:22   |       13.1402 |       18.2125 |       10.9781 |            3.9935 |            1.7376 |            4.4322 |            0.8148
 34437 |    379 | 2020-03-06 01:43:32.5 |       13.1286 |       18.2074 |       11.4238 |            4.1544 |            1.8073 |            4.6095 |            0.8527
 34437 |    380 | 2020-03-06 01:43:42   |       13.1244 |       18.2047 |       11.8943 |            4.3297 |            1.8813 |            4.7959 |            0.8874
 34437 |    381 | 2020-03-06 01:43:52   |       13.1332 |       18.2185 |       12.0927 |            4.4077 |            1.9079 |            4.8766 |            0.9006
 34437 |    382 | 2020-03-06 01:44:01.5 |       13.1287 |       18.2073 |       12.1288 |            4.4088 |            1.9227 |            4.8895 |            0.9078
 34437 |    383 | 2020-03-06 01:44:14   |       13.1183 |       18.2012 |       11.4193 |            4.1524 |            1.8053 |            4.6109 |            0.8507
 34437 |    384 | 2020-03-06 01:44:27   |       13.1294 |       18.2076 |       11.0259 |            4.0091 |            1.7437 |            4.4518 |            0.8212
 34437 |    385 | 2020-03-06 01:44:40   |       13.1328 |       18.2086 |       11.8752 |            4.3201 |            1.8811 |            4.7864 |            0.8877
 34437 |    386 | 2020-03-06 01:44:54   |       13.1262 |       18.2064 |       11.8549 |            4.3099 |            1.8786 |             4.779 |            0.8874
 34437 |    387 | 2020-03-06 01:45:04.5 |       13.1233 |       18.2073 |       11.8983 |             4.325 |            1.8841 |            4.7993 |            0.8899
 34437 |    388 | 2020-03-06 01:45:12.5 |       13.1233 |       18.2078 |       12.0262 |            4.3714 |            1.9055 |            4.8499 |            0.8995
 34437 |    389 | 2020-03-06 01:45:21.5 |       13.1265 |       18.1919 |       10.7164 |            3.9054 |            1.6877 |             4.331 |            0.7923
 34437 |    390 | 2020-03-06 01:45:32.5 |       13.1225 |       18.2087 |       11.4609 |            4.1707 |            1.8118 |            4.6238 |            0.8546
 34437 |    391 | 2020-03-06 01:45:42.5 |       13.1375 |        18.214 |       12.0347 |            4.3796 |            1.9048 |            4.8507 |            0.8997
 34437 |    392 | 2020-03-06 01:45:52   |       13.1114 |       18.2033 |        11.829 |            4.3052 |            1.8707 |            4.7706 |            0.8825
 34437 |    393 | 2020-03-06 01:46:02   |       13.1287 |       18.2068 |       12.0931 |            4.3949 |            1.9172 |            4.8756 |            0.9053
 34437 |    394 | 2020-03-06 01:46:14.5 |       13.1145 |       18.2099 |        11.226 |             4.081 |            1.7743 |            4.5347 |             0.836
 34437 |    395 | 2020-03-06 01:46:27   |       13.1264 |       18.2096 |       11.0695 |            4.0258 |            1.7505 |            4.4692 |             0.824
 34437 |    396 | 2020-03-06 01:46:37   |       13.1325 |        18.208 |        11.766 |              4.28 |             1.863 |             4.743 |              0.88
 34437 |    397 | 2020-03-06 01:46:47   |       13.1305 |       18.2058 |        11.951 |             4.345 |             1.894 |             4.817 |             0.895
 34437 |    398 | 2020-03-06 01:46:57   |       13.1285 |       18.2075 |        12.039 |             4.377 |             1.908 |             4.853 |             0.901
 34437 |    399 | 2020-03-06 01:47:07.5 |       13.1274 |       18.2077 |       12.1222 |            4.4069 |            1.9214 |            4.8864 |            0.9075
 34437 |    400 | 2020-03-06 01:47:20   |       13.1305 |       18.2043 |        10.648 |             3.871 |             1.683 |             4.304 |              0.79
 34437 |    401 | 2020-03-06 01:47:32.5 |        13.135 |       18.2069 |       11.5571 |             4.204 |            1.8297 |            4.6606 |            0.8628
 34437 |    402 | 2020-03-06 01:47:42   |       13.1342 |       18.2084 |       11.9942 |            4.3623 |             1.901 |            4.8325 |            0.8985
 34437 |    403 | 2020-03-06 01:47:52   |       13.1315 |       18.2071 |       12.0192 |            4.3692 |            1.9063 |            4.8437 |            0.8999
 34437 |    404 | 2020-03-06 01:48:07.5 |       13.1279 |        18.207 |       12.1272 |            4.4079 |            1.9224 |            4.8881 |            0.9089
 34437 |    405 | 2020-03-06 01:48:24.5 |        13.133 |       18.1901 |       11.2099 |            4.0806 |            1.7713 |            4.5242 |            0.8338
 34437 |    406 | 2020-03-06 01:48:36   |       13.1241 |       18.2053 |       11.3557 |            4.1309 |            1.7953 |            4.5828 |            0.8469
 34437 |    407 | 2020-03-06 01:48:45   |       13.1315 |       18.2068 |       11.9289 |            4.3377 |            1.8903 |            4.8083 |            0.8926
 34437 |    408 | 2020-03-06 01:48:54   |       13.1334 |       18.1937 |       12.0348 |            4.3789 |            1.9068 |            4.8486 |            0.9005
 34437 |    409 | 2020-03-06 01:49:03   |       13.1335 |        18.208 |       12.3169 |            4.4776 |            1.9539 |            4.9624 |             0.923
 34437 |    410 | 2020-03-06 01:49:11   |       13.1308 |       18.2089 |        12.375 |            4.4982 |            1.9633 |            4.9858 |            0.9277
 34437 |    411 | 2020-03-06 01:49:21.5 |       13.1274 |       18.2077 |       10.7696 |            3.9161 |            1.7019 |            4.3523 |            0.7993
 34437 |    412 | 2020-03-06 01:49:32.5 |       13.1322 |       18.2076 |       11.5667 |            4.2068 |             1.831 |            4.6648 |            0.8641
 34437 |    413 | 2020-03-06 01:49:42   |       13.1305 |       18.2069 |       11.6813 |            4.2509 |            1.8481 |            4.7099 |            0.8723
 34437 |    414 | 2020-03-06 01:49:52   |       13.1279 |       18.2077 |       11.9097 |            4.3304 |            1.8867 |             4.801 |            0.8915
 34437 |    415 | 2020-03-06 01:50:02   |        13.128 |       18.2065 |        12.044 |             4.378 |             1.909 |             4.855 |             0.902
 34437 |    416 | 2020-03-06 01:50:15   |       13.1141 |       18.2069 |       11.1203 |            4.0428 |            1.7569 |            4.4934 |            0.8271
 34437 |    417 | 2020-03-06 01:50:28   |       13.1303 |       18.2059 |       11.2776 |            4.1015 |            1.7843 |            4.5512 |            0.8406
 34437 |    418 | 2020-03-06 01:50:37.5 |       13.1333 |       18.2093 |       11.8005 |            4.2923 |            1.8691 |            4.7563 |            0.8827
 34437 |    419 | 2020-03-06 01:50:47   |       13.1243 |       18.2069 |       11.6811 |            4.2482 |            1.8483 |            4.7116 |            0.8729
 34437 |    420 | 2020-03-06 01:50:57   |        13.131 |       18.2062 |        12.151 |             4.417 |             1.927 |             4.897 |              0.91
 34437 |    421 | 2020-03-06 01:51:07   |       13.1017 |       18.1996 |       12.2519 |            4.4629 |            1.9369 |            4.9393 |            0.9128
 34437 |    422 | 2020-03-06 01:51:20   |       13.1219 |        18.207 |       10.5393 |            3.8325 |            1.6634 |            4.2629 |            0.7806
 34437 |    423 | 2020-03-06 01:51:33.5 |         13.13 |       18.2079 |       11.6493 |            4.2391 |            1.8431 |            4.6969 |            0.8701
 34437 |    424 | 2020-03-06 01:51:46.5 |       13.1325 |       18.2097 |       11.6704 |            4.2424 |            1.8483 |            4.7061 |            0.8737
 34437 |    425 | 2020-03-06 01:51:58   |       13.1324 |       18.2065 |       12.2393 |            4.4488 |            1.9414 |            4.9321 |             0.917
 34437 |    426 | 2020-03-06 01:52:07   |       13.1295 |       18.2075 |        12.207 |             4.437 |             1.936 |             4.919 |             0.915
 34437 |    427 | 2020-03-06 01:52:17.5 |       13.1133 |       18.2085 |       10.3559 |            3.7658 |            1.6326 |            4.1911 |            0.7664
 34437 |    428 | 2020-03-06 01:52:28   |       13.0785 |       18.1977 |        11.201 |            4.0813 |            1.7653 |            4.5228 |            0.8316
 34437 |    429 | 2020-03-06 01:52:37.5 |       13.1342 |       18.2084 |       11.6549 |            4.2379 |            1.8464 |            4.6994 |            0.8711
 34437 |    430 | 2020-03-06 01:52:47   |        13.134 |        18.211 |         12.12 |             4.409 |             1.921 |             4.883 |             0.907
 34437 |    431 | 2020-03-06 01:52:57   |        13.132 |       18.2078 |        12.209 |             4.439 |             1.936 |             4.919 |             0.915
 34437 |    432 | 2020-03-06 01:53:09.5 |       13.1337 |       18.2056 |       12.4398 |            4.5203 |            1.9745 |            5.0126 |            0.9324
 34437 |    433 | 2020-03-06 01:53:22   |       13.1289 |       18.2118 |       10.9404 |            3.9828 |            1.7273 |            4.4202 |            0.8101
 34437 |    434 | 2020-03-06 01:53:33   |       13.1284 |       18.2078 |       11.3961 |            4.1454 |            1.8027 |            4.5979 |            0.8501
 34437 |    435 | 2020-03-06 01:53:43   |       13.1325 |       18.2085 |        11.946 |             4.345 |             1.893 |             4.814 |             0.894
 34437 |    436 | 2020-03-06 01:53:53   |       13.1285 |       18.2093 |       11.8546 |            4.3106 |             1.878 |            4.7795 |            0.8864
 34437 |    437 | 2020-03-06 01:54:02.5 |       13.1274 |       18.2076 |       12.0605 |            4.3845 |            1.9109 |            4.8621 |             0.903
 34437 |    438 | 2020-03-06 01:54:15   |       13.1055 |       18.2077 |        11.221 |              4.08 |             1.772 |             4.534 |             0.835
 34437 |    439 | 2020-03-06 01:54:28   |       13.1242 |       18.2075 |       10.9997 |            4.0008 |            1.7385 |            4.4421 |            0.8182
 34437 |    440 | 2020-03-06 01:54:37.5 |       13.1293 |       18.2058 |       11.6432 |            4.2349 |            1.8428 |            4.6955 |            0.8699
 34437 |    441 | 2020-03-06 01:54:47.5 |       13.1345 |       18.2109 |       12.1258 |            4.4105 |            1.9223 |            4.8848 |            0.9082
 34437 |    442 | 2020-03-06 01:54:57   |       13.1331 |       18.2086 |       11.8399 |            4.3026 |            1.8765 |            4.7744 |            0.8863
 34437 |    443 | 2020-03-06 01:55:09.5 |       13.1364 |       18.2088 |       12.3053 |            4.4712 |            1.9528 |            4.9588 |            0.9225
 34437 |    444 | 2020-03-06 01:55:22.5 |       13.1221 |       18.2123 |       10.9681 |            3.9922 |            1.7327 |            4.4306 |            0.8126
 34437 |    445 | 2020-03-06 01:55:33   |       13.1289 |       18.2074 |       11.4147 |            4.1524 |            1.8056 |            4.6046 |            0.8521
 34437 |    446 | 2020-03-06 01:55:43   |        13.133 |        18.209 |        11.969 |             4.354 |             1.896 |             4.823 |             0.896
 34437 |    447 | 2020-03-06 01:55:53   |       13.1297 |       18.2094 |        11.907 |            4.3302 |            1.8857 |            4.7997 |            0.8915
 34437 |    448 | 2020-03-06 01:56:03   |       13.1273 |       18.2077 |       12.0396 |            4.3775 |            1.9071 |            4.8537 |            0.9012
 34437 |    449 | 2020-03-06 01:56:15.5 |       13.0997 |       18.2061 |       11.1004 |            4.0369 |            1.7508 |            4.4877 |             0.825
 34437 |    450 | 2020-03-06 01:56:28   |       13.1253 |        18.208 |       11.0604 |            4.0219 |            1.7491 |            4.4654 |             0.824
 34437 |    451 | 2020-03-06 01:56:38   |       13.1323 |       18.2068 |       11.7799 |            4.2841 |            1.8656 |            4.7495 |            0.8808
 34437 |    452 | 2020-03-06 01:56:47.5 |       13.1279 |        18.207 |       11.8265 |            4.3015 |            1.8727 |            4.7682 |            0.8841
 34437 |    453 | 2020-03-06 01:56:57   |       13.1335 |       18.2098 |        12.275 |             4.464 |             1.946 |             4.945 |              0.92
 34437 |    454 | 2020-03-06 01:57:07   |       13.1261 |       18.2109 |       12.0417 |            4.3857 |            1.9021 |            4.8577 |            0.8962
 34437 |    455 | 2020-03-06 01:57:20   |       13.1244 |       18.2053 |       10.6565 |            3.8744 |            1.6832 |            4.3087 |            0.7902
 34437 |    456 | 2020-03-06 01:57:33   |       13.1348 |         18.21 |       11.6686 |             4.244 |            1.8484 |            4.7042 |             0.872
 34437 |    457 | 2020-03-06 01:57:43   |       13.1277 |       18.2075 |       11.7026 |            4.2563 |            1.8525 |            4.7188 |             0.875
 34437 |    458 | 2020-03-06 01:57:53   |       13.1315 |       18.2068 |        12.083 |            4.3931 |            1.9155 |            4.8693 |             0.905
 34437 |    459 | 2020-03-06 01:58:05   |        13.124 |       18.1917 |        11.962 |             4.357 |             1.889 |             4.824 |             0.892
 34437 |    460 | 2020-03-06 01:58:17.5 |       13.1094 |        18.207 |       10.3528 |            3.7646 |            1.6312 |            4.1917 |            0.7653
 34437 |    461 | 2020-03-06 01:58:28   |        13.147 |       18.2084 |       11.3574 |              4.13 |            1.7991 |            4.5811 |            0.8473
 34437 |    462 | 2020-03-06 01:58:39   |       13.1472 |       18.2052 |       11.3893 |            4.1399 |            1.8032 |            4.5949 |            0.8512
 34437 |    463 | 2020-03-06 01:58:52   |       13.1314 |        18.207 |        12.073 |            4.3897 |            1.9139 |            4.8656 |            0.9039
 34437 |    464 | 2020-03-06 01:59:02   |        13.133 |        18.183 |          12.1 |             4.399 |             1.918 |             4.877 |             0.906
 34437 |    465 | 2020-03-06 01:59:11   |       13.1281 |       18.2067 |       12.2094 |            4.4371 |            1.9359 |            4.9215 |             0.915
 34437 |    466 | 2020-03-06 01:59:21.5 |       13.1288 |       18.2061 |       10.8056 |            3.9283 |            1.7086 |            4.3667 |            0.8021
 34437 |    467 | 2020-03-06 01:59:33   |       13.1343 |       18.2104 |       11.4902 |            4.1804 |            1.8191 |             4.633 |            0.8576
 34437 |    468 | 2020-03-06 01:59:43   |       13.1274 |       18.2076 |       11.6624 |            4.2409 |             1.846 |            4.7037 |            0.8719
 34437 |    469 | 2020-03-06 01:59:52.5 |       13.1336 |       18.2087 |       12.1062 |            4.3997 |            1.9208 |            4.8782 |            0.9076
 34437 |    470 | 2020-03-06 02:00:02   |       13.1315 |       18.2055 |         12.24 |             4.449 |             1.942 |             4.932 |             0.917
 34437 |    471 | 2020-03-06 02:00:15.5 |       13.1182 |       18.2075 |       11.5413 |            4.1954 |            1.8261 |            4.6587 |             0.861
 34437 |    472 | 2020-03-06 02:00:28.5 |       13.1355 |       18.2072 |       11.3442 |             4.125 |            1.7963 |            4.5756 |            0.8473
 34437 |    473 | 2020-03-06 02:00:38   |        13.124 |       18.2072 |        11.363 |             4.134 |             1.796 |             4.586 |             0.847
 34437 |    474 | 2020-03-06 02:00:48   |       13.1301 |       18.2069 |        11.912 |            4.3319 |            1.8876 |            4.8016 |            0.8909
 34437 |    475 | 2020-03-06 02:00:58   |        13.126 |       18.2065 |         12.29 |             4.481 |             1.939 |             4.957 |             0.913
 34437 |    476 | 2020-03-06 02:01:07.5 |        13.128 |       18.2095 |       12.0075 |            4.3638 |            1.9042 |            4.8413 |            0.8983
 34437 |    477 | 2020-03-06 02:01:21   |       13.1248 |       18.2072 |       10.7277 |            3.9011 |            1.6949 |            4.3356 |            0.7961
 34437 |    478 | 2020-03-06 02:01:33.5 |       13.0667 |       18.1906 |       11.3588 |            4.1489 |            1.7839 |            4.5882 |            0.8378
 34437 |    479 | 2020-03-06 02:01:43   |       13.1271 |       18.2072 |       11.7136 |            4.2595 |            1.8548 |            4.7237 |            0.8755
 34437 |    480 | 2020-03-06 02:01:53   |       13.1335 |       18.2089 |       12.1908 |             4.434 |            1.9328 |            4.9105 |            0.9135
 34437 |    481 | 2020-03-06 02:02:03.5 |       13.1303 |       18.2087 |       12.0899 |            4.3945 |             1.917 |            4.8731 |            0.9053
 34437 |    482 | 2020-03-06 02:02:16.5 |       13.1138 |       18.2068 |       11.1005 |            4.0353 |            1.7533 |            4.4859 |             0.826
 34437 |    483 | 2020-03-06 02:02:28.5 |       13.1335 |       18.2037 |       11.2792 |            4.1074 |            1.7826 |            4.5498 |            0.8394
 34437 |    484 | 2020-03-06 02:02:38   |        13.126 |       18.2075 |        11.452 |             4.165 |             1.811 |             4.621 |             0.855
 34437 |    485 | 2020-03-06 02:02:48   |        13.131 |       18.2067 |       11.9254 |            4.3361 |            1.8894 |            4.8072 |            0.8927
 34437 |    486 | 2020-03-06 02:02:58   |        13.133 |       18.2102 |        12.055 |             4.384 |             1.911 |             4.858 |             0.902
 34437 |    487 | 2020-03-06 02:03:09   |       13.1269 |       18.2071 |       12.0399 |            4.3758 |            1.9083 |            4.8543 |            0.9016
 34437 |    488 | 2020-03-06 02:03:22   |        13.133 |        18.209 |        10.974 |             3.991 |             1.736 |             4.431 |             0.816
 34437 |    489 | 2020-03-06 02:03:34   |       13.1245 |       18.2075 |        11.225 |             4.083 |             1.774 |             4.531 |             0.837
 34437 |    490 | 2020-03-06 02:03:43.5 |        13.129 |       18.2064 |        11.772 |            4.2816 |            1.8637 |            4.7466 |            0.8801
 34437 |    491 | 2020-03-06 02:03:53   |       13.1036 |       18.2123 |       12.2082 |            4.4478 |            1.9289 |            4.9229 |            0.9086
 34437 |    492 | 2020-03-06 02:04:03   |       13.1331 |       18.2079 |       12.0966 |             4.396 |            1.9191 |             4.875 |            0.9064
 34437 |    493 | 2020-03-06 02:04:15.5 |        13.121 |       18.2061 |       11.6768 |            4.2437 |            1.8482 |            4.7127 |            0.8722
 34437 |    494 | 2020-03-06 02:04:28.5 |       13.1145 |       18.2134 |       11.3029 |            4.1192 |            1.7818 |            4.5654 |            0.8365
 34437 |    495 | 2020-03-06 02:04:42.5 |       13.1289 |       18.2074 |       11.7247 |            4.2634 |            1.8561 |            4.7282 |             0.877
(496 rows)

