  run  | subrun |         time          | step1_voltage | step2_voltage | total_current | pos_2step_current | pos_1step_current | neg_2step_current | neg_1step_current 
-------+--------+-----------------------+---------------+---------------+---------------+-------------------+-------------------+-------------------+-------------------
 34522 |      0 | 2020-03-08 12:33:53   |        13.125 |        18.208 |          4.25 |             1.625 |             0.607 |             1.714 |             0.304
 34522 |      1 | 2020-03-08 12:34:02.5 |       13.1255 |       18.2069 |        6.6839 |            2.4991 |             1.007 |            2.6822 |            0.4957
 34522 |      2 | 2020-03-08 12:34:15.5 |       13.1214 |       18.2099 |        7.6051 |            2.8186 |            1.1626 |            3.0605 |            0.5635
 34522 |      3 | 2020-03-08 12:34:29   |       13.1275 |        18.208 |         9.471 |             3.484 |             1.472 |             3.806 |             0.709
 34522 |      4 | 2020-03-08 12:34:38.5 |       13.1325 |       18.2065 |       10.5764 |            3.8749 |            1.6577 |            4.2485 |            0.7952
 34522 |      5 | 2020-03-08 12:34:48   |        13.134 |       18.2117 |       11.4017 |            4.1737 |            1.7914 |            4.5813 |            0.8554
 34522 |      6 | 2020-03-08 12:34:58.5 |       13.1284 |       18.2083 |       11.5003 |            4.1981 |            1.8128 |             4.626 |            0.8635
 34522 |      7 | 2020-03-08 12:35:10   |         13.13 |        18.208 |        11.864 |             4.324 |             1.875 |             4.775 |              0.89
 34522 |      8 | 2020-03-08 12:35:23   |       13.1233 |       18.2133 |       10.7165 |            3.9154 |            1.6824 |            4.3252 |            0.7935
 34522 |      9 | 2020-03-08 12:35:34   |        13.131 |       18.2081 |       11.4732 |            4.1789 |            1.8138 |            4.6223 |            0.8582
 34522 |     10 | 2020-03-08 12:35:43.5 |       13.1351 |       18.2114 |       12.0225 |             4.376 |            1.9057 |             4.839 |            0.9017
 34522 |     11 | 2020-03-08 12:35:53   |        13.126 |       18.2082 |        11.804 |             4.295 |             1.868 |             4.757 |             0.884
 34522 |     12 | 2020-03-08 12:36:03   |       13.1305 |       18.2084 |       12.1824 |            4.4313 |            1.9308 |            4.9072 |             0.913
 34522 |     13 | 2020-03-08 12:36:16   |       13.1193 |       18.2071 |       10.3898 |            3.7798 |            1.6389 |            4.2018 |            0.7692
 34522 |     14 | 2020-03-08 12:36:29   |       13.1285 |       18.2085 |        11.297 |              4.11 |             1.787 |             4.557 |             0.843
 34522 |     15 | 2020-03-08 12:36:38.5 |       13.1406 |       18.2117 |       11.8884 |            4.3242 |            1.8844 |            4.7893 |            0.8905
 34522 |     16 | 2020-03-08 12:36:48   |       13.1159 |       18.2071 |       12.0039 |            4.3704 |            1.8999 |            4.8373 |            0.8963
 34522 |     17 | 2020-03-08 12:36:59   |       13.1335 |       18.2105 |        12.124 |             4.409 |             1.923 |             4.884 |             0.908
 34522 |     18 | 2020-03-08 12:37:13   |        13.108 |        18.208 |        11.296 |             4.108 |             1.784 |             4.563 |             0.841
 34522 |     19 | 2020-03-08 12:37:26   |        13.135 |       18.2103 |        11.227 |            4.0865 |            1.7758 |            4.5307 |             0.834
 34522 |     20 | 2020-03-08 12:37:35   |        13.125 |       18.2082 |        11.385 |             4.142 |             1.801 |             4.593 |             0.849
 34522 |     21 | 2020-03-08 12:37:44   |       13.1319 |       18.2097 |       11.8188 |            4.2989 |            1.8729 |             4.763 |             0.884
 34522 |     22 | 2020-03-08 12:37:53.5 |       13.1285 |       18.2093 |       11.9811 |            4.3574 |            1.8987 |            4.8297 |            0.8953
 34522 |     23 | 2020-03-08 12:38:06   |       13.1248 |       18.2019 |       11.9879 |            4.3579 |            1.9001 |            4.8334 |            0.8966
 34522 |     24 | 2020-03-08 12:38:19   |        13.132 |       18.2072 |        10.915 |             3.969 |             1.727 |             4.408 |             0.811
 34522 |     25 | 2020-03-08 12:38:29   |       13.1351 |       18.2118 |       11.5217 |            4.1925 |             1.825 |            4.6448 |            0.8593
 34522 |     26 | 2020-03-08 12:38:39   |        13.127 |       18.2077 |        11.609 |             4.223 |             1.838 |             4.681 |             0.867
 34522 |     27 | 2020-03-08 12:38:48.5 |       13.1369 |       18.2076 |       12.0793 |            4.3919 |            1.9156 |            4.8667 |            0.9051
 34522 |     28 | 2020-03-08 12:38:58   |       13.1216 |       18.2138 |       12.2185 |             4.446 |             1.937 |            4.9229 |            0.9125
 34522 |     29 | 2020-03-08 12:39:10   |       13.1311 |       18.2076 |       12.3782 |            4.4993 |            1.9641 |            4.9875 |            0.9274
 34522 |     30 | 2020-03-08 12:39:23   |        13.132 |        18.208 |        11.187 |             4.069 |              1.77 |             4.515 |             0.833
 34522 |     31 | 2020-03-08 12:39:33.5 |       13.1244 |       18.2116 |       11.3589 |            4.1391 |            1.7912 |            4.5853 |            0.8433
 34522 |     32 | 2020-03-08 12:39:43.5 |       13.1301 |       18.2077 |       11.8665 |            4.3158 |              1.88 |            4.7828 |            0.8879
 34522 |     33 | 2020-03-08 12:39:55.5 |       13.0898 |       18.1962 |       12.1575 |            4.4368 |            1.9141 |            4.9048 |            0.9018
 34522 |     34 | 2020-03-08 12:40:10   |       13.1305 |       18.2091 |       12.3593 |            4.4927 |            1.9608 |            4.9797 |            0.9261
 34522 |     35 | 2020-03-08 12:40:25   |        13.147 |       18.2123 |       11.3841 |            4.1398 |            1.8042 |            4.5909 |            0.8492
 34522 |     36 | 2020-03-08 12:40:40.5 |       13.1257 |        18.208 |       11.7013 |            4.2567 |            1.8522 |            4.7179 |            0.8744
 34522 |     37 | 2020-03-08 12:40:53   |       13.1352 |       18.2095 |       12.1485 |            4.4166 |            1.9285 |            4.8928 |            0.9106
 34522 |     38 | 2020-03-08 12:41:03.5 |       13.1252 |        18.189 |       11.9574 |            4.3511 |             1.892 |            4.8209 |            0.8934
 34522 |     39 | 2020-03-08 12:41:19   |       13.1315 |        18.207 |        10.899 |             3.963 |             1.724 |             4.402 |              0.81
 34522 |     40 | 2020-03-08 12:41:34.5 |       13.1258 |       18.2042 |       11.4042 |            4.1496 |            1.8041 |            4.6002 |            0.8502
 34522 |     41 | 2020-03-08 12:41:47   |        13.133 |       18.2085 |        12.075 |             4.392 |             1.914 |             4.865 |             0.904
 34522 |     42 | 2020-03-08 12:41:59.5 |       13.1245 |       18.2082 |       11.8925 |            4.3244 |            1.8837 |            4.7956 |            0.8889
 34522 |     43 | 2020-03-08 12:42:15   |       13.1095 |       18.2085 |        10.563 |             3.842 |             1.666 |             4.273 |             0.782
 34522 |     44 | 2020-03-08 12:42:30.5 |       13.1261 |        18.208 |       11.2205 |            4.0822 |            1.7746 |             4.528 |            0.8356
 34522 |     45 | 2020-03-08 12:42:43   |        13.131 |       18.2063 |          11.9 |             4.328 |             1.886 |             4.796 |              0.89
 34522 |     46 | 2020-03-08 12:42:56   |       13.1292 |       18.2098 |       11.9832 |            4.3574 |            1.8997 |            4.8302 |            0.8959
 34522 |     47 | 2020-03-08 12:43:11   |         13.13 |       18.2085 |         12.26 |             4.456 |             1.945 |             4.941 |             0.918
 34522 |     48 | 2020-03-08 12:43:25.5 |       13.1405 |       18.2124 |       11.2784 |            4.1012 |            1.7871 |            4.5487 |            0.8413
 34522 |     49 | 2020-03-08 12:43:38.5 |       13.1292 |       18.2085 |       11.6152 |             4.225 |            1.8387 |            4.6835 |            0.8681
 34522 |     50 | 2020-03-08 12:43:51   |        13.131 |       18.2076 |       12.1358 |            4.4128 |             1.925 |            4.8893 |            0.9087
 34522 |     51 | 2020-03-08 12:44:05   |        13.132 |       18.2069 |       12.0432 |            4.3769 |            1.9101 |            4.8544 |            0.9018
 34522 |     52 | 2020-03-08 12:44:20.5 |       13.1381 |       18.2104 |       11.1986 |            4.0722 |            1.7749 |            4.5181 |            0.8334
 34522 |     53 | 2020-03-08 12:44:34   |       13.1273 |       18.2073 |       11.4293 |            4.1574 |            1.8091 |            4.6105 |            0.8523
 34522 |     54 | 2020-03-08 12:44:46.5 |       13.1335 |       18.2097 |       12.0894 |            4.3969 |            1.9173 |            4.8701 |            0.9052
 34522 |     55 | 2020-03-08 12:44:59.5 |       13.1242 |       18.2067 |       11.9356 |            4.3396 |            1.8913 |            4.8124 |            0.8924
 34522 |     56 | 2020-03-08 12:45:15   |       13.1095 |       18.2082 |        10.557 |             3.839 |             1.665 |             4.271 |             0.782
 34522 |     57 | 2020-03-08 12:45:30.5 |       13.0111 |       18.1968 |       11.2292 |             4.099 |            1.7641 |            4.5356 |            0.8305
 34522 |     58 | 2020-03-08 12:45:43   |        13.131 |        18.207 |        11.899 |             4.327 |             1.886 |             4.796 |              0.89
 34522 |     59 | 2020-03-08 12:45:55.5 |       13.0886 |        18.199 |       12.0188 |             4.385 |            1.8946 |            4.8485 |            0.8908
 34522 |     60 | 2020-03-08 12:46:10.5 |       13.1327 |       18.2061 |       12.4082 |            4.5091 |            1.9699 |            4.9991 |            0.9301
 34522 |     61 | 2020-03-08 12:46:25.5 |        13.133 |         18.21 |       11.2971 |            4.1104 |            1.7883 |            4.5568 |            0.8417
 34522 |     62 | 2020-03-08 12:46:38.5 |       13.1082 |       18.2049 |       11.6542 |            4.2459 |             1.841 |            4.7006 |            0.8667
 34522 |     63 | 2020-03-08 12:46:51   |       13.1281 |       18.2056 |            12 |            4.3636 |            1.9022 |            4.8365 |            0.8977
 34522 |     64 | 2020-03-08 12:47:03.5 |       13.1346 |       18.2105 |       12.2495 |            4.4524 |            1.9452 |            4.9344 |            0.9176
 34522 |     65 | 2020-03-08 12:47:18   |       13.1302 |       18.2071 |       10.4623 |            3.8043 |            1.6538 |            4.2302 |             0.774
 34522 |     66 | 2020-03-08 12:47:34   |       13.1347 |       18.2111 |       11.8249 |             4.303 |            1.8744 |            4.7644 |            0.8831
 34522 |     67 | 2020-03-08 12:47:48.5 |       13.1286 |        18.208 |       11.8963 |            4.3264 |            1.8849 |            4.7953 |            0.8897
 34522 |     68 | 2020-03-08 12:48:02.5 |       13.1344 |       18.2114 |        12.323 |             4.481 |            1.9555 |            4.9637 |            0.9227
 34522 |     69 | 2020-03-08 12:48:15   |       13.1204 |       18.2083 |       10.9282 |            3.9733 |            1.7275 |            4.4161 |            0.8113
 34522 |     70 | 2020-03-08 12:48:24   |       13.1308 |       18.2074 |       11.1954 |            4.0711 |             1.772 |            4.5181 |            0.8341
 34522 |     71 | 2020-03-08 12:48:32.5 |       13.1341 |       18.2106 |       11.7079 |            4.2588 |            1.8551 |            4.7189 |            0.8752
 34522 |     72 | 2020-03-08 12:48:41.5 |       13.1247 |       18.2069 |       11.5696 |            4.2087 |            1.8307 |            4.6664 |            0.8638
 34522 |     73 | 2020-03-08 12:48:51   |       13.1307 |       18.2072 |       12.0483 |            4.3809 |            1.9105 |            4.8552 |            0.9017
 34522 |     74 | 2020-03-08 12:49:00.5 |       13.1336 |       18.2109 |       12.3496 |            4.4904 |            1.9598 |            4.9743 |            0.9251
 34522 |     75 | 2020-03-08 12:49:14   |       13.1143 |       18.2079 |       11.1919 |            4.0692 |            1.7688 |             4.521 |            0.8328
 34522 |     76 | 2020-03-08 12:49:28   |       13.1329 |        18.208 |       11.4374 |            4.1607 |            1.8109 |             4.613 |            0.8529
 34522 |     77 | 2020-03-08 12:49:38   |       13.1335 |       18.2113 |         11.66 |             4.242 |             1.847 |               4.7 |             0.871
 34522 |     78 | 2020-03-08 12:49:47.5 |       13.1293 |       18.2087 |       11.9084 |            4.3308 |            1.8867 |            4.8002 |            0.8907
 34522 |     79 | 2020-03-08 12:49:57   |       13.1325 |       18.2077 |       12.2076 |            4.4381 |            1.9367 |            4.9188 |             0.914
 34522 |     80 | 2020-03-08 12:50:07   |        13.127 |       18.2082 |       12.4055 |            4.5137 |            1.9663 |             4.998 |            0.9276
 34522 |     81 | 2020-03-08 12:50:20   |       13.1287 |       18.2079 |         10.53 |            3.8291 |            1.6637 |            4.2573 |              0.78
 34522 |     82 | 2020-03-08 12:50:33   |       13.1345 |       18.2087 |       11.6665 |            4.2425 |            1.8494 |            4.7019 |            0.8727
 34522 |     83 | 2020-03-08 12:50:43   |       13.1245 |       18.2066 |       11.5176 |            4.1877 |            1.8239 |            4.6456 |            0.8604
 34522 |     84 | 2020-03-08 12:50:53   |        13.132 |        18.207 |        12.125 |             4.408 |             1.923 |             4.886 |             0.908
 34522 |     85 | 2020-03-08 12:51:06   |       13.1335 |       18.2112 |        12.203 |             4.437 |             1.936 |             4.917 |             0.913
 34522 |     86 | 2020-03-08 12:51:19.5 |       13.1325 |       18.2066 |       10.5704 |            3.8431 |            1.6716 |            4.2724 |            0.7833
 34522 |     87 | 2020-03-08 12:51:30   |        13.134 |       18.2105 |        11.542 |             4.198 |             1.828 |             4.654 |             0.862
 34522 |     88 | 2020-03-08 12:51:39.5 |       13.1252 |       18.2003 |       11.5389 |            4.2003 |            1.8239 |            4.6545 |            0.8601
 34522 |     89 | 2020-03-08 12:51:49   |        13.131 |       18.2057 |        12.015 |             4.369 |             1.905 |             4.842 |             0.899
 34522 |     90 | 2020-03-08 12:51:59.5 |        13.114 |       18.2123 |       12.2186 |            4.4457 |            1.9357 |            4.9251 |            0.9119
 34522 |     91 | 2020-03-08 12:52:12   |       13.1163 |       18.2082 |       11.7806 |            4.2827 |            1.8652 |             4.753 |            0.8797
 34522 |     92 | 2020-03-08 12:52:24.5 |       13.1326 |       18.2092 |        11.268 |            4.0985 |            1.7839 |            4.5466 |            0.8391
 34522 |     93 | 2020-03-08 12:52:36   |       13.0823 |       18.2016 |       11.4742 |            4.1879 |            1.8046 |            4.6324 |            0.8494
 34522 |     94 | 2020-03-08 12:52:47.5 |       13.1268 |       18.2064 |       11.9073 |            4.3307 |            1.8863 |            4.7996 |            0.8907
 34522 |     95 | 2020-03-08 12:52:57   |       13.1377 |       18.2074 |       12.1908 |             4.431 |            1.9345 |            4.9112 |            0.9141
 34522 |     96 | 2020-03-08 12:53:08.5 |       13.1331 |       18.2072 |         12.07 |            4.3861 |             1.915 |            4.8649 |             0.904
 34522 |     97 | 2020-03-08 12:53:22   |        13.131 |       18.2062 |        10.979 |             3.992 |             1.737 |             4.434 |             0.816
 34522 |     98 | 2020-03-08 12:53:33   |       13.1308 |       18.2121 |       11.4999 |            4.1867 |            1.8175 |            4.6391 |            0.8566
 34522 |     99 | 2020-03-08 12:53:42.5 |       13.1289 |       18.2082 |       11.7491 |            4.2726 |            1.8609 |            4.7374 |            0.8781
 34522 |    100 | 2020-03-08 12:53:52   |       13.1337 |       18.2097 |       12.1922 |            4.4332 |            1.9345 |            4.9116 |            0.9128
 34522 |    101 | 2020-03-08 12:54:02   |       13.1345 |       18.2115 |        12.373 |             4.498 |             1.964 |             4.984 |             0.927
 34522 |    102 | 2020-03-08 12:54:15   |       13.1168 |       18.2076 |       11.2942 |            4.1057 |            1.7863 |            4.5612 |             0.841
 34522 |    103 | 2020-03-08 12:54:28   |       13.1205 |       18.2109 |       11.4782 |            4.1805 |            1.8135 |            4.6321 |            0.8521
 34522 |    104 | 2020-03-08 12:54:42   |        13.129 |       18.2085 |       11.7354 |            4.2683 |            1.8586 |            4.7319 |            0.8766
 34522 |    105 | 2020-03-08 12:54:55   |       13.1334 |       18.2098 |       12.2353 |            4.4484 |            1.9415 |            4.9287 |            0.9167
 34522 |    106 | 2020-03-08 12:55:03.5 |       13.1256 |       18.2121 |       12.3798 |            4.5073 |            1.9599 |            4.9887 |             0.924
 34522 |    107 | 2020-03-08 12:55:15   |        13.117 |       18.2085 |       11.3062 |            4.1105 |            1.7883 |            4.5664 |            0.8411
 34522 |    108 | 2020-03-08 12:55:27.5 |        13.132 |       18.2135 |       11.4899 |            4.1836 |            1.8162 |            4.6368 |            0.8534
 34522 |    109 | 2020-03-08 12:55:38   |       13.1085 |        18.204 |        11.533 |              4.21 |             1.813 |             4.656 |             0.854
 34522 |    110 | 2020-03-08 12:55:48   |       13.1294 |       18.2046 |       11.9553 |            4.3482 |            1.8941 |            4.8192 |            0.8937
 34522 |    111 | 2020-03-08 12:55:58   |        13.127 |       18.2085 |        12.309 |             4.489 |             1.942 |             4.963 |             0.915
 34522 |    112 | 2020-03-08 12:56:08   |       13.1274 |       18.2076 |       12.0783 |            4.3902 |             1.915 |            4.8694 |            0.9037
 34522 |    113 | 2020-03-08 12:56:21   |        13.134 |       18.2088 |       10.8705 |            3.9521 |              1.72 |            4.3912 |            0.8072
 34522 |    114 | 2020-03-08 12:56:33.5 |       13.0837 |       18.2171 |       11.5092 |            4.1973 |            1.8129 |            4.6479 |            0.8511
 34522 |    115 | 2020-03-08 12:56:43   |        13.127 |       18.2074 |       11.7626 |            4.2787 |            1.8628 |            4.7426 |            0.8785
 34522 |    116 | 2020-03-08 12:56:53.5 |       13.0967 |       18.2155 |       12.2552 |            4.4631 |            1.9396 |            4.9406 |            0.9119
 34522 |    117 | 2020-03-08 12:57:05.5 |       13.1255 |       18.2084 |       11.9939 |            4.3591 |            1.9015 |            4.8367 |            0.8966
 34522 |    118 | 2020-03-08 12:57:20.5 |       13.1345 |       18.2091 |       10.7961 |             3.926 |            1.7083 |            4.3613 |            0.8003
 34522 |    119 | 2020-03-08 12:57:34.5 |       13.1249 |       18.2082 |       11.3105 |            4.1144 |            1.7888 |            4.5641 |            0.8432
 34522 |    120 | 2020-03-08 12:57:44.5 |        13.131 |       18.2068 |       11.8812 |            4.3204 |            1.8826 |            4.7892 |            0.8891
 34522 |    121 | 2020-03-08 12:57:54   |       13.1345 |       18.2107 |        12.256 |             4.457 |             1.945 |             4.936 |             0.918
 34522 |    122 | 2020-03-08 12:58:11.5 |        13.123 |        18.208 |       12.0917 |            4.3954 |            1.9169 |             4.875 |            0.9045
 34522 |    123 | 2020-03-08 12:58:29   |        13.135 |        18.212 |        11.376 |            4.1394 |            1.8019 |            4.5877 |            0.8471
 34522 |    124 | 2020-03-08 12:58:38.5 |        13.126 |       18.2083 |       11.4874 |            4.1788 |            1.8179 |            4.6339 |            0.8568
 34522 |    125 | 2020-03-08 12:58:47.5 |       13.1331 |       18.2086 |       12.0469 |            4.3809 |            1.9098 |            4.8546 |            0.9016
 34522 |    126 | 2020-03-08 12:58:56   |       13.1343 |       18.2098 |       12.2788 |             4.464 |            1.9484 |            4.9461 |            0.9202
 34522 |    127 | 2020-03-08 12:59:05   |       13.1266 |       18.2078 |       12.0442 |            4.3774 |              1.91 |            4.8558 |             0.901
 34522 |    128 | 2020-03-08 12:59:14.5 |       13.1185 |       18.2077 |       11.5709 |             4.206 |            1.8313 |            4.6706 |             0.863
 34522 |    129 | 2020-03-08 12:59:25   |       13.1404 |       18.2094 |       11.1195 |            4.0434 |            1.7609 |            4.4872 |            0.8279
 34522 |    130 | 2020-03-08 12:59:36   |       13.1331 |       18.2066 |       11.3619 |            4.1318 |            1.7979 |            4.5842 |            0.8479
 34522 |    131 | 2020-03-08 12:59:46   |       13.1325 |        18.208 |        11.978 |             4.356 |             1.899 |             4.827 |             0.896
 34522 |    132 | 2020-03-08 12:59:55.5 |       13.1327 |       18.2092 |       12.2065 |            4.4418 |            1.9355 |            4.9161 |             0.913
 34522 |    133 | 2020-03-08 13:00:05   |       13.1331 |       18.2119 |        12.209 |              4.44 |            1.9376 |            4.9185 |            0.9129
 34522 |    134 | 2020-03-08 13:00:18.5 |       13.1321 |       18.2089 |       10.5097 |            3.8213 |            1.6608 |            4.2501 |            0.7776
 34522 |    135 | 2020-03-08 13:00:32.5 |       13.1007 |       18.2012 |       11.2601 |            4.1024 |            1.7749 |            4.5464 |            0.8364
 34522 |    136 | 2020-03-08 13:00:43   |       13.1296 |        18.208 |       11.7534 |             4.275 |            1.8615 |            4.7384 |            0.8785
 34522 |    137 | 2020-03-08 13:00:53   |       13.1346 |       18.2122 |       12.0828 |            4.3946 |            1.9158 |             4.868 |            0.9044
 34522 |    138 | 2020-03-08 13:01:03.5 |       13.1273 |       18.2089 |       12.0469 |            4.3798 |            1.9095 |            4.8562 |            0.9014
 34522 |    139 | 2020-03-08 13:01:17.5 |       13.1319 |       18.2121 |       10.7807 |            3.9205 |             1.707 |            4.3546 |            0.7987
 34522 |    140 | 2020-03-08 13:01:32.5 |       13.1264 |       18.2096 |       11.2716 |            4.1004 |            1.7828 |            4.5482 |            0.8402
 34522 |    141 | 2020-03-08 13:01:46.5 |       13.1239 |       18.2064 |       12.0031 |            4.3673 |            1.9008 |            4.8376 |            0.8974
 34522 |    142 | 2020-03-08 13:01:59   |       13.1294 |       18.2066 |       11.8804 |             4.318 |            1.8826 |            4.7904 |            0.8893
 34522 |    143 | 2020-03-08 13:02:08.5 |       13.1334 |       18.2073 |       12.3009 |            4.4703 |            1.9529 |            4.9558 |             0.922
 34522 |    144 | 2020-03-08 13:02:17.5 |       13.1327 |        18.211 |       10.7832 |            3.9219 |            1.7062 |            4.3559 |            0.7992
 34522 |    145 | 2020-03-08 13:02:26.5 |       13.1334 |       18.2117 |       11.1589 |            4.0608 |            1.7662 |            4.5022 |            0.8297
 34522 |    146 | 2020-03-08 13:02:35.5 |       13.1295 |       18.2082 |       11.5152 |            4.1887 |            1.8228 |            4.6437 |              0.86
 34522 |    147 | 2020-03-08 13:02:45   |       13.1331 |       18.2101 |       12.0683 |            4.3907 |            1.9132 |            4.8614 |            0.9029
 34522 |    148 | 2020-03-08 13:02:55   |       13.0942 |       18.1882 |       12.0083 |            4.3746 |            1.8962 |            4.8424 |            0.8951
 34522 |    149 | 2020-03-08 13:03:08   |       13.1325 |       18.2085 |       12.2643 |            4.4573 |            1.9465 |            4.9414 |            0.9191
 34522 |    150 | 2020-03-08 13:03:22   |       13.1335 |       18.2105 |        10.879 |             3.958 |             1.721 |             4.393 |             0.807
 34522 |    151 | 2020-03-08 13:03:33.5 |       13.1286 |        18.208 |       11.4153 |            4.1526 |            1.8062 |             4.605 |            0.8516
 34522 |    152 | 2020-03-08 13:03:43.5 |       13.1391 |       18.2095 |        11.937 |            4.3408 |            1.8925 |            4.8099 |            0.8938
 34522 |    153 | 2020-03-08 13:03:53   |       13.1096 |       18.1938 |       12.0049 |            4.3821 |            1.8896 |            4.8443 |            0.8889
 34522 |    154 | 2020-03-08 13:04:03   |       13.1269 |       18.2073 |       12.0115 |            4.3674 |            1.9038 |            4.8418 |            0.8986
 34522 |    155 | 2020-03-08 13:04:16   |       13.0913 |       18.1988 |        11.111 |            4.0475 |            1.7508 |            4.4913 |            0.8214
 34522 |    156 | 2020-03-08 13:04:28.5 |       13.1239 |       18.2074 |       11.0466 |             4.019 |            1.7457 |              4.46 |            0.8219
 34522 |    157 | 2020-03-08 13:04:38   |       13.1275 |       18.2082 |        11.531 |             4.194 |             1.825 |             4.651 |             0.861
 34522 |    158 | 2020-03-08 13:04:48   |       13.1348 |       18.2115 |       12.0351 |            4.3776 |            1.9084 |            4.8486 |            0.9006
 34522 |    159 | 2020-03-08 13:04:59.5 |       13.1263 |       18.2079 |       11.9422 |            4.3425 |            1.8923 |             4.814 |            0.8933
 34522 |    160 | 2020-03-08 13:05:14.5 |       13.1198 |       18.2084 |        11.623 |            4.2251 |            1.8397 |            4.6909 |            0.8673
 34522 |    161 | 2020-03-08 13:05:28.5 |       13.1248 |       18.1999 |       11.0199 |            4.0107 |            1.7414 |            4.4479 |              0.82
 34522 |    162 | 2020-03-08 13:05:39   |       13.1287 |       18.2082 |       11.6299 |            4.2303 |            1.8413 |            4.6901 |            0.8681
 34522 |    163 | 2020-03-08 13:05:49   |       13.1176 |       18.1995 |       12.0895 |            4.4093 |            1.9062 |            4.8757 |            0.8983
 34522 |    164 | 2020-03-08 13:05:59   |        13.125 |       18.2079 |       11.9103 |            4.3311 |            1.8865 |             4.802 |            0.8908
 34522 |    165 | 2020-03-08 13:06:11.5 |       13.1287 |       18.2065 |       12.2797 |            4.4635 |             1.948 |            4.9486 |            0.9197
 34522 |    166 | 2020-03-08 13:06:24.5 |       13.1304 |       18.2101 |       10.9957 |            3.9998 |            1.7398 |            4.4388 |            0.8173
 34522 |    167 | 2020-03-08 13:06:35   |       13.1303 |       18.2073 |       11.5343 |            4.1952 |            1.8262 |            4.6514 |            0.8615
 34522 |    168 | 2020-03-08 13:06:45.5 |       13.1329 |       18.2076 |       12.0002 |             4.378 |            1.8921 |            4.8395 |            0.8906
 34522 |    169 | 2020-03-08 13:06:55   |        13.136 |         18.21 |       11.8324 |            4.3021 |            1.8754 |            4.7698 |            0.8852
 34522 |    170 | 2020-03-08 13:07:05   |       13.1299 |       18.2085 |        12.161 |            4.4204 |            1.9293 |             4.901 |            0.9103
 34522 |    171 | 2020-03-08 13:07:18.5 |       13.1103 |       18.2055 |       10.1479 |             3.692 |            1.5988 |            4.1091 |             0.748
 34522 |    172 | 2020-03-08 13:07:32.5 |       13.1301 |       18.2058 |        11.431 |            4.1582 |            1.8096 |            4.6105 |            0.8526
 34522 |    173 | 2020-03-08 13:07:42.5 |       13.1332 |       18.2094 |        11.911 |            4.3332 |             1.887 |            4.7994 |            0.8914
 34522 |    174 | 2020-03-08 13:07:52   |       13.1299 |       18.2097 |        11.906 |            4.3304 |            1.8868 |            4.7985 |            0.8903
 34522 |    175 | 2020-03-08 13:08:05   |         13.13 |       18.2056 |       12.1859 |            4.4292 |            1.9335 |            4.9102 |            0.9129
 34522 |    176 | 2020-03-08 13:08:18   |       13.1095 |        18.207 |        10.226 |              3.72 |             1.611 |              4.14 |             0.755
 34522 |    177 | 2020-03-08 13:08:28.5 |       13.1277 |       18.2088 |       11.1283 |            4.0485 |            1.7599 |            4.4914 |            0.8285
 34522 |    178 | 2020-03-08 13:08:43   |       13.1407 |       18.2108 |       11.9551 |            4.3494 |            1.8955 |            4.8158 |            0.8943
 34522 |    179 | 2020-03-08 13:08:56   |       13.1398 |       18.2077 |       11.9868 |            4.3574 |            1.9012 |            4.8308 |            0.8975
 34522 |    180 | 2020-03-08 13:09:05   |        13.133 |       18.2085 |       12.3097 |            4.4754 |             1.953 |            4.9586 |            0.9227
 34522 |    181 | 2020-03-08 13:09:14   |       13.1235 |        18.208 |        11.955 |             4.346 |             1.894 |             4.822 |             0.893
 34522 |    182 | 2020-03-08 13:09:23.5 |        13.129 |       18.2082 |       10.8686 |            3.9536 |            1.7186 |            4.3897 |            0.8067
 34522 |    183 | 2020-03-08 13:09:35   |        13.136 |       18.2074 |       11.6305 |            4.2297 |            1.8428 |            4.6889 |             0.869
 34522 |    184 | 2020-03-08 13:09:47   |       13.1378 |       18.2105 |       11.8274 |            4.3016 |            1.8753 |            4.7662 |            0.8842
 34522 |    185 | 2020-03-08 13:09:59.5 |       13.1281 |       18.2087 |       12.0196 |            4.3706 |            1.9048 |            4.8445 |            0.8996
 34522 |    186 | 2020-03-08 13:10:15   |       13.1078 |       18.2049 |       11.4505 |            4.1669 |            1.8094 |            4.6236 |            0.8506
 34522 |    187 | 2020-03-08 13:10:30.5 |        13.131 |        18.205 |       11.3791 |            4.1383 |            1.8015 |            4.5905 |            0.8488
 34522 |    188 | 2020-03-08 13:10:43   |       13.0754 |       18.1932 |       11.7298 |             4.279 |            1.8459 |            4.7347 |            0.8701
 34522 |    189 | 2020-03-08 13:10:55.5 |       13.1301 |       18.2078 |       12.0244 |            4.3712 |            1.9066 |            4.8467 |            0.8999
 34522 |    190 | 2020-03-08 13:11:10   |       13.1345 |       18.2117 |        12.469 |             4.534 |              1.98 |             5.021 |             0.934
 34522 |    191 | 2020-03-08 13:11:24   |       13.1296 |       18.2086 |       10.9204 |             3.972 |             1.727 |            4.4103 |            0.8111
 34522 |    192 | 2020-03-08 13:11:35   |       13.1332 |        18.209 |       11.6834 |            4.2499 |            1.8509 |            4.7097 |            0.8729
 34522 |    193 | 2020-03-08 13:11:45   |       13.1261 |       18.2084 |       11.6196 |            4.2262 |            1.8396 |            4.6866 |            0.8673
 34522 |    194 | 2020-03-08 13:11:55   |         13.13 |        18.208 |       12.0335 |            4.3756 |            1.9077 |            4.8495 |            0.9007
 34522 |    195 | 2020-03-08 13:12:10.5 |       13.1328 |        18.211 |       12.2346 |            4.4484 |            1.9412 |            4.9298 |            0.9152
 34522 |    196 | 2020-03-08 13:12:25   |       13.1305 |       18.2087 |       11.0378 |            4.0145 |            1.7464 |            4.4559 |             0.821
 34522 |    197 | 2020-03-08 13:12:34.5 |       13.1335 |       18.2101 |       11.6729 |            4.2469 |            1.8492 |            4.7046 |            0.8722
 34522 |    198 | 2020-03-08 13:12:44   |       13.1294 |         18.21 |       11.6755 |            4.2474 |            1.8493 |             4.707 |            0.8718
 34522 |    199 | 2020-03-08 13:12:53.5 |       13.1293 |       18.2079 |       11.9682 |            4.3521 |            1.8969 |            4.8236 |            0.8956
 34522 |    200 | 2020-03-08 13:13:07   |       13.1288 |       18.2128 |       12.2934 |            4.4811 |            1.9407 |            4.9576 |            0.9141
 34522 |    201 | 2020-03-08 13:13:20   |       13.1169 |       18.2082 |       10.3636 |            3.7691 |            1.6348 |            4.1931 |            0.7665
 34522 |    202 | 2020-03-08 13:13:30   |       13.1325 |       18.2085 |        11.406 |             4.148 |             1.806 |             4.601 |             0.851
 34522 |    203 | 2020-03-08 13:13:40   |       13.1259 |       18.2188 |       11.8263 |            4.3116 |            1.8672 |            4.7687 |            0.8789
 34522 |    204 | 2020-03-08 13:13:50   |       13.1275 |        18.208 |        11.855 |             4.311 |             1.878 |              4.78 |             0.886
 34522 |    205 | 2020-03-08 13:14:00   |       13.1321 |       18.2133 |       12.2352 |            4.4467 |             1.942 |            4.9294 |             0.917
 34522 |    206 | 2020-03-08 13:14:12   |       13.1325 |       18.2162 |       12.3565 |            4.4908 |            1.9617 |             4.978 |             0.926
 34522 |    207 | 2020-03-08 13:14:25   |       13.1315 |       18.2066 |       11.0636 |            4.0229 |            1.7501 |            4.4677 |            0.8229
 34522 |    208 | 2020-03-08 13:14:36   |       13.1062 |       18.2028 |       11.7076 |            4.2665 |            1.8473 |            4.7232 |            0.8705
 34522 |    209 | 2020-03-08 13:14:47   |       13.1258 |       18.2101 |       11.7409 |            4.2691 |            1.8601 |            4.7344 |            0.8774
 34522 |    210 | 2020-03-08 13:14:58   |        13.131 |       18.2055 |        12.125 |             4.408 |             1.923 |             4.886 |             0.908
 34522 |    211 | 2020-03-08 13:15:08   |       13.1349 |       18.2112 |        12.413 |            4.5126 |            1.9707 |            4.9993 |            0.9305
 34522 |    212 | 2020-03-08 13:15:21   |       13.1226 |       18.2085 |       10.5173 |            3.8253 |            1.6605 |            4.2527 |            0.7788
 34522 |    213 | 2020-03-08 13:15:37.5 |       13.1349 |       18.2113 |       11.8419 |            4.3086 |            1.8764 |            4.7715 |            0.8854
 34522 |    214 | 2020-03-08 13:15:51   |       13.1271 |        18.208 |       11.8303 |            4.3021 |            1.8741 |            4.7696 |            0.8845
 34522 |    215 | 2020-03-08 13:16:00   |       13.1325 |       18.2084 |       12.2192 |            4.4429 |            1.9384 |            4.9228 |            0.9151
 34522 |    216 | 2020-03-08 13:16:09   |       13.1257 |       18.2086 |       12.0195 |            4.3695 |            1.9049 |            4.8459 |            0.8992
 34522 |    217 | 2020-03-08 13:16:19.5 |       13.1142 |       18.2083 |       10.2886 |            3.7412 |            1.6222 |            4.1643 |            0.7609
 34522 |    218 | 2020-03-08 13:16:30   |       13.1325 |        18.208 |        11.404 |             4.148 |             1.806 |               4.6 |              0.85
 34522 |    219 | 2020-03-08 13:16:40   |       13.1082 |       18.2112 |       11.6799 |             4.256 |            1.8435 |            4.7124 |            0.8679
 34522 |    220 | 2020-03-08 13:16:50.5 |         13.13 |       18.2084 |       11.9428 |            4.3436 |            1.8925 |            4.8136 |            0.8931
 34522 |    221 | 2020-03-08 13:17:00   |       13.1312 |       18.2095 |       12.2431 |            4.4517 |            1.9422 |            4.9321 |             0.917
 34522 |    222 | 2020-03-08 13:17:12   |        13.132 |        18.207 |        12.322 |             4.478 |             1.956 |             4.965 |             0.923
 34522 |    223 | 2020-03-08 13:17:25   |       13.1272 |        18.212 |       11.0625 |            4.0334 |            1.7432 |            4.4682 |            0.8178
 34522 |    224 | 2020-03-08 13:17:36   |       13.1295 |       18.2075 |        11.529 |             4.194 |             1.825 |              4.65 |              0.86
 34522 |    225 | 2020-03-08 13:17:46   |        13.128 |        18.208 |        11.745 |             4.272 |              1.86 |             4.735 |             0.878
 34522 |    226 | 2020-03-08 13:17:56   |       13.1255 |       18.2077 |        11.853 |              4.31 |             1.877 |              4.78 |             0.886
 34522 |    227 | 2020-03-08 13:18:08.5 |       13.1294 |       18.2077 |       12.1689 |            4.4232 |            1.9298 |            4.9046 |            0.9112
 34522 |    228 | 2020-03-08 13:18:21   |       13.1248 |       18.2099 |       10.3531 |            3.7686 |            1.6308 |            4.1895 |            0.7641
 34522 |    229 | 2020-03-08 13:18:31   |       13.1302 |        18.208 |       11.2712 |            4.0998 |            1.7837 |            4.5472 |            0.8405
 34522 |    230 | 2020-03-08 13:18:41   |       13.1327 |       18.2076 |       11.8321 |            4.3041 |            1.8743 |            4.7687 |            0.8849
 34522 |    231 | 2020-03-08 13:18:51   |       13.1367 |       18.2114 |       12.0554 |            4.3848 |            1.9119 |            4.8565 |            0.9023
 34522 |    232 | 2020-03-08 13:19:01.5 |       13.0375 |       18.2153 |       12.1706 |            4.4345 |            1.9205 |            4.9086 |            0.9069
 34522 |    233 | 2020-03-08 13:19:15.5 |         13.12 |       18.2082 |       11.4751 |            4.1719 |            1.8156 |            4.6325 |            0.8551
 34522 |    234 | 2020-03-08 13:19:29   |       13.1321 |       18.2089 |       11.3963 |            4.1459 |            1.8043 |            4.5962 |            0.8499
 34522 |    235 | 2020-03-08 13:19:39   |       13.0975 |       18.1963 |        11.538 |              4.21 |            1.8169 |            4.6572 |            0.8539
 34522 |    236 | 2020-03-08 13:19:49   |       13.1291 |       18.2082 |       11.8974 |            4.3266 |             1.885 |            4.7957 |              0.89
 34522 |    237 | 2020-03-08 13:19:59   |       13.1329 |       18.2097 |       12.2634 |            4.4592 |            1.9455 |            4.9394 |            0.9193
 34522 |    238 | 2020-03-08 13:20:09   |       13.1272 |       18.2087 |       12.0685 |            4.3869 |            1.9133 |            4.8652 |            0.9031
 34522 |    239 | 2020-03-08 13:20:23   |       13.1327 |       18.2081 |       10.9896 |             3.996 |             1.739 |            4.4373 |            0.8172
 34522 |    240 | 2020-03-08 13:20:36.5 |       13.1319 |       18.2139 |       11.5887 |            4.2205 |            1.8328 |            4.6743 |             0.861
 34522 |    241 | 2020-03-08 13:20:46.5 |       13.1294 |       18.2079 |       11.8197 |            4.2986 |            1.8721 |            4.7646 |            0.8844
 34522 |    242 | 2020-03-08 13:20:57   |       13.1315 |       18.2079 |       12.1619 |            4.4217 |            1.9291 |            4.8994 |            0.9117
 34522 |    243 | 2020-03-08 13:21:07   |       13.1241 |       18.2075 |       11.9096 |            4.3295 |            1.8867 |            4.8027 |            0.8908
 34522 |    244 | 2020-03-08 13:21:20   |       13.1179 |       18.2076 |       10.4966 |            3.8169 |            1.6565 |             4.246 |            0.7773
 34522 |    245 | 2020-03-08 13:21:33   |       13.1509 |       18.2146 |        11.483 |            4.1792 |            1.8192 |              4.63 |            0.8547
 34522 |    246 | 2020-03-08 13:21:43   |        13.138 |       18.2106 |       11.6366 |            4.2314 |            1.8438 |             4.691 |            0.8705
 34522 |    247 | 2020-03-08 13:21:53   |       13.1334 |       18.2097 |       12.1481 |            4.4171 |            1.9261 |            4.8946 |            0.9103
 34522 |    248 | 2020-03-08 13:22:03.5 |       13.1293 |        18.215 |       12.0435 |            4.3826 |            1.9079 |            4.8528 |            0.9002
 34522 |    249 | 2020-03-08 13:22:16.5 |        13.114 |       18.2078 |       11.0796 |            4.0283 |            1.7508 |            4.4769 |            0.8236
 34522 |    250 | 2020-03-08 13:22:29.5 |       13.1323 |       18.2115 |        11.498 |            4.1841 |             1.821 |            4.6357 |            0.8572
 34522 |    251 | 2020-03-08 13:22:44   |       13.1277 |       18.2076 |       11.6983 |            4.2547 |            1.8523 |            4.7171 |            0.8742
 34522 |    252 | 2020-03-08 13:22:59   |       13.1316 |       18.2098 |       12.1981 |            4.4364 |            1.9334 |            4.9155 |            0.9128
 34522 |    253 | 2020-03-08 13:23:11   |       13.1291 |       18.2082 |       12.2245 |            4.4436 |            1.9388 |             4.926 |            0.9161
 34522 |    254 | 2020-03-08 13:23:21   |       13.1258 |       18.2082 |       10.6996 |            3.8907 |            1.6909 |            4.3242 |            0.7938
 34522 |    255 | 2020-03-08 13:23:30.5 |       13.1322 |       18.2075 |       11.2444 |            4.0924 |            1.7787 |            4.5363 |             0.837
 34522 |    256 | 2020-03-08 13:23:40   |       13.1262 |       18.2117 |       11.5115 |            4.1867 |             1.822 |            4.6427 |            0.8601
 34522 |    257 | 2020-03-08 13:23:48.5 |       13.1313 |       18.2062 |       11.9483 |            4.3441 |             1.894 |            4.8155 |            0.8947
 34522 |    258 | 2020-03-08 13:23:57.5 |       13.1339 |       18.2099 |       12.2621 |            4.4585 |             1.945 |            4.9394 |            0.9191
 34522 |    259 | 2020-03-08 13:24:06.5 |       13.1246 |       18.2083 |       11.9797 |            4.3549 |            1.8981 |            4.8301 |            0.8966
 34522 |    260 | 2020-03-08 13:24:19   |       13.1129 |       18.2072 |        10.451 |            3.8008 |            1.6487 |             4.228 |            0.7736
 34522 |    261 | 2020-03-08 13:24:32   |       13.0738 |       18.1988 |       11.2376 |            4.0982 |            1.7698 |            4.5358 |            0.8338
 34522 |    262 | 2020-03-08 13:24:42   |       13.1275 |       18.2085 |        11.635 |             4.232 |             1.842 |             4.691 |              0.87
 34522 |    263 | 2020-03-08 13:24:52   |        13.146 |         18.21 |        12.202 |            4.4374 |            1.9376 |             4.913 |             0.914
 34522 |    264 | 2020-03-08 13:25:02.5 |       13.1379 |       18.2094 |       12.2895 |             4.469 |            1.9493 |            4.9511 |            0.9201
 34522 |    265 | 2020-03-08 13:25:16   |       13.1165 |       18.2081 |       11.3141 |            4.1131 |            1.7889 |            4.5698 |            0.8423
 34522 |    266 | 2020-03-08 13:25:29   |       13.1342 |       18.2132 |       11.2936 |            4.1085 |            1.7878 |            4.5562 |            0.8412
 34522 |    267 | 2020-03-08 13:25:39   |       13.1275 |       18.2099 |       11.5046 |            4.1848 |            1.8204 |            4.6405 |            0.8589
 34522 |    268 | 2020-03-08 13:25:49   |       13.1328 |       18.2087 |       12.0389 |            4.3783 |            1.9085 |             4.851 |            0.9011
 34522 |    269 | 2020-03-08 13:25:59   |       13.1339 |       18.2105 |       12.2237 |            4.4447 |            1.9392 |             4.924 |            0.9158
 34522 |    270 | 2020-03-08 13:26:12   |       13.1321 |       18.2086 |       12.3853 |            4.5017 |            1.9656 |            4.9899 |            0.9281
 34522 |    271 | 2020-03-08 13:26:25   |       13.1354 |       18.2116 |       11.2801 |            4.1032 |            1.7865 |            4.5508 |            0.8396
 34522 |    272 | 2020-03-08 13:26:35   |       13.1245 |       18.2074 |       11.2533 |             4.094 |            1.7793 |            4.5407 |            0.8393
 34522 |    273 | 2020-03-08 13:26:45   |       13.1311 |       18.2074 |       11.8702 |            4.3172 |            1.8804 |            4.7843 |            0.8882
 34522 |    274 | 2020-03-08 13:26:55.5 |       13.1251 |       18.2164 |       12.1909 |            4.4439 |            1.9241 |            4.9179 |            0.9049
 34522 |    275 | 2020-03-08 13:27:06   |        13.128 |       18.2077 |        12.081 |             4.392 |             1.915 |              4.87 |             0.904
 34522 |    276 | 2020-03-08 13:27:18.5 |       13.1104 |        18.208 |       10.4389 |            3.7964 |            1.6457 |            4.2244 |            0.7725
 34522 |    277 | 2020-03-08 13:27:31.5 |       13.1244 |       18.2098 |       11.0795 |            4.0371 |            1.7464 |            4.4742 |            0.8218
 34522 |    278 | 2020-03-08 13:27:42   |         13.13 |       18.2085 |        11.725 |             4.265 |             1.857 |             4.727 |             0.876
 34522 |    279 | 2020-03-08 13:27:52   |       13.1428 |       18.2137 |       12.2467 |            4.4538 |            1.9443 |            4.9308 |            0.9178
 34522 |    280 | 2020-03-08 13:28:04   |       13.1387 |       18.2119 |         12.17 |            4.4233 |            1.9318 |            4.9035 |            0.9114
 34522 |    281 | 2020-03-08 13:28:16.5 |       13.1144 |       18.2079 |       11.1302 |            4.0468 |            1.7586 |             4.497 |            0.8277
 34522 |    282 | 2020-03-08 13:28:28   |       13.1235 |       18.2113 |       11.0279 |            4.0193 |            1.7365 |            4.4554 |            0.8167
 34522 |    283 | 2020-03-08 13:28:38.5 |       13.1307 |       18.2063 |       11.5429 |            4.1979 |            1.8271 |            4.6555 |            0.8624
 34522 |    284 | 2020-03-08 13:28:48.5 |       13.1316 |       18.2089 |       12.0877 |            4.3966 |            1.9161 |            4.8706 |            0.9044
 34522 |    285 | 2020-03-08 13:28:59   |       13.0738 |        18.198 |       11.8846 |            4.3337 |              1.87 |             4.798 |            0.8829
 34522 |    286 | 2020-03-08 13:29:08.5 |       13.1266 |       18.2072 |       12.1227 |            4.4072 |             1.922 |            4.8859 |            0.9075
 34522 |    287 | 2020-03-08 13:29:22   |       13.1335 |       18.2112 |        11.048 |             4.019 |             1.749 |              4.46 |              0.82
 34522 |    288 | 2020-03-08 13:29:39.5 |       13.1294 |       18.2079 |       11.6197 |            4.2265 |            1.8395 |            4.6859 |            0.8678
 34522 |    289 | 2020-03-08 13:29:53.5 |       13.1275 |        18.217 |       12.1751 |            4.4412 |            1.9196 |            4.9097 |            0.9046
 34522 |    290 | 2020-03-08 13:30:02   |       13.1325 |       18.2103 |        12.107 |             4.402 |              1.92 |             4.879 |             0.906
 34522 |    291 | 2020-03-08 13:30:10.5 |       13.1364 |       18.2117 |       12.2122 |            4.4417 |            1.9381 |            4.9198 |            0.9126
 34522 |    292 | 2020-03-08 13:30:22.5 |        13.129 |       18.2121 |       11.0752 |            4.0416 |            1.7428 |            4.4753 |            0.8156
 34522 |    293 | 2020-03-08 13:30:35   |       13.1269 |       18.2085 |       11.3413 |             4.126 |            1.7942 |            4.5752 |            0.8459
 34522 |    294 | 2020-03-08 13:30:45   |       13.1335 |       18.2092 |        11.964 |            4.3523 |            1.8958 |             4.821 |            0.8949
 34522 |    295 | 2020-03-08 13:30:55   |       13.1302 |       18.2114 |       11.9838 |            4.3593 |            1.8999 |            4.8287 |            0.8959
 34522 |    296 | 2020-03-08 13:31:05.5 |       13.1289 |       18.2083 |       12.1187 |            4.4058 |            1.9213 |            4.8843 |            0.9072
 34522 |    297 | 2020-03-08 13:31:19.5 |       13.1157 |       18.1871 |       10.4285 |            3.7947 |            1.6441 |             4.218 |            0.7716
 34522 |    298 | 2020-03-08 13:31:33   |       13.1276 |       18.2064 |       11.2749 |            4.1008 |            1.7844 |            4.5489 |            0.8407
 34522 |    299 | 2020-03-08 13:31:43   |       13.1323 |        18.208 |       11.8754 |            4.3189 |            1.8829 |            4.7843 |            0.8894
 34522 |    300 | 2020-03-08 13:31:53   |       13.1331 |        18.212 |        12.053 |            4.3862 |            1.9099 |            4.8564 |            0.9004
 34522 |    301 | 2020-03-08 13:32:03.5 |       13.1285 |       18.2069 |       12.0534 |            4.3798 |             1.913 |            4.8575 |            0.9031
 34522 |    302 | 2020-03-08 13:32:16.5 |       13.1141 |       18.2069 |       11.2268 |            4.0823 |            1.7747 |            4.5349 |            0.8349
 34522 |    303 | 2020-03-08 13:32:29   |       13.1237 |       18.2037 |       10.9602 |             3.989 |            1.7303 |            4.4261 |            0.8147
 34522 |    304 | 2020-03-08 13:32:39.5 |       13.1295 |       18.2081 |       11.6311 |            4.2304 |            1.8415 |            4.6896 |            0.8696
 34522 |    305 | 2020-03-08 13:32:50   |       13.1245 |       18.2152 |        12.023 |             4.386 |             1.893 |             4.851 |             0.893
 34522 |    306 | 2020-03-08 13:33:05.5 |       13.1292 |       18.2081 |       12.1621 |            4.4208 |            1.9289 |            4.9013 |             0.911
 34522 |    307 | 2020-03-08 13:33:21.5 |       13.1307 |       18.2102 |       10.7131 |            3.8959 |            1.6945 |            4.3287 |             0.794
 34522 |    308 | 2020-03-08 13:33:32   |       13.1272 |       18.2078 |       11.2312 |            4.0862 |            1.7766 |            4.5318 |            0.8367
 34522 |    309 | 2020-03-08 13:33:41   |       13.1312 |       18.2082 |       11.7716 |            4.2819 |            1.8645 |            4.7448 |            0.8805
 34522 |    310 | 2020-03-08 13:33:50   |        13.133 |       18.2108 |        11.912 |             4.333 |             1.888 |               4.8 |             0.891
 34522 |    311 | 2020-03-08 13:33:59   |        13.125 |       18.2162 |        12.246 |             4.467 |             1.931 |             4.938 |              0.91
 34522 |    312 | 2020-03-08 13:34:08.5 |        13.131 |       18.2084 |       12.2766 |            4.4634 |            1.9472 |            4.9469 |            0.9191
 34522 |    313 | 2020-03-08 13:34:21   |       13.1276 |       18.2093 |       10.6493 |            3.8732 |             1.683 |            4.3039 |            0.7892
 34522 |    314 | 2020-03-08 13:34:33   |        13.128 |       18.2085 |       11.3027 |            4.1118 |            1.7877 |            4.5607 |            0.8425
 34522 |    315 | 2020-03-08 13:34:43   |       13.1377 |       18.2096 |       11.8721 |            4.3171 |            1.8815 |            4.7851 |            0.8884
 34522 |    316 | 2020-03-08 13:34:53   |       13.1045 |        18.202 |       11.7785 |            4.2857 |            1.8627 |            4.7513 |            0.8788
 34522 |    317 | 2020-03-08 13:35:03   |       13.1267 |       18.2083 |       11.9636 |            4.3495 |            1.8959 |            4.8235 |            0.8947
 34522 |    318 | 2020-03-08 13:35:16   |       13.1205 |       18.2083 |       11.7066 |            4.2556 |            1.8544 |            4.7231 |            0.8735
 34522 |    319 | 2020-03-08 13:35:29   |       13.1267 |       18.2095 |       11.0697 |            4.0274 |            1.7504 |            4.4686 |            0.8233
 34522 |    320 | 2020-03-08 13:35:39   |        13.128 |       18.2076 |       11.6076 |            4.2219 |            1.8373 |            4.6813 |            0.8672
 34522 |    321 | 2020-03-08 13:35:49   |       13.1088 |       18.2021 |       12.0564 |            4.3983 |            1.8999 |            4.8632 |            0.8949
 34522 |    322 | 2020-03-08 13:35:59.5 |       13.1258 |       18.2076 |       11.9487 |            4.3445 |            1.8931 |            4.8173 |            0.8938
 34522 |    323 | 2020-03-08 13:36:13.5 |       13.1328 |       18.2068 |       12.4594 |            4.5281 |            1.9783 |            5.0191 |            0.9339
 34522 |    324 | 2020-03-08 13:36:28   |       13.1319 |       18.2066 |        10.956 |            3.9829 |            1.7332 |            4.4245 |            0.8154
 34522 |    325 | 2020-03-08 13:36:42   |        13.134 |       18.2107 |        11.906 |             4.331 |             1.887 |             4.797 |             0.891
 34522 |    326 | 2020-03-08 13:36:54   |        13.126 |        18.208 |        11.808 |             4.294 |              1.87 |             4.761 |             0.883
 34522 |    327 | 2020-03-08 13:37:03.5 |       13.1303 |       18.2071 |       12.1804 |             4.427 |            1.9321 |             4.909 |            0.9123
 34522 |    328 | 2020-03-08 13:37:13   |       13.1361 |       18.2111 |       12.6112 |            4.5842 |            2.0035 |            5.0777 |            0.9458
 34522 |    329 | 2020-03-08 13:37:23   |       13.1014 |       18.2141 |       10.8443 |            3.9529 |            1.7073 |            4.3861 |            0.7981
 34522 |    330 | 2020-03-08 13:37:34   |       13.1305 |       18.2082 |        11.444 |             4.162 |             1.812 |             4.616 |             0.854
 34522 |    331 | 2020-03-08 13:37:44   |       13.1346 |       18.2102 |       11.8704 |            4.3161 |            1.8828 |            4.7828 |            0.8888
 34522 |    332 | 2020-03-08 13:37:54   |       13.1255 |        18.208 |        11.788 |             4.287 |             1.866 |             4.754 |             0.881
 34522 |    333 | 2020-03-08 13:38:07   |       13.1319 |       18.2064 |       12.2665 |            4.4582 |            1.9467 |            4.9428 |            0.9188
 34522 |    334 | 2020-03-08 13:38:20   |       13.1115 |       18.2115 |       10.6023 |            3.8646 |            1.6673 |            4.2897 |            0.7807
 34522 |    335 | 2020-03-08 13:38:30.5 |       13.1278 |       18.2078 |       11.1969 |            4.0731 |            1.7705 |            4.5191 |            0.8341
 34522 |    336 | 2020-03-08 13:38:40.5 |       13.1323 |       18.2147 |       11.8554 |            4.3117 |            1.8794 |            4.7777 |            0.8865
 34522 |    337 | 2020-03-08 13:38:50   |       13.0955 |       18.2148 |         11.95 |             4.354 |             1.889 |             4.819 |             0.888
 34522 |    338 | 2020-03-08 13:39:01   |       13.1285 |       18.2061 |       12.0604 |            4.3848 |            1.9116 |            4.8613 |            0.9028
 34522 |    339 | 2020-03-08 13:39:13   |       13.1365 |        18.211 |       12.6312 |            4.5919 |            2.0071 |            5.0851 |            0.9472
 34522 |    340 | 2020-03-08 13:39:26   |       13.1275 |       18.2077 |        10.898 |             3.964 |             1.723 |             4.401 |              0.81
 34522 |    341 | 2020-03-08 13:39:37   |       13.1353 |       18.2048 |       11.5896 |            4.2144 |            1.8359 |            4.6728 |            0.8664
 34522 |    342 | 2020-03-08 13:39:47   |       13.1367 |       18.2119 |       11.7814 |            4.2853 |            1.8671 |             4.748 |             0.881
 34522 |    343 | 2020-03-08 13:39:57.5 |       13.1282 |       18.2076 |       11.9741 |            4.3543 |            1.8972 |            4.8269 |            0.8957
 34522 |    344 | 2020-03-08 13:40:11.5 |       13.1305 |       18.2058 |       12.2387 |            4.4492 |            1.9406 |            4.9324 |            0.9166
 34522 |    345 | 2020-03-08 13:40:25   |       13.1225 |       18.1989 |       10.6905 |            3.8986 |            1.6818 |            4.3212 |            0.7889
 34522 |    346 | 2020-03-08 13:40:34.5 |       13.1307 |       18.2056 |       11.5008 |            4.1822 |            1.8212 |            4.6389 |            0.8586
 34522 |    347 | 2020-03-08 13:40:44   |       13.1313 |       18.2167 |       11.8687 |            4.3273 |            1.8726 |             4.786 |            0.8828
 34522 |    348 | 2020-03-08 13:40:54   |       13.1275 |       18.2077 |        11.893 |             4.325 |             1.884 |             4.794 |              0.89
 34522 |    349 | 2020-03-08 13:41:03.5 |       13.1313 |       18.2061 |       12.2159 |            4.4403 |            1.9379 |            4.9228 |            0.9148
 34522 |    350 | 2020-03-08 13:41:16.5 |       13.1145 |       18.2108 |       11.3761 |            4.1403 |            1.7951 |            4.5968 |             0.844
 34522 |    351 | 2020-03-08 13:41:30   |        13.128 |       18.2085 |        11.158 |             4.058 |             1.765 |             4.503 |             0.832
 34522 |    352 | 2020-03-08 13:41:40   |        13.134 |       18.2114 |       11.7108 |            4.2603 |            1.8557 |              4.72 |            0.8747
 34522 |    353 | 2020-03-08 13:41:50   |        13.125 |       18.2078 |        11.691 |             4.252 |             1.851 |             4.714 |             0.874
 34522 |    354 | 2020-03-08 13:42:00   |        13.133 |       18.2117 |        12.127 |             4.411 |             1.924 |             4.885 |             0.907
 34522 |    355 | 2020-03-08 13:42:10   |        13.132 |       18.1695 |        12.205 |             4.444 |             1.931 |             4.918 |             0.912
 34522 |    356 | 2020-03-08 13:42:23   |        13.134 |       18.2096 |       10.8627 |            3.9526 |            1.7175 |             4.388 |            0.8046
 34522 |    357 | 2020-03-08 13:42:36   |        13.125 |       18.2075 |        11.315 |             4.116 |             1.789 |             4.566 |             0.844
 34522 |    358 | 2020-03-08 13:42:46   |       13.0365 |       18.1912 |        11.618 |             4.237 |             1.829 |             4.689 |             0.863
 34522 |    359 | 2020-03-08 13:42:56   |        13.133 |       18.2095 |        11.998 |             4.363 |             1.902 |             4.835 |             0.898
 34522 |    360 | 2020-03-08 13:43:09   |       13.1298 |       18.2072 |       12.1693 |            4.4235 |            1.9301 |            4.9042 |            0.9115
 34522 |    361 | 2020-03-08 13:43:22   |       13.1312 |       18.2147 |       10.7534 |            3.9191 |             1.695 |            4.3472 |            0.7921
 34522 |    362 | 2020-03-08 13:43:35   |       13.1244 |        18.208 |       11.2238 |            4.0833 |            1.7742 |            4.5297 |            0.8367
 34522 |    363 | 2020-03-08 13:43:49.5 |       13.1243 |       18.2076 |       11.6735 |            4.2452 |            1.8481 |            4.7077 |            0.8726
 34522 |    364 | 2020-03-08 13:44:00.5 |       13.1287 |       18.2055 |       12.0514 |            4.3812 |            1.9106 |             4.858 |            0.9016
 34522 |    365 | 2020-03-08 13:44:09.5 |       13.1344 |       18.2115 |       12.2366 |            4.4494 |            1.9414 |            4.9297 |            0.9162
 34522 |    366 | 2020-03-08 13:44:18.5 |       13.1107 |       18.2076 |       10.7925 |            3.9236 |            1.7034 |            4.3643 |            0.8012
 34522 |    367 | 2020-03-08 13:44:29   |       13.1308 |       18.2076 |       11.2534 |            4.0926 |            1.7802 |             4.542 |            0.8387
 34522 |    368 | 2020-03-08 13:44:39.5 |       13.1337 |       18.2102 |       11.7477 |            4.2736 |            1.8608 |            4.7345 |            0.8788
 34522 |    369 | 2020-03-08 13:44:49.5 |       13.1245 |       18.2071 |       11.6792 |            4.2484 |            1.8485 |            4.7095 |            0.8729
 34522 |    370 | 2020-03-08 13:45:01   |       13.1357 |       18.2062 |       12.0115 |            4.3653 |            1.9049 |            4.8405 |            0.9007
 34522 |    371 | 2020-03-08 13:45:15   |       13.1335 |       18.2118 |        12.267 |              4.46 |             1.947 |             4.942 |             0.918
 34522 |    372 | 2020-03-08 13:45:28.5 |         13.13 |       18.2061 |       11.1857 |            4.0674 |            1.7702 |            4.5147 |            0.8335
 34522 |    373 | 2020-03-08 13:45:39   |        13.132 |        18.208 |        11.715 |             4.262 |             1.855 |             4.722 |             0.876
 34522 |    374 | 2020-03-08 13:45:49   |         13.13 |       18.2082 |       11.7649 |            4.2787 |            1.8638 |            4.7427 |            0.8797
 34522 |    375 | 2020-03-08 13:45:59.5 |       13.1322 |       18.2073 |       12.2224 |            4.4446 |            1.9382 |            4.9244 |            0.9152
 34522 |    376 | 2020-03-08 13:46:09   |       13.1342 |       18.2116 |       12.3671 |            4.4979 |            1.9623 |            4.9806 |            0.9263
 34522 |    377 | 2020-03-08 13:46:22   |       13.1315 |       18.2068 |        10.688 |             3.886 |              1.69 |              4.32 |             0.792
 34522 |    378 | 2020-03-08 13:46:35.5 |       13.1328 |       18.2148 |       11.6976 |            4.2605 |            1.8491 |            4.7169 |            0.8711
 34522 |    379 | 2020-03-08 13:46:46   |        13.127 |       18.2077 |        11.662 |             4.242 |             1.846 |             4.703 |             0.871
 34522 |    380 | 2020-03-08 13:46:55.5 |       13.1274 |       18.2047 |        12.003 |            4.3635 |            1.9028 |            4.8379 |            0.8988
 34522 |    381 | 2020-03-08 13:47:09.5 |       13.1121 |       18.1864 |       11.9581 |             4.348 |            1.8934 |            4.8229 |            0.8939
 34522 |    382 | 2020-03-08 13:47:24   |       13.1326 |       18.2066 |       10.8544 |            3.9477 |            1.7168 |            4.3844 |            0.8055
 34522 |    383 | 2020-03-08 13:47:35   |       13.1002 |       18.2203 |       11.6183 |            4.2407 |            1.8297 |            4.6874 |            0.8605
 34522 |    384 | 2020-03-08 13:47:44   |       13.1245 |       18.2078 |       11.5715 |            4.2091 |             1.831 |            4.6671 |            0.8643
 34522 |    385 | 2020-03-08 13:47:53   |         13.13 |       18.2062 |       11.9771 |            4.3549 |            1.8981 |            4.8281 |            0.8961
 34522 |    386 | 2020-03-08 13:48:06   |       13.1335 |        18.211 |        12.166 |             4.423 |              1.93 |             4.902 |             0.911
 34522 |    387 | 2020-03-08 13:48:18.5 |       13.1095 |       18.2073 |       10.8256 |            3.9374 |            1.7083 |             4.377 |            0.8028
 34522 |    388 | 2020-03-08 13:48:28   |         13.14 |       18.2099 |       11.2882 |             4.105 |            1.7881 |            4.5535 |            0.8416
 34522 |    389 | 2020-03-08 13:48:38.5 |       13.1274 |       18.1913 |        11.531 |            4.2026 |            1.8229 |            4.6462 |            0.8594
 34522 |    390 | 2020-03-08 13:48:49   |       13.1296 |       18.2063 |       11.8659 |            4.3162 |              1.88 |            4.7828 |             0.887
 34522 |    391 | 2020-03-08 13:48:59   |       13.1325 |       18.2082 |        12.171 |             4.425 |              1.93 |             4.904 |             0.912
 34522 |    392 | 2020-03-08 13:49:09   |        13.092 |       18.2046 |       11.9424 |            4.3446 |            1.8888 |            4.8167 |            0.8923
 34522 |    393 | 2020-03-08 13:49:22   |       13.1335 |       18.2095 |        10.777 |             3.919 |             1.705 |             4.354 |             0.799
 34522 |    394 | 2020-03-08 13:49:35   |       13.1341 |       18.2116 |       11.4352 |            4.1614 |            1.8103 |             4.611 |            0.8524
 34522 |    395 | 2020-03-08 13:49:46   |        13.129 |        18.208 |        11.763 |             4.279 |             1.863 |             4.742 |             0.879
 34522 |    396 | 2020-03-08 13:49:56   |       13.1318 |       18.2089 |       12.0998 |            4.4006 |            1.9182 |            4.8752 |            0.9058
 34522 |    397 | 2020-03-08 13:50:05.5 |       13.1369 |       18.2105 |       12.4357 |            4.5236 |            1.9732 |            5.0092 |            0.9296
 34522 |    398 | 2020-03-08 13:50:18.5 |       13.1093 |       18.2075 |       10.8675 |            3.9514 |            1.7155 |            4.3937 |            0.8068
 34522 |    399 | 2020-03-08 13:50:36.5 |       13.1317 |       18.2119 |       11.6387 |            4.2368 |             1.842 |            4.6931 |            0.8668
 34522 |    400 | 2020-03-08 13:50:50.5 |       13.1314 |       18.2055 |       11.9571 |            4.3485 |            1.8948 |             4.819 |            0.8948
 34522 |    401 | 2020-03-08 13:50:59.5 |       13.1402 |       18.2121 |       12.2581 |            4.4595 |            1.9443 |            4.9376 |            0.9167
 34522 |    402 | 2020-03-08 13:51:08.5 |       13.1245 |       18.2074 |       12.0053 |            4.3635 |             1.903 |            4.8404 |            0.8984
 34522 |    403 | 2020-03-08 13:51:18   |       13.1077 |       18.2066 |       11.2252 |            4.0818 |            1.7731 |            4.5354 |             0.835
 34522 |    404 | 2020-03-08 13:51:28.5 |       13.1288 |       18.2112 |       11.3497 |            4.1388 |            1.7888 |            4.5811 |            0.8409
 34522 |    405 | 2020-03-08 13:51:39   |       13.1252 |       18.2066 |       11.3761 |            4.1384 |            1.7997 |            4.5889 |            0.8491
 34522 |    406 | 2020-03-08 13:51:49.5 |       13.1308 |       18.2051 |       11.9299 |            4.3376 |            1.8907 |            4.8081 |            0.8934
 34522 |    407 | 2020-03-08 13:52:00   |       13.1344 |       18.2121 |       12.2181 |             4.444 |            1.9381 |            4.9217 |            0.9143
 34522 |    408 | 2020-03-08 13:52:10   |        13.128 |       18.2077 |        12.134 |             4.411 |             1.924 |             4.891 |             0.908
 34522 |    409 | 2020-03-08 13:52:23   |        13.137 |       18.2117 |       10.9063 |            3.9672 |            1.7266 |            4.4036 |            0.8089
 34522 |    410 | 2020-03-08 13:52:36   |       13.1244 |       18.1981 |       11.2468 |            4.0933 |             1.778 |            4.5373 |            0.8382
 34522 |    411 | 2020-03-08 13:52:46   |        13.131 |       18.2055 |        11.855 |             4.311 |             1.878 |             4.779 |             0.887
 34522 |    412 | 2020-03-08 13:52:57   |       13.1332 |       18.2101 |       12.0599 |            4.3856 |            1.9116 |            4.8599 |            0.9029
 34522 |    413 | 2020-03-08 13:53:09.5 |       13.1285 |       18.2079 |       12.1327 |            4.4098 |             1.924 |            4.8907 |            0.9082
 34522 |    414 | 2020-03-08 13:53:22.5 |       13.0708 |       18.1973 |       10.6344 |              3.88 |            1.6689 |            4.3043 |            0.7813
 34522 |    415 | 2020-03-08 13:53:33.5 |        13.127 |       18.2081 |       11.1722 |            4.0647 |            1.7658 |            4.5101 |            0.8315
 34522 |    416 | 2020-03-08 13:53:44.5 |        13.131 |       18.2074 |       11.8115 |            4.2966 |            1.8709 |            4.7604 |            0.8836
 34522 |    417 | 2020-03-08 13:53:55   |        13.134 |         18.21 |        12.179 |              4.43 |             1.931 |             4.906 |             0.912
 34522 |    418 | 2020-03-08 13:54:10.5 |       13.1301 |       18.2084 |       12.2113 |            4.4393 |            1.9366 |            4.9208 |            0.9146
 34522 |    419 | 2020-03-08 13:54:25   |       13.1382 |       18.1915 |       10.8372 |            3.9405 |            1.7162 |            4.3756 |            0.8049
 34522 |    420 | 2020-03-08 13:54:33.5 |       13.1227 |       18.2073 |       11.1655 |             4.064 |            1.7639 |            4.5073 |            0.8303
 34522 |    421 | 2020-03-08 13:54:42.5 |       13.1303 |       18.2073 |       11.7032 |            4.2574 |            1.8534 |            4.7173 |             0.875
 34522 |    422 | 2020-03-08 13:54:52   |       13.1334 |       18.2105 |       12.1905 |            4.4346 |            1.9327 |            4.9095 |            0.9137
 34522 |    423 | 2020-03-08 13:55:02.5 |       13.1176 |       18.1977 |       12.1909 |            4.4476 |            1.9194 |            4.9185 |            0.9053
 34522 |    424 | 2020-03-08 13:55:15   |       13.1268 |       18.2098 |       12.1509 |            4.4166 |            1.9273 |            4.8971 |            0.9099
 34522 |    425 | 2020-03-08 13:55:27.5 |       13.1041 |       18.2177 |        11.013 |            4.0107 |            1.7372 |            4.4488 |            0.8164
 34522 |    426 | 2020-03-08 13:55:38.5 |       13.1273 |       18.2077 |       11.3363 |            4.1242 |            1.7939 |            4.5731 |             0.845
 34522 |    427 | 2020-03-08 13:55:49   |       13.1332 |        18.209 |       12.0404 |            4.3801 |            1.9083 |            4.8511 |            0.9009
 34522 |    428 | 2020-03-08 13:55:59   |       13.1255 |        18.218 |       12.0472 |            4.3977 |            1.8963 |             4.861 |            0.8921
 34522 |    429 | 2020-03-08 13:56:09   |       13.1304 |       18.2078 |        12.077 |            4.3888 |             1.916 |            4.8668 |            0.9054
 34522 |    430 | 2020-03-08 13:56:22   |       13.1095 |        18.203 |        10.516 |              3.84 |              1.65 |             4.256 |              0.77
 34522 |    431 | 2020-03-08 13:56:35   |       13.1255 |       18.2078 |         11.18 |             4.068 |             1.768 |             4.512 |             0.832
 34522 |    432 | 2020-03-08 13:56:45   |       13.1309 |       18.2064 |       11.8576 |             4.313 |            1.8783 |            4.7794 |            0.8869
 34522 |    433 | 2020-03-08 13:56:55   |       13.0935 |       18.1935 |        12.131 |             4.426 |             1.912 |             4.892 |             0.901
 34522 |    434 | 2020-03-08 13:57:01.5 |       13.1275 |       18.2095 |       11.7812 |            4.2821 |             1.867 |            4.7508 |            0.8813
(435 rows)

