  run  | subrun |         time          | step1_voltage | step2_voltage | total_current | pos_2step_current | pos_1step_current | neg_2step_current | neg_1step_current 
-------+--------+-----------------------+---------------+---------------+---------------+-------------------+-------------------+-------------------+-------------------
 34527 |      0 | 2020-03-08 18:16:48   |        13.131 |       18.2095 |       11.1209 |            4.0459 |            1.7587 |            4.4884 |            0.8278
 34527 |      1 | 2020-03-08 18:16:58.5 |       13.1309 |       18.2064 |       11.6801 |            4.2484 |            1.8501 |            4.7086 |             0.873
 34527 |      2 | 2020-03-08 18:17:08.5 |        13.135 |       18.1978 |       12.0726 |            4.3941 |            1.9126 |            4.8628 |            0.9031
 34527 |      3 | 2020-03-08 18:17:18   |        13.128 |       18.2062 |       12.0002 |            4.3633 |            1.9018 |            4.8368 |            0.8984
 34527 |      4 | 2020-03-08 18:17:27.5 |       13.1282 |        18.205 |       12.1607 |            4.4198 |            1.9283 |            4.9017 |            0.9109
 34527 |      5 | 2020-03-08 18:17:40   |       13.1205 |       18.1877 |       10.3694 |            3.7722 |            1.6364 |             4.193 |            0.7678
 34527 |      6 | 2020-03-08 18:17:53   |        13.132 |        18.195 |        11.392 |             4.151 |             1.796 |             4.598 |             0.847
 34527 |      7 | 2020-03-08 18:18:05.5 |       13.1322 |       18.2098 |        11.979 |            4.3577 |            1.8985 |            4.8265 |            0.8964
 34527 |      8 | 2020-03-08 18:18:17.5 |       13.1248 |       18.2072 |       11.8755 |             4.318 |            1.8805 |            4.7884 |            0.8886
 34527 |      9 | 2020-03-08 18:18:26.5 |       13.1306 |       18.2056 |       12.2452 |            4.4505 |            1.9425 |            4.9348 |            0.9174
 34527 |     10 | 2020-03-08 18:18:37.5 |        13.129 |       18.2134 |        10.917 |            3.9698 |            1.7272 |            4.4103 |            0.8098
 34527 |     11 | 2020-03-08 18:18:48.5 |       13.1255 |       18.2026 |        10.996 |            4.0013 |            1.7372 |            4.4392 |            0.8183
 34527 |     12 | 2020-03-08 18:19:01.5 |       13.1485 |       18.2109 |       11.8767 |            4.3192 |            1.8826 |            4.7857 |            0.8891
 34527 |     13 | 2020-03-08 18:19:15   |       13.1255 |       18.2067 |        11.852 |              4.31 |             1.877 |             4.779 |             0.886
 34527 |     14 | 2020-03-08 18:19:24   |       13.1304 |       18.2051 |       12.2042 |            4.4356 |            1.9359 |             4.918 |            0.9147
 34527 |     15 | 2020-03-08 18:19:33   |        13.129 |       18.2084 |       12.3488 |             4.489 |            1.9592 |            4.9748 |            0.9258
 34527 |     16 | 2020-03-08 18:19:43   |       13.1245 |        18.208 |        10.627 |             3.865 |             1.679 |             4.295 |             0.788
 34527 |     17 | 2020-03-08 18:19:53   |       13.1301 |       18.2069 |       11.4115 |            4.1505 |            1.8064 |            4.6034 |            0.8513
 34527 |     18 | 2020-03-08 18:20:03   |       13.1295 |       18.2072 |        11.754 |             4.275 |             1.861 |             4.739 |             0.879
 34527 |     19 | 2020-03-08 18:20:13   |        13.129 |       18.1996 |       11.8719 |            4.3194 |            1.8802 |            4.7845 |            0.8878
 34527 |     20 | 2020-03-08 18:20:22.5 |       13.1286 |        18.207 |       12.0904 |            4.3949 |            1.9166 |            4.8735 |            0.9054
 34527 |     21 | 2020-03-08 18:20:35.5 |       13.1172 |       18.2072 |       11.6353 |            4.2302 |            1.8416 |            4.6953 |            0.8682
 34527 |     22 | 2020-03-08 18:20:48.5 |       13.1254 |       18.2096 |       11.0147 |            4.0073 |            1.7413 |            4.4467 |            0.8195
 34527 |     23 | 2020-03-08 18:20:58.5 |       13.1332 |       18.2098 |       11.7803 |            4.2848 |            1.8665 |            4.7481 |            0.8809
 34527 |     24 | 2020-03-08 18:21:08.5 |       13.0973 |       18.2039 |        11.806 |            4.3014 |            1.8639 |            4.7611 |            0.8795
 34527 |     25 | 2020-03-08 18:21:18   |       13.1323 |       18.2083 |       11.9694 |            4.3504 |            1.8976 |            4.8249 |            0.8965
 34527 |     26 | 2020-03-08 18:21:28   |       13.1282 |       18.2037 |       12.0988 |            4.3985 |            1.9178 |            4.8767 |            0.9059
 34527 |     27 | 2020-03-08 18:21:40.5 |       13.1131 |       18.2066 |       10.2323 |            3.7215 |            1.6129 |            4.1421 |            0.7558
 34527 |     28 | 2020-03-08 18:21:53.5 |       13.1301 |       18.2043 |        11.445 |            4.1622 |            1.8121 |            4.6164 |            0.8544
 34527 |     29 | 2020-03-08 18:22:03.5 |       13.1283 |       18.2073 |       11.7233 |            4.2639 |            1.8558 |            4.7267 |             0.877
 34527 |     30 | 2020-03-08 18:22:13   |       13.1239 |       18.2076 |       11.7467 |            4.2717 |            1.8592 |            4.7372 |            0.8785
 34527 |     31 | 2020-03-08 18:22:27.5 |       13.1337 |       18.2105 |       12.3733 |            4.4995 |             1.963 |            4.9839 |            0.9269
 34527 |     32 | 2020-03-08 18:22:41.5 |       13.1189 |       18.2071 |       10.4172 |            3.7884 |            1.6437 |             4.214 |            0.7711
 34527 |     33 | 2020-03-08 18:22:50.5 |       13.1298 |       18.2054 |       11.2993 |            4.1103 |             1.788 |            4.5589 |            0.8421
 34527 |     34 | 2020-03-08 18:23:03.5 |       13.1314 |       18.2086 |       11.7103 |            4.2621 |            1.8542 |            4.7199 |            0.8741
 34527 |     35 | 2020-03-08 18:23:15.5 |       13.1281 |       18.2069 |       12.0057 |             4.366 |            1.9024 |            4.8393 |            0.8981
 34527 |     36 | 2020-03-08 18:23:24.5 |       13.1052 |       18.2057 |       12.3422 |            4.4929 |            1.9538 |            4.9739 |            0.9216
 34527 |     37 | 2020-03-08 18:23:33   |       13.1385 |       18.2108 |        12.314 |            4.4742 |            1.9552 |            4.9612 |            0.9233
 34527 |     38 | 2020-03-08 18:23:42.5 |       13.1255 |       18.2078 |       10.6601 |            3.8763 |            1.6841 |            4.3089 |            0.7907
 34527 |     39 | 2020-03-08 18:23:53   |       13.1324 |       18.2084 |       11.5244 |            4.1917 |            1.8244 |            4.6477 |            0.8605
 34527 |     40 | 2020-03-08 18:24:03.5 |       13.1327 |       18.2094 |       11.9206 |             4.336 |            1.8894 |            4.8034 |            0.8919
 34527 |     41 | 2020-03-08 18:24:13   |       13.1276 |       18.2075 |       11.9133 |             4.332 |            1.8877 |            4.8026 |            0.8909
 34527 |     42 | 2020-03-08 18:24:23   |       13.1335 |       18.2092 |         12.33 |             4.483 |             1.956 |             4.967 |             0.924
 34527 |     43 | 2020-03-08 18:24:36   |       13.1244 |       18.2086 |        11.677 |            4.2433 |            1.8501 |             4.711 |            0.8726
 34527 |     44 | 2020-03-08 18:24:49   |       13.1287 |       18.2046 |       11.2199 |            4.0804 |            1.7749 |            4.5292 |            0.8353
 34527 |     45 | 2020-03-08 18:24:58.5 |       13.1059 |       18.2141 |       11.8355 |            4.3151 |            1.8664 |             4.776 |             0.878
 34527 |     46 | 2020-03-08 18:25:08   |       13.1335 |       18.2103 |        12.054 |             4.384 |             1.911 |             4.856 |             0.903
 34527 |     47 | 2020-03-08 18:25:18.5 |       13.1293 |       18.2075 |       12.0719 |            4.3895 |            1.9135 |             4.865 |            0.9039
 34527 |     48 | 2020-03-08 18:25:28   |       13.1285 |        18.207 |        12.173 |             4.425 |              1.93 |             4.906 |             0.912
 34527 |     49 | 2020-03-08 18:25:40.5 |       13.1135 |       18.2067 |       10.2821 |            3.7396 |            1.6204 |            4.1621 |              0.76
 34527 |     50 | 2020-03-08 18:25:57.5 |       13.1258 |       18.2065 |       11.4061 |            4.1483 |            1.8042 |            4.6022 |            0.8515
 34527 |     51 | 2020-03-08 18:26:11   |       13.1328 |       18.2102 |       12.0314 |            4.3762 |            1.9073 |            4.8472 |            0.9006
 34527 |     52 | 2020-03-08 18:26:19.5 |       13.1288 |       18.2086 |       12.0006 |            4.3636 |            1.9018 |            4.8375 |            0.8978
 34527 |     53 | 2020-03-08 18:26:28   |       13.1297 |        18.206 |       12.2169 |            4.4403 |            1.9378 |            4.9233 |            0.9155
 34527 |     54 | 2020-03-08 18:26:38   |        13.105 |       18.2069 |       10.7516 |            3.9094 |            1.6957 |            4.3488 |            0.7977
 34527 |     55 | 2020-03-08 18:26:49   |       13.1255 |       18.2077 |        10.996 |                 4 |             1.738 |              4.44 |             0.818
 34527 |     56 | 2020-03-08 18:26:59   |       13.1375 |       18.2115 |        11.644 |             4.237 |             1.845 |             4.694 |             0.868
 34527 |     57 | 2020-03-08 18:27:08.5 |       13.1291 |       18.2058 |       11.9337 |            4.3395 |            1.8905 |            4.8104 |            0.8933
 34527 |     58 | 2020-03-08 18:27:18   |       13.1276 |       18.2095 |       12.0307 |             4.375 |            1.9067 |             4.849 |            0.8999
 34527 |     59 | 2020-03-08 18:27:28   |       13.1112 |       18.2118 |       12.3043 |            4.4785 |            1.9467 |            4.9617 |            0.9174
 34527 |     60 | 2020-03-08 18:27:41   |       13.1245 |       18.2075 |        10.331 |             3.756 |             1.631 |              4.18 |             0.764
 34527 |     61 | 2020-03-08 18:27:54   |       13.1292 |       18.2108 |       11.3149 |            4.1192 |            1.7887 |            4.5644 |            0.8426
 34527 |     62 | 2020-03-08 18:28:06.5 |       13.1288 |        18.205 |       11.7845 |            4.2869 |            1.8658 |            4.7505 |            0.8813
 34527 |     63 | 2020-03-08 18:28:19   |       13.1335 |       18.2105 |        12.279 |             4.465 |             1.948 |             4.946 |              0.92
 34527 |     64 | 2020-03-08 18:28:28   |       13.1263 |       18.2167 |       12.1024 |            4.4131 |            1.9079 |            4.8825 |            0.8989
 34527 |     65 | 2020-03-08 18:28:38   |       13.1105 |       18.2066 |        10.799 |            3.9276 |            1.7039 |            4.3659 |            0.8016
 34527 |     66 | 2020-03-08 18:28:49   |       13.1082 |       18.2125 |       11.3664 |            4.1393 |            1.7954 |             4.588 |            0.8437
 34527 |     67 | 2020-03-08 18:28:58.5 |       13.1267 |        18.207 |       11.3918 |            4.1437 |            1.8021 |            4.5955 |            0.8504
 34527 |     68 | 2020-03-08 18:29:08   |       13.1294 |       18.2065 |       11.8543 |            4.3105 |            1.8782 |            4.7783 |            0.8873
 34527 |     69 | 2020-03-08 18:29:20   |        13.134 |       18.2108 |       12.2563 |            4.4571 |            1.9446 |            4.9368 |            0.9178
 34527 |     70 | 2020-03-08 18:29:34   |       13.1313 |       18.2079 |       12.3823 |            4.4999 |            1.9652 |             4.989 |            0.9282
 34527 |     71 | 2020-03-08 18:29:45.5 |       13.1328 |        18.205 |       11.0848 |            4.0308 |            1.7537 |            4.4752 |            0.8251
 34527 |     72 | 2020-03-08 18:29:54.5 |       13.1366 |       18.2113 |       11.5132 |            4.1904 |             1.824 |            4.6409 |            0.8578
 34527 |     73 | 2020-03-08 18:30:03.5 |       13.1417 |       18.2107 |        11.978 |            4.3568 |            1.8998 |            4.8245 |            0.8968
 34527 |     74 | 2020-03-08 18:30:13   |       13.1357 |       18.2061 |       11.9332 |            4.3382 |            1.8921 |            4.8094 |            0.8934
 34527 |     75 | 2020-03-08 18:30:23   |       13.0995 |       18.1982 |         12.08 |             4.408 |             1.903 |             4.873 |             0.896
 34527 |     76 | 2020-03-08 18:30:36   |       13.1228 |       18.2072 |       11.8196 |            4.2966 |            1.8722 |            4.7673 |            0.8836
 34527 |     77 | 2020-03-08 18:30:49   |       13.1358 |       18.2088 |       11.2996 |            4.1121 |            1.7879 |            4.5594 |            0.8401
 34527 |     78 | 2020-03-08 18:30:59   |       13.1245 |        18.207 |        11.388 |             4.143 |             1.801 |             4.595 |             0.849
 34527 |     79 | 2020-03-08 18:31:08.5 |       13.1266 |       18.2071 |       11.7589 |            4.2774 |            1.8617 |            4.7406 |            0.8792
 34527 |     80 | 2020-03-08 18:31:18   |       13.1343 |       18.2092 |       12.0983 |            4.3981 |            1.9206 |            4.8734 |            0.9063
 34527 |     81 | 2020-03-08 18:31:28   |       13.1271 |       18.2059 |       12.0113 |            4.3649 |            1.9056 |            4.8408 |               0.9
 34527 |     82 | 2020-03-08 18:31:41   |       13.1182 |       18.2056 |        10.522 |            3.8267 |            1.6609 |            4.2551 |            0.7793
 34527 |     83 | 2020-03-08 18:31:54   |       13.1261 |       18.1973 |       11.2043 |            4.0784 |            1.7701 |            4.5219 |            0.8339
 34527 |     84 | 2020-03-08 18:32:04   |       13.1287 |       18.2076 |         11.74 |            4.2701 |            1.8591 |            4.7328 |            0.8781
 34527 |     85 | 2020-03-08 18:32:14   |       13.1332 |       18.2094 |       12.1803 |            4.4299 |            1.9311 |            4.9064 |            0.9128
 34527 |     86 | 2020-03-08 18:32:23.5 |       13.1236 |        18.207 |       11.8997 |             4.326 |            1.8849 |            4.7984 |            0.8904
 34527 |     87 | 2020-03-08 18:32:36.5 |       13.1207 |       18.2057 |       11.6696 |            4.2411 |            1.8473 |            4.7099 |            0.8712
 34527 |     88 | 2020-03-08 18:32:52   |        13.134 |       18.2109 |        11.286 |            4.1079 |            1.7863 |            4.5527 |            0.8392
 34527 |     89 | 2020-03-08 18:33:08.5 |       13.1302 |       18.2063 |       11.9604 |            4.3489 |            1.8952 |            4.8204 |            0.8959
 34527 |     90 | 2020-03-08 18:33:23   |       13.1245 |        18.207 |        11.915 |             4.332 |             1.888 |             4.804 |             0.891
 34527 |     91 | 2020-03-08 18:33:32   |       13.1308 |       18.2068 |       12.3187 |            4.4773 |            1.9543 |            4.9633 |            0.9237
 34527 |     92 | 2020-03-08 18:33:40.5 |       13.1128 |        18.208 |       10.5128 |            3.8235 |            1.6586 |            4.2522 |            0.7785
 34527 |     93 | 2020-03-08 18:33:49   |       13.0832 |       18.1998 |       11.1695 |            4.0727 |             1.758 |            4.5115 |            0.8273
 34527 |     94 | 2020-03-08 18:33:58   |       13.1325 |       18.2084 |       11.4736 |             4.173 |            1.8163 |            4.6276 |            0.8567
 34527 |     95 | 2020-03-08 18:34:07   |       13.1315 |        18.207 |        11.927 |             4.337 |              1.89 |             4.807 |             0.893
 34527 |     96 | 2020-03-08 18:34:16   |        13.097 |       18.1898 |       12.0203 |            4.3791 |            1.8983 |            4.8471 |            0.8957
 34527 |     97 | 2020-03-08 18:34:25   |        13.123 |       18.2067 |       11.9574 |            4.3477 |            1.8939 |            4.8215 |            0.8943
 34527 |     98 | 2020-03-08 18:34:36.5 |       13.1217 |       18.2069 |       11.7181 |            4.2594 |            1.8554 |            4.7282 |            0.8751
 34527 |     99 | 2020-03-08 18:34:49.5 |       13.1257 |       18.1984 |       11.0727 |            4.0316 |            1.7478 |              4.47 |            0.8232
 34527 |    100 | 2020-03-08 18:34:59   |        13.128 |       18.2075 |        11.531 |             4.195 |             1.825 |              4.65 |             0.861
 34527 |    101 | 2020-03-08 18:35:09   |       13.1295 |       18.2073 |       11.9333 |            4.3397 |            1.8907 |            4.8101 |            0.8928
 34527 |    102 | 2020-03-08 18:35:19   |        13.133 |         18.21 |        12.072 |              4.39 |             1.914 |             4.864 |             0.904
 34527 |    103 | 2020-03-08 18:35:29   |       13.1266 |       18.2054 |       12.0571 |            4.3828 |            1.9111 |            4.8609 |            0.9024
 34527 |    104 | 2020-03-08 18:35:42   |       13.1342 |       18.2098 |       10.8051 |            3.9281 |             1.709 |            4.3651 |             0.803
 34527 |    105 | 2020-03-08 18:35:54.5 |       13.1284 |        18.208 |       11.2714 |            4.1009 |            1.7818 |            4.5487 |            0.8401
 34527 |    106 | 2020-03-08 18:36:05   |       13.1366 |       18.2056 |       11.7613 |            4.2763 |            1.8631 |            4.7416 |            0.8803
 34527 |    107 | 2020-03-08 18:36:17.5 |       13.1335 |       18.2075 |       11.8786 |            4.3192 |             1.882 |            4.7886 |            0.8889
 34527 |    108 | 2020-03-08 18:36:33   |       13.1328 |       18.2079 |       12.4807 |            4.5366 |            1.9808 |            5.0272 |            0.9361
 34527 |    109 | 2020-03-08 18:36:48.5 |       13.1328 |       18.2094 |       11.0127 |            4.0042 |            1.7425 |            4.4453 |            0.8206
 34527 |    110 | 2020-03-08 18:37:01   |       13.1283 |        18.207 |       11.6979 |            4.2545 |            1.8517 |            4.7168 |            0.8749
 34527 |    111 | 2020-03-08 18:37:13.5 |       13.1073 |       18.2041 |       12.0597 |            4.3935 |            1.9071 |            4.8605 |            0.8986
 34527 |    112 | 2020-03-08 18:37:26   |       13.1284 |       18.2075 |       12.1135 |            4.4035 |            1.9205 |            4.8825 |             0.907
 34527 |    113 | 2020-03-08 18:37:41   |         13.12 |       18.2086 |       10.6943 |            3.8886 |            1.6887 |             4.324 |             0.793
 34527 |    114 | 2020-03-08 18:37:57   |       13.1289 |       18.2071 |       11.4778 |            4.1746 |            1.8164 |            4.6302 |            0.8566
 34527 |    115 | 2020-03-08 18:38:10   |        13.093 |       18.2125 |       12.1034 |            4.4094 |             1.911 |            4.8822 |            0.9008
 34527 |    116 | 2020-03-08 18:38:22.5 |        13.127 |       18.2073 |       11.9869 |            4.3574 |            1.9003 |            4.8318 |            0.8974
 34527 |    117 | 2020-03-08 18:38:38   |       13.1111 |       18.2075 |       11.0595 |            4.0213 |            1.7462 |            4.4702 |            0.8218
 34527 |    118 | 2020-03-08 18:38:53   |       13.1303 |       18.2064 |        11.246 |            4.0899 |            1.7793 |            4.5378 |             0.839
 34527 |    119 | 2020-03-08 18:39:05.5 |        13.133 |       18.2089 |       11.9815 |             4.358 |            1.8984 |            4.8282 |            0.8969
 34527 |    120 | 2020-03-08 18:39:18   |       13.1256 |       18.2067 |       11.8858 |            4.3225 |            1.8819 |            4.7922 |            0.8892
 34527 |    121 | 2020-03-08 18:39:32.5 |        13.135 |       18.2086 |       12.5178 |            4.5506 |            1.9872 |             5.041 |            0.9391
 34527 |    122 | 2020-03-08 18:39:48.5 |       13.1247 |       18.2059 |       10.9204 |            3.9707 |            1.7269 |            4.4096 |            0.8132
 34527 |    123 | 2020-03-08 18:40:02.5 |       13.1252 |       18.2066 |       11.5481 |            4.2012 |            1.8266 |            4.6581 |            0.8622
 34527 |    124 | 2020-03-08 18:40:14.5 |       13.1317 |       18.2122 |       12.0245 |            4.3756 |            1.9044 |            4.8458 |            0.8986
 34527 |    125 | 2020-03-08 18:40:26.5 |       13.1279 |       18.2066 |       12.1406 |            4.4131 |            1.9249 |            4.8928 |            0.9099
 34527 |    126 | 2020-03-08 18:40:42   |       13.1188 |       18.2111 |       10.6745 |            3.8868 |             1.683 |            4.3169 |            0.7878
 34527 |    127 | 2020-03-08 18:40:57.5 |       13.1275 |       18.2078 |       11.6206 |             4.228 |            1.8391 |            4.6851 |            0.8684
 34527 |    128 | 2020-03-08 18:41:10   |        13.104 |       18.2089 |       11.9176 |            4.3379 |            1.8857 |            4.8037 |            0.8903
 34527 |    129 | 2020-03-08 18:41:22.5 |       13.1302 |       18.2044 |       12.1549 |            4.4182 |            1.9281 |             4.898 |            0.9106
 34527 |    130 | 2020-03-08 18:41:38   |       13.1118 |       18.2073 |       11.1216 |            4.0431 |            1.7568 |            4.4939 |            0.8278
 34527 |    131 | 2020-03-08 18:41:53   |       13.1327 |       18.2056 |       11.3468 |            4.1248 |            1.7973 |            4.5777 |            0.8471
 34527 |    132 | 2020-03-08 18:42:05.5 |       13.1331 |       18.2075 |       11.8282 |            4.3003 |            1.8753 |            4.7671 |            0.8856
 34527 |    133 | 2020-03-08 18:42:18   |       13.1274 |       18.2063 |       11.9531 |            4.3457 |            1.8944 |            4.8178 |            0.8951
 34527 |    134 | 2020-03-08 18:42:33   |       13.1325 |       18.2078 |       12.5034 |            4.5526 |            1.9785 |            5.0396 |            0.9327
 34527 |    135 | 2020-03-08 18:42:48.5 |       13.1249 |       18.2075 |        10.973 |            3.9914 |            1.7343 |             4.431 |            0.8163
 34527 |    136 | 2020-03-08 18:43:02.5 |       13.1396 |       18.2102 |       11.9434 |            4.3463 |            1.8932 |            4.8121 |            0.8918
 34527 |    137 | 2020-03-08 18:43:15.5 |       13.1268 |       18.2071 |       11.8935 |            4.3251 |            1.8835 |            4.7946 |            0.8904
 34527 |    138 | 2020-03-08 18:43:30   |       13.1385 |        18.209 |       12.3775 |            4.4989 |            1.9651 |            4.9849 |            0.9285
 34527 |    139 | 2020-03-08 18:43:45   |       13.1273 |       18.2072 |       10.6943 |            3.8892 |            1.6895 |            4.3219 |            0.7938
 34527 |    140 | 2020-03-08 18:43:57.5 |       13.1299 |       18.2084 |       11.6668 |            4.2436 |             1.847 |             4.704 |            0.8721
 34527 |    141 | 2020-03-08 18:44:10.5 |       13.1185 |       18.2081 |       11.7403 |            4.2705 |            1.8577 |            4.7347 |            0.8773
 34527 |    142 | 2020-03-08 18:44:23   |       13.1305 |       18.2055 |        12.181 |             4.428 |             1.932 |             4.908 |             0.913
 34527 |    143 | 2020-03-08 18:44:38   |       13.1106 |       18.2117 |        11.172 |            4.0648 |            1.7624 |            4.5155 |            0.8294
 34527 |    144 | 2020-03-08 18:44:53.5 |       13.1312 |       18.2063 |       11.4376 |            4.1594 |            1.8102 |             4.614 |            0.8541
 34527 |    145 | 2020-03-08 18:45:06   |        13.129 |       18.2056 |       11.7702 |            4.2796 |            1.8644 |             4.745 |            0.8811
 34527 |    146 | 2020-03-08 18:45:18.5 |       13.1264 |       18.2071 |       11.8905 |            4.3231 |            1.8834 |            4.7942 |            0.8898
 34527 |    147 | 2020-03-08 18:45:33.5 |         13.13 |       18.1895 |       12.1914 |            4.4316 |            1.9343 |            4.9132 |            0.9124
 34527 |    148 | 2020-03-08 18:45:48.5 |       13.1288 |       18.2063 |         11.11 |            4.0407 |            1.7574 |            4.4844 |            0.8275
 34527 |    149 | 2020-03-08 18:46:00.5 |        13.141 |         18.21 |       11.8937 |            4.3284 |             1.885 |            4.7928 |            0.8875
 34527 |    150 | 2020-03-08 18:46:10.5 |       13.1255 |       18.2076 |       11.7132 |            4.2595 |            1.8542 |            4.7242 |            0.8753
 34527 |    151 | 2020-03-08 18:46:20   |       13.1323 |       18.2064 |       12.1992 |            4.4344 |            1.9348 |            4.9154 |            0.9146
 34527 |    152 | 2020-03-08 18:46:30   |       13.1307 |       18.2072 |       12.2347 |            4.4462 |            1.9413 |            4.9304 |            0.9168
 34527 |    153 | 2020-03-08 18:46:43.5 |       13.1307 |       18.2058 |       10.7935 |            3.9243 |            1.7069 |            4.3605 |            0.8018
 34527 |    154 | 2020-03-08 18:47:01   |       13.1285 |       18.2073 |        11.598 |             4.218 |             1.836 |             4.677 |             0.867
 34527 |    155 | 2020-03-08 18:47:15   |       13.1285 |       18.2065 |        11.953 |             4.346 |             1.894 |             4.818 |             0.895
 34527 |    156 | 2020-03-08 18:47:24   |       13.1295 |       18.2065 |       12.1362 |            4.4116 |            1.9236 |            4.8914 |            0.9096
 34527 |    157 | 2020-03-08 18:47:33   |        13.131 |        18.207 |        12.322 |             4.478 |             1.955 |             4.965 |             0.924
 34527 |    158 | 2020-03-08 18:47:42   |       13.0744 |       18.2109 |       10.4744 |            3.8161 |            1.6474 |            4.2404 |            0.7705
 34527 |    159 | 2020-03-08 18:47:51.5 |       13.1452 |        18.208 |       11.3135 |            4.1132 |            1.7919 |            4.5643 |            0.8441
 34527 |    160 | 2020-03-08 18:48:04.5 |       13.1181 |       18.2116 |       11.4829 |            4.1866 |            1.8065 |            4.6368 |            0.8529
 34527 |    161 | 2020-03-08 18:48:17   |       13.1276 |       18.2062 |        11.972 |            4.3522 |            1.8973 |            4.8258 |            0.8967
 34527 |    162 | 2020-03-08 18:48:26   |       13.0968 |        18.217 |       12.4157 |            4.5225 |            1.9621 |            5.0063 |            0.9248
 34527 |    163 | 2020-03-08 18:48:35   |        13.126 |       18.2067 |         12.08 |             4.391 |             1.915 |              4.87 |             0.904
 34527 |    164 | 2020-03-08 18:48:46.5 |       13.1312 |       18.2058 |       11.0095 |            4.0034 |            1.7419 |             4.446 |            0.8183
 34527 |    165 | 2020-03-08 18:48:58   |       13.1345 |       18.2111 |       11.6144 |            4.2261 |            1.8392 |            4.6819 |            0.8672
 34527 |    166 | 2020-03-08 18:49:08   |       13.1272 |       18.2075 |       11.7391 |              4.27 |            1.8585 |            4.7327 |            0.8779
 34527 |    167 | 2020-03-08 18:49:18   |         13.13 |       18.2075 |       12.0605 |            4.3853 |            1.9116 |            4.8602 |            0.9034
 34527 |    168 | 2020-03-08 18:49:28   |       13.1348 |       18.2116 |       12.1876 |            4.4318 |            1.9338 |            4.9096 |            0.9124
 34527 |    169 | 2020-03-08 18:49:41   |       13.1085 |        18.182 |         10.19 |              3.71 |             1.604 |             4.124 |             0.752
 34527 |    170 | 2020-03-08 18:49:54   |       13.1278 |       18.2068 |       11.2673 |            4.0981 |            1.7818 |            4.5473 |            0.8401
 34527 |    171 | 2020-03-08 18:50:04.5 |       13.1312 |       18.2044 |       11.7272 |            4.2654 |            1.8574 |            4.7272 |            0.8771
 34527 |    172 | 2020-03-08 18:50:15   |       13.0876 |       18.1864 |       11.8926 |            4.3325 |            1.8799 |            4.7927 |            0.8875
 34527 |    173 | 2020-03-08 18:50:29   |       13.1305 |       18.2053 |        12.252 |             4.453 |             1.944 |             4.937 |             0.918
 34527 |    174 | 2020-03-08 18:50:43   |       13.1257 |       18.2141 |       10.5752 |            3.8589 |            1.6622 |            4.2806 |            0.7736
 34527 |    175 | 2020-03-08 18:50:52.5 |       13.1259 |       18.2076 |       11.1193 |            4.0442 |            1.7582 |            4.4883 |            0.8287
 34527 |    176 | 2020-03-08 18:51:02   |       13.1305 |       18.2051 |       11.7502 |             4.274 |            1.8607 |            4.7374 |            0.8781
 34527 |    177 | 2020-03-08 18:51:11   |       13.1276 |       18.2016 |       11.9578 |            4.3539 |            1.8909 |            4.8203 |            0.8927
 34527 |    178 | 2020-03-08 18:51:20   |       13.1268 |       18.2077 |       11.9433 |            4.3407 |            1.8934 |            4.8146 |            0.8946
 34527 |    179 | 2020-03-08 18:51:30   |       13.1317 |       18.2058 |       12.2871 |            4.4662 |            1.9499 |            4.9501 |            0.9208
 34527 |    180 | 2020-03-08 18:51:43.5 |        13.079 |       18.1983 |       10.3236 |            3.7651 |            1.6182 |            4.1817 |            0.7586
 34527 |    181 | 2020-03-08 18:51:56   |       13.1287 |       18.2074 |       11.4579 |             4.168 |            1.8133 |            4.6214 |            0.8551
 34527 |    182 | 2020-03-08 18:52:06   |       13.1345 |       18.2094 |       12.0452 |            4.3824 |            1.9088 |            4.8517 |            0.9023
 34527 |    183 | 2020-03-08 18:52:16   |       13.1294 |       18.2086 |       11.9482 |            4.3427 |            1.8945 |            4.8162 |            0.8948
 34527 |    184 | 2020-03-08 18:52:26   |       13.1295 |       18.2076 |       12.1078 |            4.4012 |            1.9201 |            4.8799 |            0.9065
 34527 |    185 | 2020-03-08 18:52:39   |       13.1085 |       18.2067 |        11.026 |             4.009 |              1.74 |             4.457 |              0.82
 34527 |    186 | 2020-03-08 18:52:52.5 |       13.1305 |       18.2082 |        11.336 |            4.1236 |             1.794 |            4.5734 |             0.845
 34527 |    187 | 2020-03-08 18:53:05.5 |        13.127 |       18.2071 |       11.6712 |            4.2448 |            1.8476 |            4.7061 |            0.8727
 34527 |    188 | 2020-03-08 18:53:18.5 |       13.1323 |         18.21 |       12.2412 |             4.452 |            1.9414 |            4.9309 |            0.9169
 34527 |    189 | 2020-03-08 18:53:28.5 |       13.0801 |       18.2153 |       12.1576 |            4.4289 |            1.9199 |            4.9059 |            0.9029
 34527 |    190 | 2020-03-08 18:53:37.5 |       13.1125 |       18.2066 |       11.5135 |            4.1861 |            1.8204 |            4.6488 |            0.8582
 34527 |    191 | 2020-03-08 18:53:48   |       13.1317 |       18.2081 |       11.2475 |            4.0909 |            1.7795 |            4.5389 |            0.8382
 34527 |    192 | 2020-03-08 18:54:02   |       13.1122 |       18.2083 |       11.4275 |            4.1658 |            1.7987 |             4.614 |            0.8489
 34527 |    193 | 2020-03-08 18:54:15   |       13.1394 |       18.2033 |       11.9865 |            4.3564 |            1.9007 |            4.8311 |            0.8984
 34527 |    194 | 2020-03-08 18:54:24.5 |       13.0755 |       18.1919 |       12.1441 |            4.4274 |            1.9145 |            4.8994 |            0.9028
 34527 |    195 | 2020-03-08 18:54:34   |       13.1296 |       18.2068 |       12.2985 |            4.4703 |            1.9511 |            4.9555 |            0.9216
 34527 |    196 | 2020-03-08 18:54:44.5 |       13.1363 |       18.2101 |       10.9101 |            3.9682 |            1.7266 |            4.4055 |            0.8097
 34527 |    197 | 2020-03-08 18:54:54.5 |       13.1256 |        18.209 |       11.4026 |            4.1591 |            1.7953 |            4.6048 |            0.8434
 34527 |    198 | 2020-03-08 18:55:04.5 |       13.1335 |       18.2092 |       11.9065 |            4.3307 |            1.8865 |            4.7976 |            0.8918
 34527 |    199 | 2020-03-08 18:55:15   |       13.1248 |       18.2075 |       11.7665 |            4.2797 |            1.8629 |            4.7447 |            0.8792
 34527 |    200 | 2020-03-08 18:55:25   |       13.1293 |       18.2072 |       12.1225 |            4.4066 |            1.9221 |            4.8856 |            0.9082
 34527 |    201 | 2020-03-08 18:55:37   |       13.1254 |       18.2072 |       12.1735 |            4.4249 |            1.9296 |            4.9073 |            0.9116
 34527 |    202 | 2020-03-08 18:55:50   |       13.1282 |       18.2068 |       11.1086 |            4.0412 |             1.756 |            4.4849 |            0.8264
 34527 |    203 | 2020-03-08 18:56:01   |       13.1317 |       18.2063 |       11.7349 |            4.2682 |            1.8589 |            4.7308 |            0.8771
 34527 |    204 | 2020-03-08 18:56:11   |       13.1222 |       18.1984 |       11.6903 |            4.2572 |            1.8452 |            4.7168 |            0.8711
 34527 |    205 | 2020-03-08 18:56:21   |         13.13 |       18.2047 |        12.115 |             4.404 |             1.921 |             4.883 |             0.907
 34527 |    206 | 2020-03-08 18:56:31   |       13.1322 |       18.2095 |       12.2626 |            4.4585 |            1.9448 |            4.9408 |            0.9185
 34527 |    207 | 2020-03-08 18:56:44.5 |       13.1312 |       18.2091 |       10.7703 |            3.9168 |            1.7032 |            4.3516 |            0.7987
 34527 |    208 | 2020-03-08 18:56:58   |       13.1325 |       18.2072 |        11.606 |             4.222 |             1.838 |             4.679 |             0.867
 34527 |    209 | 2020-03-08 18:57:08   |       13.1295 |       18.2065 |        11.816 |             4.296 |             1.872 |             4.764 |             0.884
 34527 |    210 | 2020-03-08 18:57:17.5 |       13.1249 |       18.2061 |       11.8402 |            4.3046 |             1.875 |            4.7751 |            0.8855
 34527 |    211 | 2020-03-08 18:57:31.5 |       13.1299 |       18.2072 |       12.2288 |            4.4458 |            1.9391 |            4.9287 |            0.9151
 34527 |    212 | 2020-03-08 18:57:44   |        13.025 |       18.1865 |        10.586 |             3.859 |             1.664 |             4.283 |              0.78
 34527 |    213 | 2020-03-08 18:57:53.5 |       13.1316 |       18.2042 |       11.3431 |            4.1261 |            1.7951 |            4.5763 |            0.8456
 34527 |    214 | 2020-03-08 18:58:07.5 |       13.1309 |       18.2056 |       11.8689 |            4.3168 |            1.8807 |            4.7835 |            0.8879
 34527 |    215 | 2020-03-08 18:58:20.5 |       13.1311 |       18.2065 |       12.1377 |            4.4128 |            1.9247 |            4.8913 |            0.9089
 34527 |    216 | 2020-03-08 18:58:30   |       13.1295 |       18.2162 |        12.351 |             4.505 |             1.948 |              4.98 |             0.918
 34527 |    217 | 2020-03-08 18:58:39   |       13.1219 |       18.2069 |       11.4959 |            4.1787 |            1.8194 |            4.6408 |             0.857
 34527 |    218 | 2020-03-08 18:58:49   |       13.1298 |       18.2076 |        11.048 |            4.0175 |             1.748 |            4.4609 |            0.8217
 34527 |    219 | 2020-03-08 18:59:00   |       13.1417 |       18.2149 |       11.6573 |              4.24 |            1.8475 |            4.6984 |            0.8715
 34527 |    220 | 2020-03-08 18:59:10   |       13.1335 |       18.2112 |         11.88 |             4.322 |             1.883 |             4.787 |             0.888
 34527 |    221 | 2020-03-08 18:59:20   |       13.1309 |       18.2069 |       12.0874 |            4.3946 |            1.9163 |            4.8712 |            0.9053
 34527 |    222 | 2020-03-08 18:59:30   |        13.132 |        18.209 |        12.156 |              4.42 |             1.928 |             4.898 |              0.91
 34527 |    223 | 2020-03-08 18:59:43   |       13.1101 |       18.2069 |       10.2654 |             3.734 |            1.6168 |            4.1563 |            0.7583
 34527 |    224 | 2020-03-08 18:59:56   |       13.1315 |       18.2093 |       11.4922 |            4.1806 |            1.8198 |            4.6346 |            0.8573
 34527 |    225 | 2020-03-08 19:00:06.5 |       13.1319 |       18.2094 |       11.7012 |            4.2563 |            1.8534 |            4.7172 |            0.8742
 34527 |    226 | 2020-03-08 19:00:16.5 |       13.1248 |       18.2075 |        11.793 |            4.2891 |            1.8675 |             4.755 |            0.8814
 34527 |    227 | 2020-03-08 19:00:26   |        13.133 |       18.2092 |        12.303 |             4.473 |             1.952 |             4.956 |             0.922
 34527 |    228 | 2020-03-08 19:00:39   |       13.1203 |       18.2072 |       11.6645 |            4.2395 |            1.8465 |            4.7078 |            0.8707
 34527 |    229 | 2020-03-08 19:00:55.5 |       13.1322 |       18.2109 |       11.4278 |             4.161 |            1.8049 |            4.6119 |            0.8501
 34527 |    230 | 2020-03-08 19:01:09.5 |       13.1272 |       18.2072 |       11.6933 |            4.2529 |            1.8515 |            4.7151 |            0.8738
 34527 |    231 | 2020-03-08 19:01:19.5 |       13.1311 |       18.2053 |       12.1089 |            4.4005 |             1.921 |            4.8796 |            0.9078
 34527 |    232 | 2020-03-08 19:01:28.5 |       13.1373 |       18.2143 |       12.3018 |            4.4757 |            1.9503 |            4.9571 |            0.9187
 34527 |    233 | 2020-03-08 19:01:37   |       13.1181 |       18.2045 |        12.289 |            4.4705 |            1.9455 |            4.9546 |            0.9184
 34527 |    234 | 2020-03-08 19:01:47   |       13.1318 |       18.2063 |        10.962 |            3.9857 |            1.7347 |            4.4272 |            0.8145
 34527 |    235 | 2020-03-08 19:01:58.5 |       13.1344 |       18.2095 |       11.6566 |            4.2409 |            1.8466 |            4.6988 |            0.8703
 34527 |    236 | 2020-03-08 19:02:09   |       13.1232 |       18.2065 |        11.578 |            4.2104 |            1.8318 |            4.6709 |            0.8649
 34527 |    237 | 2020-03-08 19:02:18.5 |       13.1313 |       18.2074 |       12.1353 |            4.4125 |             1.924 |            4.8895 |            0.9093
 34527 |    238 | 2020-03-08 19:02:28   |       13.1252 |       18.2052 |       12.1653 |            4.4366 |             1.919 |            4.9058 |            0.9039
 34527 |    239 | 2020-03-08 19:02:41   |       13.1107 |        18.207 |       10.7193 |            3.8983 |            1.6911 |            4.3353 |            0.7946
 34527 |    240 | 2020-03-08 19:02:54   |        13.134 |       18.2107 |        11.504 |             4.185 |             1.822 |             4.639 |             0.858
 34527 |    241 | 2020-03-08 19:03:06.5 |       13.1244 |       18.2065 |       11.5556 |            4.2033 |            1.8285 |            4.6609 |            0.8629
 34527 |    242 | 2020-03-08 19:03:19   |       13.1378 |       18.2078 |       12.1489 |            4.4164 |            1.9267 |            4.8951 |            0.9107
 34527 |    243 | 2020-03-08 19:03:28.5 |       13.0878 |       18.2045 |         12.11 |             4.419 |             1.905 |            4.8881 |             0.898
 34527 |    244 | 2020-03-08 19:03:39   |       13.1227 |       18.2072 |       11.7736 |            4.2796 |            1.8643 |            4.7507 |            0.8791
 34527 |    245 | 2020-03-08 19:03:50.5 |       13.1319 |       18.2072 |       11.2038 |             4.074 |             1.773 |            4.5218 |             0.835
 34527 |    246 | 2020-03-08 19:04:01   |       13.1089 |       18.2072 |       11.6259 |            4.2443 |            1.8289 |            4.6943 |            0.8585
 34527 |    247 | 2020-03-08 19:04:11   |       13.1277 |       18.2058 |       11.7977 |            4.2908 |            1.8683 |            4.7562 |            0.8824
 34527 |    248 | 2020-03-08 19:04:25   |       13.1335 |       18.2084 |       12.1644 |            4.4236 |            1.9291 |            4.9011 |            0.9107
 34527 |    249 | 2020-03-08 19:04:38   |       13.1285 |       18.2077 |        12.215 |             4.439 |             1.938 |             4.924 |             0.914
 34527 |    250 | 2020-03-08 19:04:47   |       13.1329 |       18.2063 |        11.023 |             4.007 |            1.7443 |            4.4515 |            0.8202
 34527 |    251 | 2020-03-08 19:04:57   |       13.1388 |       18.2122 |       11.4495 |            4.1643 |            1.8141 |             4.617 |            0.8541
 34527 |    252 | 2020-03-08 19:05:07   |       13.1267 |       18.2019 |       11.4794 |            4.1745 |            1.8173 |              4.63 |            0.8576
 34527 |    253 | 2020-03-08 19:05:17   |       13.1287 |       18.2064 |       12.0233 |            4.3721 |             1.905 |            4.8467 |            0.8996
 34527 |    254 | 2020-03-08 19:05:27   |       13.0947 |        18.193 |       12.2534 |            4.4675 |             1.934 |            4.9412 |            0.9107
 34527 |    255 | 2020-03-08 19:05:40   |       13.1175 |       18.2075 |       11.3547 |            4.1273 |            1.7959 |            4.5856 |            0.8459
 34527 |    256 | 2020-03-08 19:05:53.5 |       13.1342 |       18.2104 |       11.4838 |            4.1789 |            1.8186 |            4.6302 |            0.8561
 34527 |    257 | 2020-03-08 19:06:03.5 |       13.1258 |       18.2068 |       11.4571 |            4.1669 |            1.8128 |            4.6213 |            0.8561
 34527 |    258 | 2020-03-08 19:06:13   |       13.1305 |       18.2072 |       11.9665 |            4.3521 |            1.8961 |            4.8227 |            0.8956
 34527 |    259 | 2020-03-08 19:06:23.5 |       13.1307 |       18.2091 |       12.2503 |            4.4598 |            1.9387 |            4.9378 |             0.914
 34527 |    260 | 2020-03-08 19:06:33.5 |       13.1243 |       18.2069 |       11.9641 |            4.3492 |             1.896 |            4.8237 |            0.8952
 34527 |    261 | 2020-03-08 19:06:46   |        13.132 |       18.2075 |        10.946 |              3.98 |             1.731 |             4.422 |             0.813
 34527 |    262 | 2020-03-08 19:06:59.5 |       13.1229 |       18.2112 |        11.247 |            4.0951 |            1.7761 |            4.5383 |            0.8375
 34527 |    263 | 2020-03-08 19:07:09.5 |       13.1264 |       18.2073 |       11.6996 |            4.2555 |            1.8519 |            4.7177 |            0.8745
 34527 |    264 | 2020-03-08 19:07:19   |       13.1341 |       18.2095 |       12.1732 |            4.4258 |            1.9311 |            4.9037 |            0.9126
 34527 |    265 | 2020-03-08 19:07:29   |       13.1239 |       18.2085 |       12.0117 |            4.3711 |               1.9 |            4.8433 |            0.8974
 34527 |    266 | 2020-03-08 19:07:42   |        13.109 |       18.2075 |        10.536 |             3.831 |             1.661 |             4.263 |             0.781
 34527 |    267 | 2020-03-08 19:08:02.5 |       13.0747 |       18.1963 |       11.4571 |            4.1809 |            1.7992 |            4.6281 |            0.8489
 34527 |    268 | 2020-03-08 19:08:19   |       13.1082 |       18.2126 |        12.245 |            4.4603 |            1.9362 |            4.9366 |            0.9119
 34527 |    269 | 2020-03-08 19:08:28   |       13.1343 |       18.2065 |       11.9611 |             4.347 |            1.8965 |            4.8216 |             0.896
 34527 |    270 | 2020-03-08 19:08:37   |        13.133 |       18.2051 |       12.4512 |            4.5248 |            1.9765 |            5.0155 |            0.9344
 34527 |    271 | 2020-03-08 19:08:46   |        13.132 |       18.2067 |        10.933 |             3.975 |              1.73 |             4.415 |             0.813
 34527 |    272 | 2020-03-08 19:08:55   |       13.1233 |       18.2125 |       11.2713 |            4.1059 |            1.7792 |            4.5506 |            0.8356
 34527 |    273 | 2020-03-08 19:09:04   |       13.1277 |       18.2069 |       11.5961 |            4.2182 |            1.8354 |            4.6762 |            0.8663
 34527 |    274 | 2020-03-08 19:09:13.5 |        13.133 |       18.2085 |       12.0736 |            4.3909 |            1.9141 |            4.8644 |            0.9042
 34527 |    275 | 2020-03-08 19:09:23   |       13.1401 |       18.2124 |       12.0773 |            4.3986 |            1.9111 |            4.8694 |            0.8982
 34527 |    276 | 2020-03-08 19:09:33   |       13.1252 |       18.2075 |       11.9888 |            4.3573 |            1.9001 |            4.8335 |            0.8979
 34527 |    277 | 2020-03-08 19:09:45.5 |       13.1299 |       18.2079 |       10.8656 |            3.9508 |            1.7188 |            4.3882 |            0.8078
 34527 |    278 | 2020-03-08 19:09:58   |       13.1255 |       18.2075 |        11.256 |             4.095 |              1.78 |             4.542 |             0.839
 34527 |    279 | 2020-03-08 19:10:08   |       13.1259 |       18.2071 |       11.6001 |            4.2192 |            1.8358 |            4.6785 |            0.8666
 34527 |    280 | 2020-03-08 19:10:18   |        13.132 |        18.216 |        11.977 |             4.361 |             1.897 |             4.824 |             0.895
 34527 |    281 | 2020-03-08 19:10:28   |       13.1307 |       18.2097 |       12.0172 |            4.3678 |            1.9054 |            4.8438 |            0.9002
 34527 |    282 | 2020-03-08 19:10:41   |       13.1114 |       18.2068 |       10.9149 |            3.9681 |            1.7234 |            4.4126 |            0.8108
 34527 |    283 | 2020-03-08 19:10:54   |        13.133 |       18.2102 |        11.272 |             4.101 |             1.784 |             4.547 |              0.84
 34527 |    284 | 2020-03-08 19:11:04   |       13.1294 |       18.2063 |       11.6337 |            4.2309 |            1.8416 |            4.6917 |            0.8695
 34527 |    285 | 2020-03-08 19:11:14   |        13.134 |       18.2097 |        12.137 |             4.415 |             1.924 |             4.889 |             0.909
 34527 |    286 | 2020-03-08 19:11:29.5 |       13.1272 |       18.2072 |       12.1013 |            4.3995 |            1.9183 |            4.8777 |            0.9057
 34527 |    287 | 2020-03-08 19:11:43.5 |       13.1148 |       18.2079 |       10.5826 |            3.8482 |            1.6696 |            4.2803 |            0.7844
 34527 |    288 | 2020-03-08 19:11:51.5 |        13.129 |        18.209 |        11.017 |            4.0087 |            1.7418 |            4.4474 |            0.8192
 34527 |    289 | 2020-03-08 19:12:01.5 |       13.1263 |       18.2073 |       11.4527 |             4.166 |            1.8116 |            4.6202 |            0.8548
 34527 |    290 | 2020-03-08 19:12:12   |       13.1306 |       18.2084 |       12.0384 |            4.3789 |            1.9079 |            4.8504 |            0.9012
 34527 |    291 | 2020-03-08 19:12:21   |       13.1261 |       18.2078 |       11.8534 |            4.3102 |            1.8772 |            4.7796 |            0.8865
 34527 |    292 | 2020-03-08 19:12:30.5 |       13.1286 |       18.2073 |       12.1545 |            4.4182 |            1.9271 |            4.8986 |            0.9106
 34527 |    293 | 2020-03-08 19:12:43   |       13.1126 |       18.2077 |       10.5692 |            3.8436 |            1.6678 |            4.2748 |            0.7831
 34527 |    294 | 2020-03-08 19:12:55   |       13.1252 |       18.2069 |       11.0908 |            4.0342 |             1.753 |            4.4777 |            0.8259
 34527 |    295 | 2020-03-08 19:13:07.5 |       13.1353 |       18.2087 |       11.8827 |              4.32 |            1.8839 |            4.7888 |              0.89
 34527 |    296 | 2020-03-08 19:13:19   |        13.102 |        18.217 |       11.9902 |            4.3652 |            1.8967 |            4.8359 |            0.8924
 34527 |    297 | 2020-03-08 19:13:28   |       13.1274 |       18.2081 |       12.1234 |            4.4076 |            1.9223 |            4.8854 |            0.9081
 34527 |    298 | 2020-03-08 19:13:38.5 |       13.1299 |       18.2084 |       12.2447 |              4.45 |            1.9431 |             4.934 |            0.9176
 34527 |    299 | 2020-03-08 19:13:49.5 |       13.1243 |       18.1875 |        10.831 |            3.9474 |            1.7062 |            4.3763 |             0.801
 34527 |    300 | 2020-03-08 19:14:00.5 |       13.1278 |       18.2063 |       11.4554 |            4.1671 |            1.8124 |            4.6206 |            0.8552
 34527 |    301 | 2020-03-08 19:14:10   |       13.1335 |       18.2097 |        12.019 |             4.372 |             1.905 |             4.842 |               0.9
 34527 |    302 | 2020-03-08 19:14:20   |       13.1236 |       18.2087 |       11.7933 |            4.2936 |            1.8628 |            4.7578 |            0.8792
 34527 |    303 | 2020-03-08 19:14:30   |         13.13 |        18.207 |        12.194 |             4.432 |             1.934 |             4.914 |             0.914
 34527 |    304 | 2020-03-08 19:14:43.5 |       13.1159 |       18.2083 |       10.5283 |            3.8285 |             1.661 |            4.2589 |            0.7798
 34527 |    305 | 2020-03-08 19:15:00.5 |       13.1283 |        18.207 |       11.4856 |            4.1775 |            1.8179 |            4.6323 |            0.8578
 34527 |    306 | 2020-03-08 19:15:14   |       13.1375 |       18.2107 |        12.166 |             4.428 |             1.928 |             4.902 |             0.908
 34527 |    307 | 2020-03-08 19:15:23   |       13.1253 |       18.2086 |       11.9025 |            4.3272 |            1.8859 |            4.7983 |            0.8911
 34527 |    308 | 2020-03-08 19:15:31.5 |       13.1292 |       18.2052 |       12.1596 |              4.42 |            1.9282 |            4.9004 |            0.9109
 34527 |    309 | 2020-03-08 19:15:40.5 |       13.1145 |        18.208 |       11.3694 |             4.134 |            1.7981 |            4.5901 |            0.8472
 34527 |    310 | 2020-03-08 19:15:50.5 |        13.123 |       18.2074 |        10.814 |            3.9335 |            1.7081 |            4.3691 |            0.8033
 34527 |    311 | 2020-03-08 19:16:01   |       13.1297 |       18.2052 |       11.5708 |            4.2083 |            1.8317 |            4.6669 |            0.8638
 34527 |    312 | 2020-03-08 19:16:11   |        13.132 |       18.2084 |       11.8593 |            4.3117 |            1.8795 |            4.7799 |            0.8881
 34527 |    313 | 2020-03-08 19:16:21   |       13.1196 |       18.2048 |       11.9121 |            4.3359 |            1.8834 |            4.8034 |            0.8894
 34527 |    314 | 2020-03-08 19:16:31   |       13.1307 |       18.2064 |       12.2522 |            4.4537 |            1.9437 |            4.9362 |            0.9185
 34527 |    315 | 2020-03-08 19:16:44   |        13.119 |       18.2081 |       10.5865 |            3.8499 |            1.6714 |            4.2807 |            0.7844
 34527 |    316 | 2020-03-08 19:16:57.5 |       13.1289 |       18.2073 |       11.4018 |            4.1476 |            1.8038 |            4.5996 |            0.8508
 34527 |    317 | 2020-03-08 19:17:07.5 |        13.135 |       18.2076 |       11.9204 |            4.3343 |            1.8895 |            4.8035 |             0.893
 34527 |    318 | 2020-03-08 19:17:17   |       13.1176 |       18.2092 |        11.803 |            4.2955 |            1.8665 |            4.7606 |            0.8805
 34527 |    319 | 2020-03-08 19:17:27   |       13.1297 |       18.2072 |       12.1592 |            4.4206 |            1.9278 |            4.8996 |            0.9112
 34527 |    320 | 2020-03-08 19:17:40   |       13.1264 |       18.2083 |       11.6132 |            4.2217 |            1.8387 |            4.6861 |            0.8667
 34527 |    321 | 2020-03-08 19:17:52.5 |       13.1308 |       18.2059 |       10.9935 |             3.999 |            1.7375 |            4.4388 |            0.8182
 34527 |    322 | 2020-03-08 19:18:05   |       13.1292 |       18.2071 |       11.7735 |            4.2831 |            1.8644 |            4.7457 |            0.8803
 34527 |    323 | 2020-03-08 19:18:20   |       13.1328 |       18.2095 |       11.8599 |            4.3113 |            1.8798 |             4.781 |            0.8878
 34527 |    324 | 2020-03-08 19:18:34.5 |       13.1288 |       18.2109 |       12.4708 |             4.536 |            1.9779 |            5.0224 |            0.9344
 34527 |    325 | 2020-03-08 19:18:46   |        13.127 |       18.2057 |        10.523 |             3.827 |             1.662 |             4.255 |             0.779
 34527 |    326 | 2020-03-08 19:18:54.5 |       13.1287 |        18.207 |       11.2154 |            4.0793 |            1.7736 |            4.5262 |            0.8363
 34527 |    327 | 2020-03-08 19:19:03.5 |       13.1319 |       18.2069 |       11.7442 |            4.2723 |            1.8603 |             4.734 |            0.8776
 34527 |    328 | 2020-03-08 19:19:13   |       13.1258 |       18.2157 |       11.7492 |             4.275 |              1.86 |            4.7368 |            0.8775
 34527 |    329 | 2020-03-08 19:19:22   |       13.1275 |       18.2075 |        12.003 |             4.365 |             1.902 |             4.838 |             0.898
 34527 |    330 | 2020-03-08 19:19:31   |       13.1309 |       18.2087 |       12.2777 |            4.4623 |            1.9479 |            4.9479 |            0.9196
 34527 |    331 | 2020-03-08 19:19:42   |        13.109 |       18.2065 |        10.797 |             3.926 |             1.704 |             4.366 |             0.801
 34527 |    332 | 2020-03-08 19:19:53   |       13.1279 |       18.2072 |       11.1405 |            4.0528 |            1.7621 |            4.4965 |            0.8291
 34527 |    333 | 2020-03-08 19:20:03   |       13.1289 |       18.2071 |       11.6007 |            4.2191 |            1.8373 |            4.6774 |            0.8669
 34527 |    334 | 2020-03-08 19:20:13   |       13.1331 |       18.2117 |       11.9223 |            4.3356 |              1.89 |            4.8043 |            0.8925
 34527 |    335 | 2020-03-08 19:20:23   |       13.1294 |       18.2097 |       12.0603 |            4.3842 |            1.9122 |            4.8607 |            0.9032
 34527 |    336 | 2020-03-08 19:20:33   |       13.1323 |       18.2079 |        12.344 |            4.4871 |             1.959 |            4.9723 |            0.9256
 34527 |    337 | 2020-03-08 19:20:46   |        13.128 |       18.2072 |        10.577 |             3.846 |             1.672 |             4.276 |             0.783
 34527 |    338 | 2020-03-08 19:20:59   |       13.1298 |       18.2104 |       11.5039 |            4.1845 |            1.8211 |            4.6394 |            0.8589
 34527 |    339 | 2020-03-08 19:21:08.5 |       13.1337 |       18.1893 |       11.9293 |            4.3424 |            1.8882 |            4.8069 |            0.8917
 34527 |    340 | 2020-03-08 19:21:19   |       13.1274 |       18.2084 |       11.9337 |            4.3397 |            1.8906 |            4.8107 |            0.8927
 34527 |    341 | 2020-03-08 19:21:29   |       13.1317 |       18.2117 |       12.2973 |            4.4691 |            1.9511 |            4.9552 |             0.922
 34527 |    342 | 2020-03-08 19:21:42   |        13.109 |       18.2072 |        10.849 |             3.945 |             1.712 |             4.387 |             0.805
 34527 |    343 | 2020-03-08 19:22:00.5 |       13.1303 |       18.2065 |        11.675 |             4.247 |            1.8484 |             4.707 |            0.8726
 34527 |    344 | 2020-03-08 19:22:15   |       13.1334 |       18.2079 |       11.7769 |            4.2819 |            1.8664 |             4.747 |            0.8815
 34527 |    345 | 2020-03-08 19:22:24   |        13.131 |       18.2053 |       12.1513 |            4.4173 |            1.9271 |            4.8966 |            0.9103
 34527 |    346 | 2020-03-08 19:22:33.5 |        13.133 |       18.2111 |       12.2108 |            4.4391 |            1.9376 |            4.9199 |            0.9142
 34527 |    347 | 2020-03-08 19:22:43   |       13.1117 |       18.2088 |       10.6746 |             3.881 |            1.6847 |            4.3169 |            0.7921
 34527 |    348 | 2020-03-08 19:22:52   |       13.1286 |       18.2059 |       11.1321 |            4.0488 |            1.7609 |            4.4937 |            0.8287
 34527 |    349 | 2020-03-08 19:23:04   |       13.1334 |       18.2095 |       11.7356 |            4.2701 |            1.8589 |            4.7296 |             0.877
 34527 |    350 | 2020-03-08 19:23:17   |       13.1264 |       18.2071 |       11.8311 |            4.3025 |            1.8736 |            4.7702 |            0.8849
 34527 |    351 | 2020-03-08 19:23:26   |       13.1325 |       18.2082 |        12.262 |             4.458 |             1.945 |              4.94 |             0.919
 34527 |    352 | 2020-03-08 19:23:35   |       13.1242 |       18.1926 |        12.202 |            4.4393 |            1.9325 |            4.9183 |            0.9119
 34527 |    353 | 2020-03-08 19:23:46   |       13.1285 |       18.2072 |        10.602 |             3.855 |             1.675 |             4.286 |             0.786
 34527 |    354 | 2020-03-08 19:23:57   |       13.1322 |       18.2077 |       11.4949 |             4.181 |              1.82 |            4.6355 |            0.8585
 34527 |    355 | 2020-03-08 19:24:06.5 |        13.135 |       18.2106 |       11.7164 |            4.2641 |            1.8558 |            4.7228 |            0.8736
 34527 |    356 | 2020-03-08 19:24:16   |       13.1273 |       18.2073 |       11.8429 |            4.3074 |            1.8755 |            4.7743 |            0.8857
 34527 |    357 | 2020-03-08 19:24:26.5 |       13.1331 |       18.2086 |       12.3141 |            4.4772 |            1.9536 |            4.9607 |            0.9227
 34527 |    358 | 2020-03-08 19:24:41   |       13.1099 |       18.2068 |       11.1839 |            4.0662 |            1.7669 |            4.5182 |            0.8326
 34527 |    359 | 2020-03-08 19:24:55   |       13.1304 |       18.2048 |        11.344 |            4.1256 |            1.7958 |            4.5763 |            0.8463
 34527 |    360 | 2020-03-08 19:25:04.5 |       13.1104 |          18.2 |       11.8121 |            4.3043 |            1.8649 |             4.764 |            0.8789
 34527 |    361 | 2020-03-08 19:25:14   |       13.1255 |       18.2072 |        11.724 |             4.264 |             1.856 |             4.728 |             0.876
 34527 |    362 | 2020-03-08 19:25:29   |       13.1333 |       18.2107 |       12.4223 |            4.5156 |            1.9725 |            5.0021 |            0.9321
 34527 |    363 | 2020-03-08 19:25:43   |       13.1116 |       18.2069 |       10.7309 |            3.9025 |            1.6931 |            4.3389 |            0.7964
 34527 |    364 | 2020-03-08 19:25:51.5 |        13.127 |       18.2069 |       11.0685 |            4.0262 |              1.75 |            4.4687 |            0.8236
 34527 |    365 | 2020-03-08 19:26:00.5 |       13.1334 |       18.1967 |       11.6019 |            4.2254 |            1.8325 |            4.6797 |            0.8643
 34527 |    366 | 2020-03-08 19:26:10   |        13.126 |       18.2067 |        11.651 |             4.238 |             1.844 |             4.698 |             0.871
 34527 |    367 | 2020-03-08 19:26:19.5 |       13.1293 |       18.2059 |        12.089 |            4.3956 |            1.9165 |            4.8717 |            0.9052
 34527 |    368 | 2020-03-08 19:26:29   |       13.0785 |       18.2041 |       12.3848 |            4.5136 |            1.9573 |            4.9921 |            0.9218
 34527 |    369 | 2020-03-08 19:26:42.5 |       13.1103 |       18.2074 |       10.8003 |            3.9281 |            1.7038 |            4.3665 |            0.8019
 34527 |    370 | 2020-03-08 19:26:55.5 |       13.1334 |       18.2087 |       11.4936 |            4.1812 |            1.8202 |            4.6344 |            0.8578
 34527 |    371 | 2020-03-08 19:27:05.5 |       13.1247 |       18.2075 |       11.4552 |            4.1681 |            1.8117 |            4.6207 |            0.8548
 34527 |    372 | 2020-03-08 19:27:15.5 |       13.1286 |       18.2069 |       11.9211 |            4.3351 |            1.8886 |            4.8052 |            0.8922
 34527 |    373 | 2020-03-08 19:27:25   |       13.1313 |       18.2089 |       12.2936 |            4.4702 |            1.9499 |            4.9518 |            0.9216
 34527 |    374 | 2020-03-08 19:27:35   |       13.0978 |       18.1976 |       12.1623 |            4.4333 |            1.9178 |            4.9072 |             0.904
 34527 |    375 | 2020-03-08 19:27:48   |       13.1339 |       18.2066 |       10.8793 |            3.9557 |             1.721 |            4.3943 |            0.8083
 34527 |    376 | 2020-03-08 19:28:02   |       13.1315 |        18.207 |        11.694 |             4.254 |             1.852 |             4.714 |             0.874
 34527 |    377 | 2020-03-08 19:28:13   |       13.1269 |       18.2099 |       11.8647 |            4.3176 |            1.8772 |            4.7839 |             0.886
 34527 |    378 | 2020-03-08 19:28:23   |       13.1327 |       18.2094 |       12.2537 |            4.4559 |            1.9441 |            4.9351 |            0.9185
 34527 |    379 | 2020-03-08 19:28:32   |       13.1274 |       18.2096 |       12.0083 |            4.3659 |            1.9031 |             4.841 |            0.8984
 34527 |    380 | 2020-03-08 19:28:43.5 |       13.1145 |       18.2063 |        10.719 |            3.8971 |            1.6921 |            4.3348 |            0.7949
 34527 |    381 | 2020-03-08 19:29:00.5 |       13.0956 |       18.1899 |       11.6069 |            4.2287 |            1.8315 |            4.6827 |             0.864
 34527 |    382 | 2020-03-08 19:29:14   |       13.1295 |        18.208 |        11.899 |             4.327 |             1.885 |             4.796 |             0.891
 34527 |    383 | 2020-03-08 19:29:22.5 |       13.1344 |       18.2095 |       12.2529 |             4.455 |            1.9441 |            4.9347 |             0.919
 34527 |    384 | 2020-03-08 19:29:31   |       13.0996 |       18.2118 |       12.1066 |            4.4113 |            1.9112 |            4.8854 |            0.8987
 34527 |    385 | 2020-03-08 19:29:40   |       13.1142 |       18.2076 |        11.591 |            4.2149 |            1.8335 |            4.6785 |            0.8642
 34527 |    386 | 2020-03-08 19:29:50.5 |       13.1317 |        18.208 |       11.1727 |            4.0637 |            1.7676 |            4.5091 |            0.8322
 34527 |    387 | 2020-03-08 19:30:01   |       13.1303 |       18.2054 |        11.508 |            4.1857 |            1.8214 |             4.641 |            0.8599
 34527 |    388 | 2020-03-08 19:30:11.5 |       13.1263 |       18.2062 |       11.7379 |            4.2688 |            1.8584 |            4.7331 |            0.8777
 34527 |    389 | 2020-03-08 19:30:22   |       13.1295 |       18.2077 |        12.074 |              4.39 |             1.914 |             4.866 |             0.904
 34527 |    390 | 2020-03-08 19:30:31.5 |       13.1291 |       18.2118 |       12.1046 |            4.4046 |             1.919 |            4.8765 |            0.9044
 34527 |    391 | 2020-03-08 19:30:44   |       13.1185 |        18.208 |       10.7265 |            3.9006 |            1.6936 |            4.3365 |            0.7958
 34527 |    392 | 2020-03-08 19:30:57   |       13.1325 |       18.2097 |       11.3811 |            4.1409 |            1.8012 |            4.5898 |            0.8492
 34527 |    393 | 2020-03-08 19:31:06.5 |       13.1256 |       18.2066 |       11.5461 |            4.1998 |            1.8268 |            4.6571 |            0.8624
 34527 |    394 | 2020-03-08 19:31:17   |       13.1314 |       18.2063 |        12.049 |            4.3809 |            1.9104 |            4.8551 |            0.9026
 34527 |    395 | 2020-03-08 19:31:26.5 |       13.1264 |        18.213 |       12.0694 |             4.391 |            1.9125 |            4.8639 |            0.9021
 34527 |    396 | 2020-03-08 19:31:38.5 |       13.1239 |       18.2072 |       12.0641 |             4.385 |            1.9124 |            4.8642 |            0.9025
 34527 |    397 | 2020-03-08 19:31:52   |       13.1316 |       18.2082 |       11.2792 |             4.103 |            1.7848 |            4.5508 |            0.8405
 34527 |    398 | 2020-03-08 19:32:03   |       13.1312 |       18.2096 |       11.5472 |            4.2016 |            1.8286 |            4.6555 |            0.8616
 34527 |    399 | 2020-03-08 19:32:12.5 |       13.1286 |       18.2056 |       11.8387 |            4.3051 |             1.875 |            4.7732 |            0.8855
 34527 |    400 | 2020-03-08 19:32:23.5 |       13.1339 |       18.2109 |       12.2547 |             4.457 |            1.9442 |            4.9357 |            0.9179
 34527 |    401 | 2020-03-08 19:32:37.5 |       13.1295 |       18.2073 |       12.2547 |            4.4542 |            1.9447 |             4.938 |            0.9178
 34527 |    402 | 2020-03-08 19:32:49   |       13.1338 |       18.2071 |        10.994 |            3.9977 |            1.7392 |            4.4397 |            0.8173
 34527 |    403 | 2020-03-08 19:32:58.5 |        13.126 |       18.2084 |       11.4045 |            4.1517 |            1.8041 |            4.5997 |            0.8489
 34527 |    404 | 2020-03-08 19:33:11   |       13.1261 |       18.2068 |       11.7632 |            4.2783 |            1.8622 |             4.743 |            0.8797
 34527 |    405 | 2020-03-08 19:33:22   |       13.1345 |         18.21 |        12.299 |             4.474 |             1.952 |             4.953 |              0.92
 34527 |    406 | 2020-03-08 19:33:31   |       13.1236 |       18.2069 |       11.9387 |            4.3408 |            1.8914 |            4.8139 |            0.8926
 34527 |    407 | 2020-03-08 19:33:42.5 |       13.1095 |       18.2072 |       10.9532 |            3.9827 |            1.7292 |            4.4278 |            0.8135
 34527 |    408 | 2020-03-08 19:33:54   |       13.1145 |       18.2097 |        11.329 |             4.136 |             1.781 |             4.575 |             0.837
 34527 |    409 | 2020-03-08 19:34:04   |       13.0946 |       18.1969 |        11.467 |            4.1791 |            1.8073 |            4.6282 |            0.8525
 34527 |    410 | 2020-03-08 19:34:13.5 |       13.1283 |       18.2067 |       11.8915 |            4.3245 |             1.884 |            4.7936 |            0.8895
 34527 |    411 | 2020-03-08 19:34:23   |       13.1305 |       18.1954 |       12.0641 |            4.3961 |             1.904 |            4.8663 |            0.8976
 34527 |    412 | 2020-03-08 19:34:33   |       13.1257 |       18.2061 |       12.0243 |            4.3709 |            1.9057 |            4.8478 |            0.8998
 34527 |    413 | 2020-03-08 19:34:46   |        13.127 |       18.2115 |        10.824 |             3.941 |              1.71 |             4.374 |             0.799
 34527 |    414 | 2020-03-08 19:34:59   |       13.1288 |       18.1824 |       11.2179 |            4.0857 |            1.7706 |            4.5266 |            0.8351
 34527 |    415 | 2020-03-08 19:35:08.5 |       13.1251 |       18.2066 |       11.5575 |            4.2037 |            1.8293 |            4.6614 |            0.8631
 34527 |    416 | 2020-03-08 19:35:18.5 |       13.1318 |       18.2077 |       12.1374 |            4.4151 |             1.923 |             4.891 |            0.9082
 34527 |    417 | 2020-03-08 19:35:28.5 |       13.1293 |       18.2075 |       12.0522 |            4.3805 |            1.9125 |             4.857 |            0.9022
 34527 |    418 | 2020-03-08 19:35:41.5 |       13.1099 |       18.2063 |       11.2552 |            4.0911 |            1.7789 |            4.5465 |            0.8388
 34527 |    419 | 2020-03-08 19:35:58.5 |       13.1234 |       18.2064 |       11.1542 |            4.0579 |             1.762 |            4.5027 |            0.8315
 34527 |    420 | 2020-03-08 19:36:12   |       13.1307 |       18.2049 |       11.9058 |            4.3296 |            1.8862 |            4.7991 |            0.8909
 34527 |    421 | 2020-03-08 19:36:20   |       13.1347 |       18.2114 |       12.1655 |            4.4249 |            1.9297 |            4.8998 |            0.9111
 34527 |    422 | 2020-03-08 19:36:29   |       13.1248 |       18.2074 |       11.9504 |            4.3443 |            1.8937 |            4.8183 |            0.8942
 34527 |    423 | 2020-03-08 19:36:38   |         13.13 |       18.2062 |        12.275 |             4.461 |             1.947 |             4.947 |              0.92
 34527 |    424 | 2020-03-08 19:36:48   |       13.1281 |       18.2125 |       10.9611 |            3.9954 |            1.7271 |            4.4297 |            0.8089
 34527 |    425 | 2020-03-08 19:36:59.5 |       13.0433 |       18.1969 |       11.4272 |             4.165 |            1.8011 |            4.6121 |            0.8491
 34527 |    426 | 2020-03-08 19:37:10   |         13.13 |       18.2052 |        11.847 |             4.308 |             1.877 |             4.776 |             0.886
 34527 |    427 | 2020-03-08 19:37:19.5 |       13.1326 |       18.2105 |       12.1819 |            4.4309 |            1.9323 |            4.9068 |             0.912
 34527 |    428 | 2020-03-08 19:37:29   |       13.1257 |       18.2067 |        11.991 |            4.3598 |            1.8997 |            4.8345 |            0.8971
 34527 |    429 | 2020-03-08 19:37:42   |       13.1085 |       18.2077 |        11.157 |             4.057 |             1.762 |             4.508 |              0.83
 34527 |    430 | 2020-03-08 19:37:55   |        13.122 |       18.2182 |       11.2063 |            4.0881 |            1.7631 |            4.5285 |            0.8266
 34527 |    431 | 2020-03-08 19:38:08   |        13.126 |       18.2057 |       11.7111 |            4.2603 |            1.8536 |            4.7226 |            0.8746
 34527 |    432 | 2020-03-08 19:38:20.5 |       13.1154 |       18.2071 |       12.1509 |            4.4269 |            1.9226 |             4.898 |            0.9033
 34527 |    433 | 2020-03-08 19:38:29   |       13.1244 |       18.2069 |       12.0164 |            4.3687 |            1.9042 |            4.8445 |            0.8991
 34527 |    434 | 2020-03-08 19:38:38   |        13.131 |       18.2067 |        12.331 |             4.481 |             1.957 |             4.969 |             0.924
 34527 |    435 | 2020-03-08 19:38:49   |       13.0989 |       18.2014 |       10.9454 |            3.9918 |            1.7221 |            4.4246 |            0.8069
 34527 |    436 | 2020-03-08 19:39:00.5 |       13.1379 |       18.2077 |       11.3842 |            4.1406 |            1.8014 |            4.5928 |            0.8494
 34527 |    437 | 2020-03-08 19:39:12.5 |       13.1305 |       18.2084 |       12.0561 |            4.3848 |            1.9106 |            4.8578 |            0.9029
 34527 |    438 | 2020-03-08 19:39:28   |       13.1352 |       18.2089 |       12.0181 |            4.3671 |            1.9063 |            4.8442 |            0.9004
 34527 |    439 | 2020-03-08 19:39:43.5 |       13.1122 |       18.2104 |       10.8198 |            3.9383 |            1.7049 |            4.3767 |            0.7999
 34527 |    440 | 2020-03-08 19:39:56.5 |       13.1235 |       18.2067 |       11.1006 |             4.038 |            1.7541 |            4.4818 |            0.8267
 34527 |    441 | 2020-03-08 19:40:09.5 |       13.1243 |       18.2064 |       11.5635 |            4.2064 |            1.8298 |            4.6642 |            0.8631
 34527 |    442 | 2020-03-08 19:40:22   |        13.124 |       18.2078 |        11.808 |             4.293 |              1.87 |             4.762 |             0.883
 34527 |    443 | 2020-03-08 19:40:34   |         13.13 |       18.2045 |        12.236 |             4.447 |             1.941 |             4.931 |             0.917
 34527 |    444 | 2020-03-08 19:40:48   |       13.0899 |       18.2031 |       10.7439 |            3.9177 |            1.6893 |            4.3465 |            0.7904
 34527 |    445 | 2020-03-08 19:41:01   |       13.1306 |       18.2087 |       11.4228 |             4.155 |            1.8076 |            4.6077 |            0.8524
 34527 |    446 | 2020-03-08 19:41:11   |       13.1315 |       18.2082 |       11.9721 |            4.3545 |             1.897 |             4.824 |            0.8966
 34527 |    447 | 2020-03-08 19:41:21   |       13.1262 |       18.2088 |       11.8482 |            4.3087 |            1.8769 |            4.7769 |            0.8857
 34527 |    448 | 2020-03-08 19:41:31   |       13.1287 |        18.207 |       12.1464 |            4.4153 |            1.9256 |            4.8956 |              0.91
 34527 |    449 | 2020-03-08 19:41:43.5 |       13.1196 |       18.2034 |       10.7391 |            3.9056 |            1.6952 |            4.3412 |            0.7971
 34527 |    450 | 2020-03-08 19:41:56.5 |       13.1345 |       18.2084 |       11.1667 |            4.0604 |             1.767 |            4.5062 |             0.833
 34527 |    451 | 2020-03-08 19:42:06.5 |       13.1316 |       18.2066 |       11.8154 |            4.2972 |            1.8717 |            4.7622 |            0.8844
 34527 |    452 | 2020-03-08 19:42:16   |       13.1327 |        18.211 |        11.947 |            4.3459 |            1.8935 |            4.8143 |            0.8932
 34527 |    453 | 2020-03-08 19:42:26.5 |        13.127 |       18.2068 |       12.0044 |            4.3638 |            1.9026 |            4.8397 |            0.8982
 34527 |    454 | 2020-03-08 19:42:39   |       13.1292 |         18.21 |       12.2543 |            4.4542 |             1.944 |            4.9381 |            0.9179
 34527 |    455 | 2020-03-08 19:42:52.5 |       13.1278 |       18.2041 |       10.9169 |            3.9702 |            1.7262 |            4.4086 |            0.8118
 34527 |    456 | 2020-03-08 19:43:09   |       13.1327 |       18.2078 |       11.9418 |            4.3437 |            1.8923 |            4.8122 |            0.8936
 34527 |    457 | 2020-03-08 19:43:23.5 |       13.1271 |       18.2075 |       11.9595 |            4.3489 |            1.8949 |            4.8212 |            0.8944
 34527 |    458 | 2020-03-08 19:43:32   |       13.1298 |       18.2077 |        12.221 |            4.4427 |            1.9382 |            4.9246 |            0.9155
 34527 |    459 | 2020-03-08 19:43:41   |        13.111 |       18.2074 |        11.635 |            4.2299 |            1.8404 |            4.6962 |            0.8685
 34527 |    460 | 2020-03-08 19:43:50   |       13.1245 |       18.2072 |        10.737 |             3.905 |             1.696 |             4.339 |             0.797
 34527 |    461 | 2020-03-08 19:43:59   |       13.1282 |       18.2078 |       11.3843 |            4.1403 |            1.8013 |            4.5932 |            0.8495
 34527 |    462 | 2020-03-08 19:44:08   |        13.133 |       18.2094 |       11.9263 |            4.3375 |              1.89 |             4.806 |            0.8928
 34527 |    463 | 2020-03-08 19:44:17   |       13.1255 |        18.205 |        11.759 |            4.2784 |            1.8606 |            4.7413 |            0.8787
 34527 |    464 | 2020-03-08 19:44:27   |       13.1291 |       18.2067 |       12.1101 |            4.4023 |              1.92 |            4.8807 |             0.907
 34527 |    465 | 2020-03-08 19:44:39   |       13.1267 |       18.2096 |        12.266 |            4.4597 |            1.9448 |            4.9432 |            0.9184
 34527 |    466 | 2020-03-08 19:44:52   |        13.124 |       18.2071 |       10.9296 |             3.976 |            1.7268 |            4.4143 |            0.8126
 34527 |    467 | 2020-03-08 19:45:03   |        13.127 |       18.2068 |        11.453 |             4.166 |             1.812 |              4.62 |             0.855
 34527 |    468 | 2020-03-08 19:45:13   |        13.141 |        18.212 |       11.9276 |            4.3399 |            1.8901 |            4.8075 |            0.8902
 34527 |    469 | 2020-03-08 19:45:23   |       13.1278 |       18.2106 |       11.9695 |            4.3521 |            1.8967 |            4.8253 |            0.8954
 34527 |    470 | 2020-03-08 19:45:32.5 |       13.1311 |        18.207 |       12.2984 |            4.4702 |            1.9512 |            4.9549 |            0.9221
 34527 |    471 | 2020-03-08 19:45:45.5 |       13.1233 |       18.2071 |       10.4171 |            3.7879 |            1.6447 |            4.2139 |            0.7706
 34527 |    472 | 2020-03-08 19:45:58   |       13.1295 |        18.207 |        11.381 |             4.139 |             1.801 |             4.592 |             0.849
 34527 |    473 | 2020-03-08 19:46:08   |       13.1338 |       18.2099 |       11.8342 |             4.304 |            1.8758 |            4.7687 |            0.8856
 34527 |    474 | 2020-03-08 19:46:19   |       13.1257 |       18.2065 |       11.8146 |            4.2942 |             1.872 |             4.764 |            0.8844
 34527 |    475 | 2020-03-08 19:46:33   |       13.1311 |        18.206 |       12.3011 |            4.4707 |            1.9514 |             4.957 |            0.9219
 34527 |    476 | 2020-03-08 19:46:44.5 |       13.1191 |       18.2069 |       10.6701 |            3.8792 |            1.6852 |            4.3144 |            0.7912
 34527 |    477 | 2020-03-08 19:46:53.5 |       13.1275 |       18.2065 |       11.0899 |             4.033 |             1.754 |            4.4773 |            0.8256
 34527 |    478 | 2020-03-08 19:47:04   |       13.1331 |       18.2092 |       11.7785 |            4.2845 |            1.8661 |            4.7468 |            0.8811
 34527 |    479 | 2020-03-08 19:47:14   |        13.124 |       18.2067 |        11.642 |             4.234 |             1.842 |             4.696 |              0.87
 34527 |    480 | 2020-03-08 19:47:23.5 |       13.1286 |       18.2061 |       12.0397 |            4.3773 |             1.908 |            4.8529 |            0.9016
 34527 |    481 | 2020-03-08 19:47:33   |       13.1331 |         18.21 |       12.3764 |            4.4993 |            1.9641 |            4.9856 |            0.9275
 34527 |    482 | 2020-03-08 19:47:46   |       13.1265 |        18.207 |        10.407 |             3.784 |             1.644 |             4.209 |              0.77
 34527 |    483 | 2020-03-08 19:47:59.5 |       13.1308 |       18.2055 |        11.494 |            4.1796 |            1.8195 |            4.6366 |            0.8583
 34527 |    484 | 2020-03-08 19:48:10.5 |        13.133 |       18.2078 |       11.9588 |             4.349 |            1.8955 |            4.8186 |            0.8956
 34527 |    485 | 2020-03-08 19:48:20   |        13.128 |        18.207 |       11.9471 |            4.3441 |            1.8932 |            4.8161 |            0.8937
 34527 |    486 | 2020-03-08 19:48:29   |       13.1321 |       18.2083 |       12.2705 |            4.4601 |            1.9465 |            4.9438 |            0.9201
 34527 |    487 | 2020-03-08 19:48:42   |         13.11 |        18.207 |        11.415 |              4.15 |             1.804 |              4.61 |             0.851
 34527 |    488 | 2020-03-08 19:48:54.5 |       13.1288 |        18.207 |       11.1668 |            4.0614 |            1.7659 |            4.5075 |            0.8319
 34527 |    489 | 2020-03-08 19:49:04   |       13.1249 |       18.2128 |       11.7861 |            4.2917 |            1.8629 |            4.7534 |            0.8781
 34527 |    490 | 2020-03-08 19:49:14   |        13.125 |        18.207 |        11.693 |             4.253 |             1.851 |             4.715 |             0.874
 34527 |    491 | 2020-03-08 19:49:24   |       13.1299 |       18.2064 |       12.1079 |            4.4028 |            1.9195 |            4.8795 |            0.9061
 34527 |    492 | 2020-03-08 19:49:34   |        13.126 |       18.2122 |        12.341 |             4.499 |             1.947 |             4.978 |             0.917
 34527 |    493 | 2020-03-08 19:49:47.5 |       13.1302 |       18.2077 |       10.5215 |            3.8253 |            1.6627 |            4.2546 |            0.7789
 34527 |    494 | 2020-03-08 19:50:03   |        13.128 |       18.2065 |        11.494 |             4.181 |             1.819 |             4.636 |             0.858
 34527 |    495 | 2020-03-08 19:50:19   |       13.1336 |       18.2053 |       11.9102 |            4.3294 |            1.8877 |            4.8011 |             0.892
(496 rows)

