  run  | subrun |         time          | step1_voltage | step2_voltage | total_current | pos_2step_current | pos_1step_current | neg_2step_current | neg_1step_current 
-------+--------+-----------------------+---------------+---------------+---------------+-------------------+-------------------+-------------------+-------------------
 34530 |      0 | 2020-03-08 22:53:15   |        13.126 |       18.2072 |        11.429 |             4.157 |             1.808 |             4.611 |             0.853
 34530 |      1 | 2020-03-08 22:53:25   |       13.1315 |       18.2068 |       11.9472 |            4.3443 |             1.893 |            4.8153 |            0.8946
 34530 |      2 | 2020-03-08 22:53:35   |       13.1335 |       18.2095 |        12.276 |             4.464 |             1.947 |             4.945 |              0.92
 34530 |      3 | 2020-03-08 22:53:45   |       13.1251 |        18.207 |       12.0131 |            4.3675 |            1.9034 |            4.8437 |            0.8986
 34530 |      4 | 2020-03-08 22:53:57.5 |       13.1226 |       18.2087 |       10.6063 |            3.8573 |            1.6749 |            4.2878 |            0.7863
 34530 |      5 | 2020-03-08 22:54:10.5 |       13.1248 |       18.2072 |       11.2001 |            4.0749 |            1.7702 |            4.5206 |            0.8344
 34530 |      6 | 2020-03-08 22:54:20   |       13.1275 |       18.2059 |       11.6813 |             4.248 |            1.8494 |            4.7107 |            0.8731
 34530 |      7 | 2020-03-08 22:54:30   |       13.1343 |       18.2103 |       12.2331 |            4.4491 |            1.9405 |             4.927 |            0.9165
 34530 |      8 | 2020-03-08 22:54:40   |       13.1278 |       18.2059 |       12.1335 |            4.4221 |            1.9147 |            4.8948 |            0.9019
 34530 |      9 | 2020-03-08 22:54:53   |       13.1189 |       18.2053 |       11.5177 |            4.1855 |            1.8231 |            4.6496 |            0.8595
 34530 |     10 | 2020-03-08 22:55:05.5 |        13.132 |       18.2092 |       11.3092 |             4.112 |            1.7914 |            4.5628 |            0.8431
 34530 |     11 | 2020-03-08 22:55:15   |       13.1322 |        18.208 |       11.7577 |            4.2796 |            1.8609 |            4.7389 |            0.8783
 34530 |     12 | 2020-03-08 22:55:25   |       13.1325 |       18.2059 |       11.9978 |            4.3613 |            1.9027 |            4.8343 |            0.8994
 34530 |     13 | 2020-03-08 22:55:35   |       13.1314 |       18.2071 |       12.2351 |            4.4497 |            1.9391 |              4.93 |            0.9164
 34530 |     14 | 2020-03-08 22:55:44.5 |       13.1327 |        18.208 |       12.3817 |            4.5003 |            1.9648 |            4.9874 |            0.9292
 34530 |     15 | 2020-03-08 22:55:57.5 |       13.1299 |       18.2077 |       10.4335 |            3.7931 |            1.6482 |            4.2196 |            0.7726
 34530 |     16 | 2020-03-08 22:56:11   |       13.1305 |       18.2147 |       11.5167 |            4.1878 |             1.824 |            4.6444 |            0.8605
 34530 |     17 | 2020-03-08 22:56:21   |        13.124 |       18.2162 |        11.697 |              4.27 |              1.84 |             4.721 |             0.866
 34530 |     18 | 2020-03-08 22:56:30.5 |       13.1276 |       18.2077 |       11.9249 |            4.3362 |            1.8887 |            4.8074 |            0.8926
 34530 |     19 | 2020-03-08 22:56:40   |        13.129 |       18.2088 |       12.1434 |            4.4151 |            1.9253 |            4.8935 |            0.9096
 34530 |     20 | 2020-03-08 22:56:53   |       13.1105 |        18.207 |        11.442 |              4.16 |             1.808 |             4.621 |             0.853
 34530 |     21 | 2020-03-08 22:57:06   |       13.1304 |       18.2091 |       11.1839 |            4.0688 |            1.7696 |            4.5126 |            0.8329
 34530 |     22 | 2020-03-08 22:57:15.5 |       13.1001 |        18.205 |         11.51 |            4.1894 |            1.8189 |            4.6432 |            0.8584
 34530 |     23 | 2020-03-08 22:57:25   |        13.126 |       18.2075 |        11.705 |             4.257 |             1.853 |              4.72 |             0.875
 34530 |     24 | 2020-03-08 22:57:35   |        13.139 |       18.2133 |       12.2517 |            4.4537 |            1.9449 |            4.9345 |            0.9186
 34530 |     25 | 2020-03-08 22:57:45   |       13.1317 |       18.2082 |       12.3052 |            4.4741 |            1.9516 |             4.957 |            0.9225
 34530 |     26 | 2020-03-08 22:57:59   |        13.134 |        18.211 |        11.018 |             4.007 |             1.744 |             4.448 |             0.819
 34530 |     27 | 2020-03-08 22:58:13.5 |       13.1269 |       18.2074 |         11.43 |            4.1575 |            1.8084 |            4.6107 |            0.8533
 34530 |     28 | 2020-03-08 22:58:27   |       13.1325 |       18.2082 |        12.081 |             4.394 |             1.915 |             4.867 |             0.905
 34530 |     29 | 2020-03-08 22:58:39.5 |       13.1295 |       18.2087 |        11.957 |            4.3462 |             1.895 |            4.8204 |            0.8954
 34530 |     30 | 2020-03-08 22:58:48   |       13.1319 |       18.2076 |       12.3548 |              4.49 |            1.9609 |            4.9778 |            0.9262
 34530 |     31 | 2020-03-08 22:58:57.5 |       13.1217 |       18.2086 |       10.6639 |            3.8775 |            1.6847 |            4.3101 |            0.7916
 34530 |     32 | 2020-03-08 22:59:07.5 |       13.1244 |       18.1949 |       11.0513 |            4.0284 |            1.7392 |            4.4645 |            0.8192
 34530 |     33 | 2020-03-08 22:59:17   |       13.1286 |       18.2113 |       11.6406 |            4.2333 |            1.8425 |            4.6942 |            0.8707
 34530 |     34 | 2020-03-08 22:59:27   |       13.1325 |       18.2083 |        12.093 |             4.397 |             1.918 |             4.872 |             0.906
 34530 |     35 | 2020-03-08 22:59:37.5 |       13.1244 |       18.2072 |       11.9098 |            4.3303 |            1.8866 |            4.8022 |            0.8907
 34530 |     36 | 2020-03-08 22:59:52   |       13.1249 |       18.2063 |       11.9401 |            4.3395 |            1.8926 |            4.8146 |            0.8934
 34530 |     37 | 2020-03-08 23:00:07.5 |       13.1334 |       18.2097 |        11.464 |            4.1705 |            1.8149 |            4.6226 |            0.8559
 34530 |     38 | 2020-03-08 23:00:20   |        13.129 |       18.2067 |        11.696 |             4.254 |             1.852 |             4.716 |             0.874
 34530 |     39 | 2020-03-08 23:00:33   |       13.0725 |       18.2026 |       12.0537 |            4.3899 |            1.9062 |            4.8587 |             0.899
 34530 |     40 | 2020-03-08 23:00:46   |       13.1258 |       18.2066 |       12.1325 |            4.4096 |            1.9239 |            4.8906 |            0.9083
 34530 |     41 | 2020-03-08 23:01:01   |       13.1286 |       18.2072 |       10.6698 |            3.8797 |            1.6869 |            4.3114 |            0.7918
 34530 |     42 | 2020-03-08 23:01:16   |       13.1185 |       18.2061 |       11.6387 |            4.2385 |            1.8392 |            4.6936 |            0.8673
 34530 |     43 | 2020-03-08 23:01:28.5 |       13.1291 |       18.2074 |       11.9262 |            4.3366 |            1.8899 |            4.8071 |            0.8925
 34530 |     44 | 2020-03-08 23:01:41.5 |       13.0693 |       18.1911 |       12.2894 |            4.4831 |            1.9368 |            4.9574 |             0.912
 34530 |     45 | 2020-03-08 23:01:57   |       13.1305 |       18.2053 |        10.564 |              3.84 |             1.671 |             4.271 |             0.782
 34530 |     46 | 2020-03-08 23:02:12   |       13.1276 |       18.2085 |       11.3976 |            4.1463 |            1.8038 |            4.5976 |            0.8499
 34530 |     47 | 2020-03-08 23:02:24.5 |       13.1319 |       18.2162 |       11.9549 |            4.3615 |            1.8831 |            4.8224 |             0.888
 34530 |     48 | 2020-03-08 23:02:37.5 |       13.1337 |       18.2085 |       12.3171 |            4.4777 |            1.9548 |            4.9604 |            0.9241
 34530 |     49 | 2020-03-08 23:02:53   |       13.1204 |       18.2078 |       12.1013 |            4.3992 |            1.9179 |            4.8779 |            0.9064
 34530 |     50 | 2020-03-08 23:03:08.5 |       13.1244 |       18.2068 |       11.1183 |            4.0441 |             1.758 |            4.4879 |            0.8283
 34530 |     51 | 2020-03-08 23:03:20.5 |       13.1362 |       18.2096 |        11.934 |            4.3417 |            1.8913 |            4.8097 |            0.8913
 34530 |     52 | 2020-03-08 23:03:32.5 |       13.1245 |       18.2072 |       11.8097 |            4.2941 |              1.87 |            4.7622 |            0.8835
 34530 |     53 | 2020-03-08 23:03:45.5 |       13.1322 |       18.2079 |       12.2129 |            4.4349 |            1.9398 |            4.9212 |             0.917
 34530 |     54 | 2020-03-08 23:04:01   |       13.1225 |       18.2222 |       10.9556 |            3.9976 |            1.7238 |            4.4271 |            0.8071
 34530 |     55 | 2020-03-08 23:04:15   |       13.1315 |       18.2065 |        11.676 |             4.247 |             1.849 |             4.707 |             0.873
 34530 |     56 | 2020-03-08 23:04:25   |       13.1206 |       18.2147 |       12.0157 |            4.3822 |            1.8952 |             4.847 |            0.8913
 34530 |     57 | 2020-03-08 23:04:35   |       13.1249 |       18.2068 |       11.8709 |            4.3157 |             1.881 |            4.7863 |            0.8878
 34530 |     58 | 2020-03-08 23:04:45   |        13.124 |       18.1947 |        11.949 |             4.343 |             1.894 |             4.818 |             0.894
 34530 |     59 | 2020-03-08 23:04:58   |       13.1338 |         18.21 |       10.5831 |            3.8512 |            1.6714 |            4.2785 |             0.782
 34530 |     60 | 2020-03-08 23:05:11   |       13.1378 |         18.21 |       11.6426 |            4.2356 |            1.8446 |            4.6931 |            0.8692
 34530 |     61 | 2020-03-08 23:05:24.5 |       13.1324 |        18.211 |       11.7593 |            4.2879 |            1.8538 |            4.7444 |            0.8732
 34530 |     62 | 2020-03-08 23:05:38   |       13.0939 |       18.1909 |       12.2604 |            4.4717 |            1.9337 |            4.9449 |            0.9101
 34530 |     63 | 2020-03-08 23:05:47   |       13.1256 |        18.206 |       12.0776 |            4.3905 |            1.9142 |            4.8693 |            0.9036
 34530 |     64 | 2020-03-08 23:05:56.5 |       13.1314 |       18.2089 |       10.7407 |            3.9049 |            1.6989 |            4.3404 |            0.7966
 34530 |     65 | 2020-03-08 23:06:07   |       13.1303 |       18.2093 |       11.3011 |             4.114 |            1.7853 |            4.5614 |            0.8403
 34530 |     66 | 2020-03-08 23:06:17.5 |       13.1263 |       18.2089 |       11.5329 |            4.1953 |            1.8249 |            4.6518 |            0.8608
 34530 |     67 | 2020-03-08 23:06:27.5 |       13.1289 |       18.2061 |       11.9251 |            4.3361 |            1.8889 |            4.8079 |            0.8922
 34530 |     68 | 2020-03-08 23:06:37.5 |        13.118 |        18.212 |       12.2614 |            4.4724 |             1.933 |            4.9452 |            0.9108
 34530 |     69 | 2020-03-08 23:06:47   |       13.1259 |        18.207 |       12.0521 |            4.3806 |            1.9102 |            4.8596 |            0.9016
 34530 |     70 | 2020-03-08 23:07:00   |       13.1336 |       18.2075 |       10.7531 |            3.9098 |            1.7009 |            4.3448 |            0.7976
 34530 |     71 | 2020-03-08 23:07:13   |       13.1294 |       18.2144 |       11.4295 |            4.1724 |            1.7966 |            4.6152 |            0.8453
 34530 |     72 | 2020-03-08 23:07:23   |       13.1298 |       18.2059 |       11.8345 |            4.3042 |            1.8745 |             4.771 |             0.885
 34530 |     73 | 2020-03-08 23:07:33   |       13.1339 |       18.2066 |       12.1466 |            4.4155 |            1.9268 |            4.8934 |             0.911
 34530 |     74 | 2020-03-08 23:07:42.5 |       13.1228 |       18.2002 |       11.8872 |            4.3307 |            1.8783 |             4.792 |            0.8862
 34530 |     75 | 2020-03-08 23:07:55.5 |       13.1221 |       18.2085 |       11.0337 |            4.0122 |            1.7441 |            4.4585 |             0.819
 34530 |     76 | 2020-03-08 23:08:10   |       13.1325 |       18.2103 |        11.321 |             4.119 |             1.792 |             4.566 |             0.844
 34530 |     77 | 2020-03-08 23:08:20.5 |       13.1277 |       18.2066 |       11.6846 |            4.2502 |            1.8502 |             4.711 |            0.8732
 34530 |     78 | 2020-03-08 23:08:29   |        13.133 |       18.2092 |        12.129 |             4.411 |             1.923 |             4.886 |             0.909
 34530 |     79 | 2020-03-08 23:08:38   |       13.1338 |       18.2104 |       12.0808 |            4.3943 |            1.9158 |            4.8685 |            0.9022
 34530 |     80 | 2020-03-08 23:08:49.5 |       13.1278 |        18.207 |       12.2117 |            4.4377 |            1.9367 |            4.9227 |            0.9146
 34530 |     81 | 2020-03-08 23:09:02   |         13.13 |       18.2048 |        10.945 |              3.98 |             1.731 |              4.42 |             0.814
 34530 |     82 | 2020-03-08 23:09:13.5 |       13.1236 |        18.208 |       11.2321 |            4.0877 |            1.7742 |            4.5338 |            0.8365
 34530 |     83 | 2020-03-08 23:09:23   |        13.128 |       18.2062 |       11.7256 |            4.2642 |            1.8568 |            4.7277 |            0.8769
 34530 |     84 | 2020-03-08 23:09:32.5 |       13.1331 |       18.1964 |       12.0149 |             4.368 |            1.9062 |            4.8411 |            0.8996
 34530 |     85 | 2020-03-08 23:09:42   |       13.1263 |       18.2062 |       11.9777 |            4.3523 |               1.9 |            4.8284 |            0.8969
 34530 |     86 | 2020-03-08 23:09:55   |       13.1142 |       18.2116 |       11.0504 |            4.0251 |            1.7401 |            4.4679 |            0.8172
 34530 |     87 | 2020-03-08 23:10:08   |       13.1318 |       18.2087 |       11.2246 |            4.0811 |            1.7768 |            4.5291 |            0.8375
 34530 |     88 | 2020-03-08 23:10:18   |        13.126 |        18.207 |        11.483 |             4.177 |             1.817 |             4.632 |             0.857
 34530 |     89 | 2020-03-08 23:10:28   |       13.1316 |       18.2083 |       12.0384 |            4.3785 |            1.9086 |            4.8506 |            0.9007
 34530 |     90 | 2020-03-08 23:10:37.5 |       13.1231 |       18.1814 |       11.8118 |            4.2975 |            1.8704 |            4.7617 |            0.8822
 34530 |     91 | 2020-03-08 23:10:47.5 |       13.1304 |       18.2067 |       12.2134 |            4.4392 |            1.9378 |            4.9222 |            0.9143
 34530 |     92 | 2020-03-08 23:11:00   |       13.1333 |       18.2095 |       10.8321 |            3.9403 |            1.7132 |            4.3749 |            0.8037
 34530 |     93 | 2020-03-08 23:11:13   |        13.127 |        18.207 |        11.366 |             4.135 |             1.798 |             4.585 |             0.848
 34530 |     94 | 2020-03-08 23:11:23.5 |        13.133 |       18.2067 |       11.9398 |            4.3418 |            1.8924 |            4.8119 |            0.8937
 34530 |     95 | 2020-03-08 23:11:33   |       13.1276 |       18.2144 |       12.3262 |            4.4927 |            1.9462 |             4.971 |            0.9163
 34530 |     96 | 2020-03-08 23:11:43   |       13.1269 |       18.2069 |       12.0786 |            4.3908 |            1.9152 |            4.8686 |             0.904
 34530 |     97 | 2020-03-08 23:11:55.5 |       13.1082 |       18.2161 |       11.0762 |            4.0373 |            1.7438 |            4.4772 |             0.818
 34530 |     98 | 2020-03-08 23:12:08   |       13.1305 |       18.2063 |        11.295 |             4.108 |             1.787 |             4.558 |             0.842
 34530 |     99 | 2020-03-08 23:12:21.5 |         13.13 |       18.2051 |       11.8202 |            4.2988 |            1.8717 |            4.7649 |            0.8848
 34530 |    100 | 2020-03-08 23:12:34.5 |       13.1319 |       18.2092 |       12.0199 |            4.3706 |            1.9059 |            4.8441 |            0.8993
 34530 |    101 | 2020-03-08 23:12:44   |       13.1335 |         18.21 |        12.379 |             4.501 |             1.964 |             4.986 |             0.928
 34530 |    102 | 2020-03-08 23:12:53   |       13.1185 |        18.207 |        11.768 |             4.278 |             1.863 |             4.748 |             0.879
 34530 |    103 | 2020-03-08 23:13:05   |       13.1215 |       18.2058 |       11.1235 |            4.0495 |            1.7561 |            4.4917 |            0.8261
 34530 |    104 | 2020-03-08 23:13:18   |       13.1402 |       18.2104 |       11.7777 |            4.2861 |            1.8659 |            4.7472 |            0.8785
 34530 |    105 | 2020-03-08 23:13:27   |       13.1232 |       18.2076 |       11.6626 |            4.2412 |            1.8452 |            4.7041 |             0.872
 34530 |    106 | 2020-03-08 23:13:36   |        13.131 |       18.2062 |        12.143 |             4.415 |             1.925 |             4.893 |              0.91
 34530 |    107 | 2020-03-08 23:13:45.5 |       13.1345 |       18.2115 |       12.3532 |             4.492 |            1.9606 |            4.9749 |            0.9257
 34530 |    108 | 2020-03-08 23:13:57   |       13.1133 |       18.2058 |       10.6224 |             3.862 |            1.6764 |             4.297 |             0.787
 34530 |    109 | 2020-03-08 23:14:08.5 |       13.1315 |       18.2065 |       11.3505 |            4.1277 |            1.7966 |            4.5798 |            0.8463
 34530 |    110 | 2020-03-08 23:14:18   |       13.1339 |       18.2105 |       11.7618 |            4.2787 |            1.8635 |            4.7398 |            0.8798
 34530 |    111 | 2020-03-08 23:14:28   |        13.126 |        18.207 |        11.765 |             4.278 |             1.863 |             4.744 |              0.88
 34530 |    112 | 2020-03-08 23:14:38   |       13.1291 |       18.2071 |       12.1201 |            4.4066 |            1.9215 |            4.8846 |            0.9074
 34530 |    113 | 2020-03-08 23:14:47.5 |       13.0956 |       18.1908 |        12.206 |            4.4515 |            1.9255 |            4.9228 |            0.9063
 34530 |    114 | 2020-03-08 23:15:00   |       13.1305 |       18.2062 |         10.68 |             3.883 |             1.689 |             4.316 |             0.792
 34530 |    115 | 2020-03-08 23:15:13   |       13.1303 |       18.2043 |       11.5192 |            4.1885 |            1.8241 |             4.646 |            0.8606
 34530 |    116 | 2020-03-08 23:15:23   |       13.1251 |       18.2103 |       11.6278 |             4.233 |            1.8372 |            4.6909 |            0.8667
 34530 |    117 | 2020-03-08 23:15:33   |       13.1316 |       18.2091 |       12.0251 |            4.3729 |            1.9063 |            4.8456 |            0.9004
 34530 |    118 | 2020-03-08 23:15:44.5 |       13.1269 |        18.207 |       12.0733 |            4.3889 |            1.9136 |            4.8667 |            0.9041
 34530 |    119 | 2020-03-08 23:15:58.5 |       13.1345 |        18.211 |       10.4594 |            3.8029 |            1.6539 |             4.229 |            0.7735
 34530 |    120 | 2020-03-08 23:16:10.5 |       13.1252 |       18.2075 |       11.1404 |            4.0527 |            1.7604 |            4.4975 |            0.8298
 34530 |    121 | 2020-03-08 23:16:19.5 |       13.1306 |       18.2076 |       11.7527 |            4.2744 |            1.8618 |            4.7379 |            0.8786
 34530 |    122 | 2020-03-08 23:16:28.5 |       13.1332 |       18.2098 |        12.136 |            4.4134 |            1.9245 |            4.8888 |            0.9094
 34530 |    123 | 2020-03-08 23:16:38   |        13.126 |       18.2075 |        11.924 |             4.336 |             1.889 |             4.807 |             0.892
 34530 |    124 | 2020-03-08 23:16:48   |       13.1005 |        18.222 |        12.205 |             4.452 |             1.925 |             4.922 |             0.906
 34530 |    125 | 2020-03-08 23:17:00.5 |       13.1164 |       18.2087 |       10.8057 |             3.933 |            1.7059 |             4.367 |            0.7998
 34530 |    126 | 2020-03-08 23:17:13   |       13.1303 |       18.2051 |       11.4844 |            4.1756 |            1.8192 |            4.6312 |            0.8584
 34530 |    127 | 2020-03-08 23:17:23   |       13.1279 |       18.2085 |       11.7242 |             4.264 |            1.8562 |            4.7275 |            0.8766
 34530 |    128 | 2020-03-08 23:17:33   |       13.1333 |       18.2115 |       12.0069 |            4.3697 |            1.8992 |            4.8428 |            0.8951
 34530 |    129 | 2020-03-08 23:17:43   |       13.1272 |       18.2085 |       12.0493 |            4.3808 |            1.9095 |            4.8577 |            0.9013
 34530 |    130 | 2020-03-08 23:17:56.5 |       13.0999 |       18.2129 |       10.8974 |            3.9698 |            1.7159 |            4.4082 |            0.8036
 34530 |    131 | 2020-03-08 23:18:11.5 |       13.1251 |       18.2063 |        11.176 |            4.0649 |            1.7672 |             4.511 |            0.8329
 34530 |    132 | 2020-03-08 23:18:22   |         13.13 |        18.204 |        11.807 |             4.293 |             1.871 |              4.76 |             0.883
 34530 |    133 | 2020-03-08 23:18:31   |       13.1309 |         18.21 |       11.8966 |            4.3268 |            1.8855 |            4.7949 |            0.8894
 34530 |    134 | 2020-03-08 23:18:41   |       13.1273 |       18.2066 |       12.0346 |            4.3751 |            1.9072 |            4.8512 |            0.9012
 34530 |    135 | 2020-03-08 23:18:50   |       13.1305 |       18.2055 |        12.302 |             4.471 |             1.952 |             4.957 |             0.922
 34530 |    136 | 2020-03-08 23:19:01.5 |       13.1332 |       18.2092 |       10.7595 |            3.9123 |            1.7027 |             4.346 |            0.7984
 34530 |    137 | 2020-03-08 23:19:16   |       13.1292 |        18.206 |       11.5721 |            4.2089 |            1.8315 |            4.6672 |            0.8645
 34530 |    138 | 2020-03-08 23:19:30   |       13.1335 |        18.211 |        11.969 |             4.354 |             1.898 |             4.822 |             0.895
 34530 |    139 | 2020-03-08 23:19:40   |       13.1279 |       18.2072 |       12.0501 |              4.38 |            1.9102 |            4.8573 |            0.9025
 34530 |    140 | 2020-03-08 23:19:48.5 |       13.1309 |       18.2064 |       12.2471 |            4.4513 |            1.9431 |            4.9351 |            0.9176
 34530 |    141 | 2020-03-08 23:19:58.5 |       13.1244 |       18.2099 |        10.411 |            3.7971 |            1.6365 |            4.2156 |            0.7618
 34530 |    142 | 2020-03-08 23:20:09   |       13.1266 |       18.2066 |       11.1649 |            4.0612 |             1.765 |            4.5067 |            0.8319
 34530 |    143 | 2020-03-08 23:20:18.5 |       13.1305 |       18.2067 |        11.643 |            4.2332 |             1.844 |            4.6952 |            0.8706
 34530 |    144 | 2020-03-08 23:20:28   |       13.1021 |       18.2142 |       12.0444 |            4.3874 |            1.9042 |            4.8562 |            0.8967
 34530 |    145 | 2020-03-08 23:20:38   |        13.133 |       18.2112 |        12.121 |             4.408 |             1.923 |             4.883 |             0.907
 34530 |    146 | 2020-03-08 23:20:48   |       13.1294 |       18.2069 |       12.2067 |             4.437 |            1.9363 |            4.9192 |            0.9142
 34530 |    147 | 2020-03-08 23:21:01   |        13.103 |       18.2081 |       10.5168 |            3.8391 |            1.6478 |            4.2576 |            0.7723
 34530 |    148 | 2020-03-08 23:21:13.5 |       13.1275 |       18.2077 |       11.3534 |            4.1288 |            1.7972 |            4.5802 |            0.8472
 34530 |    149 | 2020-03-08 23:21:23   |       13.1318 |       18.2082 |       11.8728 |            4.3182 |            1.8814 |            4.7849 |            0.8884
 34530 |    150 | 2020-03-08 23:21:33   |       13.1271 |       18.2081 |       11.8634 |            4.3142 |            1.8795 |            4.7831 |            0.8866
 34530 |    151 | 2020-03-08 23:21:43   |        13.129 |       18.2078 |       12.1516 |            4.4169 |            1.9268 |            4.8981 |            0.9097
 34530 |    152 | 2020-03-08 23:21:56   |       13.1184 |       18.2057 |       10.9294 |             3.972 |            1.7265 |            4.4179 |             0.813
 34530 |    153 | 2020-03-08 23:22:09   |       13.1299 |       18.2075 |       11.1096 |            4.0401 |            1.7569 |            4.4845 |             0.828
 34530 |    154 | 2020-03-08 23:22:18.5 |       13.1328 |       18.2085 |       11.7786 |            4.2843 |             1.866 |            4.7469 |            0.8813
 34530 |    155 | 2020-03-08 23:22:28   |       13.1125 |       18.1942 |       11.8719 |            4.3248 |            1.8746 |            4.7891 |            0.8835
 34530 |    156 | 2020-03-08 23:22:38.5 |       13.1279 |       18.2061 |       12.0314 |            4.3742 |            1.9075 |             4.849 |            0.9007
 34530 |    157 | 2020-03-08 23:22:52   |       13.1301 |       18.2094 |       12.3849 |            4.5018 |            1.9651 |            4.9897 |            0.9282
 34530 |    158 | 2020-03-08 23:23:09   |       13.1272 |       18.2069 |        11.164 |            4.0602 |            1.7658 |            4.5064 |            0.8316
 34530 |    159 | 2020-03-08 23:23:21.5 |       13.1336 |       18.2098 |       11.9595 |            4.3502 |            1.8953 |            4.8187 |            0.8952
 34530 |    160 | 2020-03-08 23:23:31   |       13.1162 |       18.2139 |       11.8034 |            4.3059 |            1.8563 |            4.7649 |            0.8763
 34530 |    161 | 2020-03-08 23:23:40   |       13.1287 |       18.2065 |       12.0864 |            4.3942 |            1.9157 |            4.8722 |            0.9043
 34530 |    162 | 2020-03-08 23:23:49   |       13.1422 |       18.2094 |       12.4326 |            4.5213 |            1.9736 |            5.0083 |            0.9295
 34530 |    163 | 2020-03-08 23:23:59   |       13.1137 |       18.2078 |       10.2603 |            3.7318 |             1.618 |            4.1522 |            0.7583
 34530 |    164 | 2020-03-08 23:24:09   |       13.1277 |       18.2075 |       11.1994 |            4.0737 |            1.7714 |            4.5199 |            0.8344
 34530 |    165 | 2020-03-08 23:24:19   |       13.1336 |       18.2085 |       11.8121 |            4.2963 |            1.8716 |            4.7606 |            0.8836
 34530 |    166 | 2020-03-08 23:24:29   |       13.1224 |       18.2092 |       11.8122 |            4.2972 |            1.8695 |            4.7633 |            0.8823
 34530 |    167 | 2020-03-08 23:24:38.5 |       13.1278 |       18.2072 |       12.0302 |            4.3734 |            1.9071 |            4.8493 |            0.9004
 34530 |    168 | 2020-03-08 23:24:48   |       13.1338 |       18.2093 |       12.3905 |            4.5046 |            1.9667 |            4.9905 |            0.9288
 34530 |    169 | 2020-03-08 23:25:01   |       13.0561 |       18.2128 |        10.666 |            3.8874 |            1.6773 |            4.3142 |            0.7871
 34530 |    170 | 2020-03-08 23:25:14   |        13.128 |       18.2077 |        11.405 |             4.149 |             1.804 |             4.601 |             0.851
 34530 |    171 | 2020-03-08 23:25:23.5 |       13.1338 |       18.2118 |        12.055 |            4.3858 |            1.9112 |            4.8553 |            0.9026
 34530 |    172 | 2020-03-08 23:25:33.5 |        13.127 |       18.2077 |        11.899 |            4.3261 |            1.8855 |            4.7971 |            0.8903
 34530 |    173 | 2020-03-08 23:25:43.5 |       13.1316 |       18.2062 |       12.2643 |            4.4577 |            1.9463 |             4.941 |            0.9193
 34530 |    174 | 2020-03-08 23:25:56   |       13.1123 |       18.2064 |       11.0035 |            4.0001 |            1.7385 |            4.4471 |            0.8178
 34530 |    175 | 2020-03-08 23:26:09   |       13.1268 |       18.2075 |       11.1632 |            4.0604 |            1.7653 |            4.5061 |            0.8314
 34530 |    176 | 2020-03-08 23:26:23.5 |       13.1325 |        18.177 |       11.7579 |            4.2817 |            1.8599 |            4.7389 |            0.8774
 34530 |    177 | 2020-03-08 23:26:37   |       13.1289 |        18.208 |       12.0581 |            4.3836 |            1.9115 |            4.8598 |            0.9032
 34530 |    178 | 2020-03-08 23:26:45.5 |       13.1318 |       18.2108 |       12.3271 |            4.4804 |            1.9563 |            4.9661 |            0.9243
 34530 |    179 | 2020-03-08 23:26:54.5 |       13.1212 |         18.21 |       11.8166 |             4.295 |            1.8718 |             4.767 |            0.8828
 34530 |    180 | 2020-03-08 23:27:04   |       13.1283 |       18.2077 |       10.9072 |            3.9663 |            1.7244 |            4.4057 |            0.8108
 34530 |    181 | 2020-03-08 23:27:14   |       13.1305 |       18.2057 |        11.543 |             4.198 |             1.828 |             4.655 |             0.862
 34530 |    182 | 2020-03-08 23:27:24   |       13.0655 |       18.2011 |       11.8153 |            4.3097 |            1.8615 |            4.7671 |            0.8769
 34530 |    183 | 2020-03-08 23:27:34   |       13.1275 |        18.208 |        11.945 |             4.343 |             1.893 |             4.815 |             0.894
 34530 |    184 | 2020-03-08 23:27:43.5 |       13.1318 |       18.2068 |        12.292 |            4.4686 |            1.9498 |             4.952 |            0.9216
 34530 |    185 | 2020-03-08 23:27:56   |       13.1134 |       18.2068 |       11.1089 |            4.0371 |            1.7565 |            4.4884 |            0.8269
 34530 |    186 | 2020-03-08 23:28:11.5 |       13.1313 |       18.2077 |       11.4417 |            4.1617 |            1.8111 |            4.6147 |            0.8542
 34530 |    187 | 2020-03-08 23:28:22   |        13.132 |       18.2132 |        11.718 |             4.267 |             1.854 |             4.722 |             0.875
 34530 |    188 | 2020-03-08 23:28:31   |        13.126 |       18.2077 |       11.8153 |            4.2968 |            1.8707 |            4.7639 |            0.8839
 34530 |    189 | 2020-03-08 23:28:40   |       13.1306 |       18.2087 |       12.1692 |            4.4238 |            1.9294 |            4.9036 |            0.9124
 34530 |    190 | 2020-03-08 23:28:50   |       13.1335 |       18.2117 |        12.243 |             4.451 |             1.943 |             4.932 |             0.917
 34530 |    191 | 2020-03-08 23:29:02   |       13.1255 |        18.207 |        10.687 |             3.887 |             1.688 |             4.319 |             0.793
 34530 |    192 | 2020-03-08 23:29:14   |       13.1325 |        18.209 |        11.641 |             4.234 |             1.844 |             4.693 |              0.87
 34530 |    193 | 2020-03-08 23:29:24   |        13.124 |       18.2184 |       11.8061 |            4.3041 |            1.8639 |            4.7606 |            0.8776
 34530 |    194 | 2020-03-08 23:29:34   |       13.1285 |       18.2072 |        11.974 |             4.354 |             1.898 |             4.826 |             0.896
 34530 |    195 | 2020-03-08 23:29:45   |       13.1336 |        18.209 |        12.399 |            4.5066 |            1.9685 |            4.9932 |            0.9307
 34530 |    196 | 2020-03-08 23:29:58   |       13.1085 |        18.207 |         10.35 |             3.764 |             1.631 |              4.19 |             0.765
 34530 |    197 | 2020-03-08 23:30:10   |       13.1295 |        18.208 |        11.301 |              4.11 |             1.788 |              4.56 |             0.843
 34530 |    198 | 2020-03-08 23:30:19.5 |       13.1033 |       18.2103 |       11.7016 |            4.2609 |             1.848 |            4.7197 |            0.8729
 34530 |    199 | 2020-03-08 23:30:29   |        13.131 |       18.2078 |        11.812 |             4.299 |            1.8681 |            4.7634 |            0.8815
 34530 |    200 | 2020-03-08 23:30:39   |       13.1315 |       18.2069 |       12.1883 |            4.4311 |            1.9324 |            4.9111 |            0.9136
 34530 |    201 | 2020-03-08 23:30:49   |       13.1331 |       18.2099 |       12.2252 |            4.4448 |             1.939 |            4.9255 |            0.9157
 34530 |    202 | 2020-03-08 23:31:01.5 |       13.1239 |       18.2075 |       10.6183 |            3.8609 |            1.6774 |            4.2925 |            0.7875
 34530 |    203 | 2020-03-08 23:31:14   |       13.1325 |       18.2115 |        11.697 |             4.257 |             1.853 |             4.714 |             0.873
 34530 |    204 | 2020-03-08 23:31:24   |       13.1239 |       18.2059 |       11.5238 |            4.1902 |            1.8242 |            4.6477 |            0.8618
 34530 |    205 | 2020-03-08 23:31:34   |       13.1285 |       18.2072 |        11.976 |             4.355 |             1.898 |             4.826 |             0.897
 34530 |    206 | 2020-03-08 23:31:44   |       13.1409 |       18.2112 |       12.2699 |             4.459 |            1.9487 |            4.9423 |            0.9199
 34530 |    207 | 2020-03-08 23:31:57   |       13.1151 |       18.2079 |       10.6953 |            3.8881 |            1.6884 |            4.3249 |            0.7939
 34530 |    208 | 2020-03-08 23:32:09.5 |       13.1327 |       18.2097 |       11.4092 |            4.1499 |            1.8061 |             4.602 |            0.8512
 34530 |    209 | 2020-03-08 23:32:19   |       13.1343 |       18.2106 |       11.6042 |            4.2226 |            1.8374 |            4.6793 |            0.8649
 34530 |    210 | 2020-03-08 23:32:29   |       13.1273 |       18.2072 |       11.8293 |            4.3026 |            1.8736 |            4.7681 |             0.885
 34530 |    211 | 2020-03-08 23:32:39   |         13.13 |        18.209 |       12.2499 |            4.4558 |             1.941 |             4.937 |            0.9161
 34530 |    212 | 2020-03-08 23:32:49   |        13.126 |       18.2073 |        12.001 |            4.3625 |            1.9025 |            4.8376 |            0.8984
 34530 |    213 | 2020-03-08 23:33:02   |       13.1255 |       18.2075 |        10.679 |             3.883 |             1.687 |             4.316 |             0.793
 34530 |    214 | 2020-03-08 23:33:16.5 |        13.126 |       18.2196 |       11.6564 |            4.2522 |            1.8373 |            4.7018 |            0.8651
 34530 |    215 | 2020-03-08 23:33:30   |       13.1285 |       18.2075 |        11.903 |             4.329 |             1.886 |             4.797 |             0.891
 34530 |    216 | 2020-03-08 23:33:41.5 |       13.1221 |       18.2196 |        12.332 |            4.4982 |            1.9449 |            4.9723 |            0.9166
 34530 |    217 | 2020-03-08 23:33:50.5 |       13.0714 |       18.1953 |       12.1431 |             4.429 |            1.9125 |            4.8999 |            0.9018
 34530 |    218 | 2020-03-08 23:34:00   |       13.1146 |       18.2072 |       10.3962 |             3.781 |            1.6396 |            4.2061 |            0.7695
 34530 |    219 | 2020-03-08 23:34:09.5 |       13.1321 |       18.2087 |       11.3979 |            4.1454 |            1.8044 |             4.597 |            0.8511
 34530 |    220 | 2020-03-08 23:34:19   |       13.1145 |       18.2139 |       11.4371 |            4.1727 |            1.7977 |            4.6182 |            0.8486
 34530 |    221 | 2020-03-08 23:34:29   |       13.1282 |       18.2075 |       11.8969 |            4.3263 |             1.884 |            4.7963 |            0.8902
 34530 |    222 | 2020-03-08 23:34:39   |       13.1318 |       18.2096 |       12.1908 |            4.4337 |            1.9334 |            4.9107 |            0.9129
 34530 |    223 | 2020-03-08 23:34:49   |       13.1263 |       18.2077 |       12.0301 |            4.3731 |             1.907 |            4.8497 |            0.9003
 34530 |    224 | 2020-03-08 23:35:01.5 |       13.1226 |       18.2065 |       10.5764 |            3.8466 |              1.67 |            4.2757 |            0.7841
 34530 |    225 | 2020-03-08 23:35:14   |       13.1282 |       18.2067 |       11.4435 |            4.1614 |            1.8107 |            4.6165 |            0.8549
 34530 |    226 | 2020-03-08 23:35:24   |       13.1249 |       18.2066 |       11.6196 |             4.226 |            1.8393 |            4.6861 |            0.8682
 34530 |    227 | 2020-03-08 23:35:34   |        13.132 |       18.2072 |        12.136 |             4.413 |             1.924 |              4.89 |             0.909
 34530 |    228 | 2020-03-08 23:35:44   |       13.1163 |       18.2063 |       12.3752 |            4.5082 |            1.9562 |            4.9881 |            0.9227
 34530 |    229 | 2020-03-08 23:35:57   |       13.1105 |       18.2074 |       10.7379 |            3.9044 |            1.6948 |            4.3424 |            0.7962
 34530 |    230 | 2020-03-08 23:36:10   |        13.133 |       18.2112 |        11.518 |             4.191 |             1.824 |             4.644 |             0.859
 34530 |    231 | 2020-03-08 23:36:19.5 |       13.1248 |       18.2084 |       11.4053 |            4.1466 |            1.8056 |            4.6012 |            0.8518
 34530 |    232 | 2020-03-08 23:36:29   |       13.1291 |       18.2071 |       11.9002 |             4.327 |            1.8856 |            4.7971 |            0.8905
 34530 |    233 | 2020-03-08 23:36:39.5 |       13.1288 |       18.2069 |        12.086 |            4.3943 |             1.916 |             4.871 |            0.9047
 34530 |    234 | 2020-03-08 23:36:54.5 |       13.1204 |       18.2061 |       11.9106 |            4.3291 |            1.8873 |            4.8038 |            0.8904
 34530 |    235 | 2020-03-08 23:37:08   |        13.048 |       18.1905 |        10.989 |             4.008 |             1.727 |             4.441 |             0.813
 34530 |    236 | 2020-03-08 23:37:17   |       13.1255 |       18.1912 |       11.4422 |             4.166 |            1.8072 |            4.6161 |            0.8529
 34530 |    237 | 2020-03-08 23:37:26   |       13.1255 |       18.2067 |        11.665 |             4.242 |             1.847 |             4.704 |             0.872
 34530 |    238 | 2020-03-08 23:37:36   |        13.132 |        18.209 |       12.2242 |            4.4447 |            1.9393 |            4.9247 |            0.9154
 34530 |    239 | 2020-03-08 23:37:45   |       13.1253 |       18.2079 |        11.979 |            4.3551 |            1.8986 |            4.8299 |            0.8953
 34530 |    240 | 2020-03-08 23:37:57.5 |       13.1094 |       18.2076 |        10.613 |             3.859 |            1.6745 |            4.2935 |             0.786
 34530 |    241 | 2020-03-08 23:38:11   |       13.1338 |       18.2097 |       11.4866 |            4.1789 |            1.8193 |            4.6316 |            0.8569
 34530 |    242 | 2020-03-08 23:38:21   |       13.1256 |       18.2075 |       11.5421 |            4.1988 |            1.8263 |            4.6549 |            0.8621
 34530 |    243 | 2020-03-08 23:38:30.5 |        13.131 |       18.2059 |       12.0314 |            4.3748 |            1.9074 |            4.8483 |            0.9009
 34530 |    244 | 2020-03-08 23:38:39.5 |       13.1412 |       18.2115 |       12.2837 |            4.4689 |            1.9492 |            4.9484 |            0.9171
 34530 |    245 | 2020-03-08 23:38:49   |       13.1249 |       18.2071 |       11.9935 |            4.3597 |            1.9008 |            4.8359 |            0.8971
 34530 |    246 | 2020-03-08 23:39:02   |       13.1315 |       18.2072 |        10.923 |             3.971 |             1.728 |             4.412 |             0.812
 34530 |    247 | 2020-03-08 23:39:15   |       13.1299 |       18.2101 |       11.4542 |            4.1683 |            1.8132 |             4.619 |            0.8537
 34530 |    248 | 2020-03-08 23:39:24.5 |       13.1268 |       18.2079 |        11.687 |            4.2509 |            1.8501 |            4.7123 |            0.8737
 34530 |    249 | 2020-03-08 23:39:34   |        13.134 |       18.2112 |        12.219 |             4.443 |             1.938 |             4.922 |             0.916
 34530 |    250 | 2020-03-08 23:39:44   |       13.0761 |       18.2131 |       12.0911 |            4.4016 |            1.9102 |            4.8772 |            0.9021
 34530 |    251 | 2020-03-08 23:39:57   |       13.1125 |       18.2076 |       10.9039 |            3.9638 |            1.7225 |            4.4079 |            0.8098
 34530 |    252 | 2020-03-08 23:40:10.5 |       13.1335 |       18.2089 |       11.5019 |            4.1833 |            1.8214 |            4.6381 |            0.8591
 34530 |    253 | 2020-03-08 23:40:25   |       13.1239 |       18.1864 |       11.5552 |             4.207 |             1.826 |            4.6602 |             0.862
 34530 |    254 | 2020-03-08 23:40:38   |        13.134 |       18.2103 |        12.296 |             4.472 |             1.951 |             4.952 |             0.921
 34530 |    255 | 2020-03-08 23:40:47   |        13.125 |       18.2075 |        11.987 |            4.3564 |            1.8994 |            4.8341 |            0.8971
 34530 |    256 | 2020-03-08 23:40:55.5 |       13.1213 |       18.2079 |       11.6384 |            4.2301 |            1.8428 |             4.697 |            0.8685
 34530 |    257 | 2020-03-08 23:41:04.5 |       13.1482 |       18.2072 |       11.0993 |            4.0346 |            1.7582 |            4.4803 |            0.8263
 34530 |    258 | 2020-03-08 23:41:15   |       13.1457 |       18.2113 |       11.4685 |            4.1709 |            1.8168 |            4.6243 |            0.8565
 34530 |    259 | 2020-03-08 23:41:24.5 |       13.1297 |       18.2061 |       11.7836 |            4.2846 |            1.8662 |            4.7508 |            0.8819
 34530 |    260 | 2020-03-08 23:41:34   |        13.134 |       18.2105 |        12.212 |             4.441 |             1.937 |             4.919 |             0.915
 34530 |    261 | 2020-03-08 23:41:44   |       13.1238 |       18.2067 |       11.9281 |            4.3361 |            1.8898 |            4.8099 |            0.8923
 34530 |    262 | 2020-03-08 23:41:57   |       13.1122 |       18.2073 |       10.9064 |            3.9643 |            1.7228 |            4.4091 |            0.8102
 34530 |    263 | 2020-03-08 23:42:10   |       13.1325 |       18.1942 |         11.24 |             4.089 |             1.779 |             4.534 |             0.838
 34530 |    264 | 2020-03-08 23:42:20   |       13.1277 |       18.2065 |       11.5585 |            4.2032 |            1.8304 |            4.6616 |            0.8633
 34530 |    265 | 2020-03-08 23:42:30   |        13.132 |       18.2077 |         12.06 |             4.386 |             1.912 |             4.859 |             0.903
 34530 |    266 | 2020-03-08 23:42:39.5 |       13.1298 |         18.21 |        11.992 |            4.3603 |            1.9007 |            4.8337 |            0.8973
 34530 |    267 | 2020-03-08 23:42:49   |       13.1264 |       18.2073 |       12.0584 |            4.3831 |            1.9114 |            4.8614 |            0.9025
 34530 |    268 | 2020-03-08 23:43:02.5 |       13.1334 |       18.2076 |       11.0301 |            4.0109 |            1.7458 |            4.4531 |            0.8204
 34530 |    269 | 2020-03-08 23:43:16   |       13.0558 |       18.2014 |       11.3596 |            4.1379 |            1.7915 |            4.5849 |            0.8453
 34530 |    270 | 2020-03-08 23:43:25.5 |       13.1301 |        18.206 |       11.8982 |            4.3267 |            1.8856 |            4.7958 |            0.8902
 34530 |    271 | 2020-03-08 23:43:35   |       13.1426 |       18.2106 |       12.2252 |            4.4477 |            1.9396 |            4.9243 |            0.9136
 34530 |    272 | 2020-03-08 23:43:47   |       13.1256 |        18.207 |       11.9888 |            4.3571 |            1.9002 |            4.8342 |            0.8973
 34530 |    273 | 2020-03-08 23:44:00.5 |       13.1222 |       18.2079 |       10.6876 |            3.8873 |            1.6878 |            4.3202 |            0.7924
 34530 |    274 | 2020-03-08 23:44:11.5 |       13.1234 |       18.1938 |       11.1126 |            4.0483 |            1.7523 |            4.4866 |            0.8254
 34530 |    275 | 2020-03-08 23:44:20.5 |       13.1293 |       18.2056 |       11.6757 |            4.2468 |            1.8485 |            4.7075 |            0.8729
 34530 |    276 | 2020-03-08 23:44:30   |        13.133 |       18.2095 |         12.11 |             4.404 |              1.92 |             4.879 |             0.907
 34530 |    277 | 2020-03-08 23:44:39.5 |        13.123 |       18.2123 |       11.7833 |            4.2844 |            1.8653 |            4.7524 |            0.8812
 34530 |    278 | 2020-03-08 23:44:49.5 |       13.1279 |       18.2069 |       12.1416 |            4.4127 |             1.925 |            4.8943 |            0.9096
 34530 |    279 | 2020-03-08 23:45:02.5 |       13.1265 |       18.2068 |       10.7037 |             3.892 |            1.6912 |            4.3258 |            0.7947
 34530 |    280 | 2020-03-08 23:45:15   |       13.0201 |       18.1996 |       11.2668 |            4.1091 |            1.7715 |            4.5502 |            0.8359
 34530 |    281 | 2020-03-08 23:45:25   |       13.1276 |       18.2056 |       11.8362 |            4.3043 |            1.8748 |             4.772 |             0.885
 34530 |    282 | 2020-03-08 23:45:34.5 |       13.1311 |       18.2016 |       11.9432 |            4.3439 |            1.8928 |            4.8135 |            0.8931
 34530 |    283 | 2020-03-08 23:45:44.5 |       13.1256 |       18.2072 |       11.9943 |            4.3606 |            1.9014 |            4.8352 |             0.897
 34530 |    284 | 2020-03-08 23:45:57   |       13.1119 |       18.2081 |        10.995 |            3.9974 |            1.7365 |            4.4437 |            0.8175
 34530 |    285 | 2020-03-08 23:46:10   |       13.0845 |        18.197 |        11.135 |             4.066 |             1.748 |             4.499 |             0.822
 34530 |    286 | 2020-03-08 23:46:20.5 |       13.1273 |       18.2069 |       11.6463 |            4.2365 |            1.8436 |            4.6964 |            0.8698
 34530 |    287 | 2020-03-08 23:46:30   |       13.1335 |       18.2115 |        12.161 |             4.424 |             1.929 |             4.898 |              0.91
 34530 |    288 | 2020-03-08 23:46:39.5 |       13.1243 |       18.2077 |       11.8924 |            4.3241 |            1.8834 |            4.7954 |            0.8895
 34530 |    289 | 2020-03-08 23:46:49   |       13.1278 |       18.2077 |       12.1272 |             4.408 |            1.9228 |            4.8887 |            0.9078
 34530 |    290 | 2020-03-08 23:47:02   |        13.101 |       18.2142 |        11.033 |             4.019 |             1.741 |             4.459 |             0.814
 34530 |    291 | 2020-03-08 23:47:19   |       13.1296 |       18.2072 |       11.6286 |            4.2298 |            1.8415 |            4.6884 |            0.8688
 34530 |    292 | 2020-03-08 23:47:33.5 |       13.1337 |       18.2104 |        12.022 |            4.3722 |            1.9067 |            4.8429 |            0.9001
 34530 |    293 | 2020-03-08 23:47:43.5 |       13.1284 |       18.2077 |       12.0901 |            4.3954 |            1.9168 |            4.8727 |            0.9052
 34530 |    294 | 2020-03-08 23:47:53   |       13.1319 |       18.2077 |       12.4227 |            4.5142 |             1.972 |            5.0046 |             0.932
 34530 |    295 | 2020-03-08 23:48:05.5 |       13.1252 |       18.2106 |       10.8357 |            3.9485 |            1.7055 |            4.3796 |             0.802
 34530 |    296 | 2020-03-08 23:48:18.5 |       13.1298 |       18.2073 |       11.6123 |            4.2234 |            1.8387 |            4.6825 |            0.8678
 34530 |    297 | 2020-03-08 23:48:28.5 |       13.1348 |       18.2109 |       12.1319 |            4.4111 |            1.9256 |             4.886 |            0.9092
 34530 |    298 | 2020-03-08 23:48:37   |       13.1255 |       18.2075 |       11.8766 |            4.3224 |            1.8783 |            4.7901 |            0.8858
 34530 |    299 | 2020-03-08 23:48:45.5 |       13.1279 |       18.2084 |       12.0948 |            4.3962 |            1.9174 |            4.8758 |            0.9053
 34530 |    300 | 2020-03-08 23:48:54   |       13.1325 |        18.209 |        12.411 |             4.511 |              1.97 |                 5 |              0.93
 34530 |    301 | 2020-03-08 23:49:04   |       13.1362 |       18.1973 |       10.9625 |            3.9908 |            1.7329 |            4.4249 |            0.8139
 34530 |    302 | 2020-03-08 23:49:15   |       13.1276 |       18.2076 |       11.3902 |            4.1431 |            1.8026 |             4.595 |            0.8495
 34530 |    303 | 2020-03-08 23:49:25   |        13.137 |       18.2118 |       11.9703 |            4.3534 |            1.8982 |            4.8222 |            0.8965
 34530 |    304 | 2020-03-08 23:49:35   |       13.0822 |       18.2179 |        12.011 |             4.373 |            1.9004 |            4.8439 |            0.8937
 34530 |    305 | 2020-03-08 23:49:45   |       13.1283 |       18.2077 |       12.1288 |            4.4091 |            1.9236 |            4.8882 |            0.9079
 34530 |    306 | 2020-03-08 23:49:58   |       13.1095 |        18.207 |        10.636 |             3.868 |             1.678 |             4.302 |             0.788
 34530 |    307 | 2020-03-08 23:50:10.5 |       13.1265 |       18.2118 |        11.301 |            4.1159 |            1.7862 |            4.5608 |            0.8381
 34530 |    308 | 2020-03-08 23:50:20   |       13.1314 |       18.2078 |        11.737 |            4.2693 |            1.8597 |            4.7307 |            0.8772
 34530 |    309 | 2020-03-08 23:50:30   |        13.133 |       18.2097 |        11.913 |             4.334 |             1.888 |               4.8 |             0.891
 34530 |    310 | 2020-03-08 23:50:40   |       13.1269 |       18.2101 |        11.969 |            4.3512 |            1.8978 |            4.8245 |            0.8956
 34530 |    311 | 2020-03-08 23:50:54   |        13.131 |       18.2065 |        12.336 |             4.483 |             1.958 |              4.97 |             0.925
 34530 |    312 | 2020-03-08 23:51:07   |       13.0875 |       18.1917 |        11.126 |             4.061 |             1.747 |             4.497 |             0.821
 34530 |    313 | 2020-03-08 23:51:16   |       13.1281 |       18.2064 |       11.5391 |            4.1977 |            1.8261 |            4.6535 |            0.8619
 34530 |    314 | 2020-03-08 23:51:26   |       13.1185 |       18.2165 |        11.875 |             4.333 |             1.868 |             4.792 |             0.882
 34530 |    315 | 2020-03-08 23:51:35.5 |       13.0966 |          18.2 |       11.9132 |            4.3446 |            1.8775 |             4.806 |             0.885
 34530 |    316 | 2020-03-08 23:51:45   |       13.1296 |       18.2059 |        12.204 |            4.4356 |            1.9357 |            4.9183 |            0.9143
 34530 |    317 | 2020-03-08 23:51:58   |        13.109 |       18.2067 |        10.725 |               3.9 |             1.692 |             4.337 |             0.796
 34530 |    318 | 2020-03-08 23:52:11   |       13.1314 |       18.2098 |       11.1852 |             4.067 |            1.7704 |            4.5136 |            0.8342
 34530 |    319 | 2020-03-08 23:52:21   |        13.133 |       18.2123 |        11.864 |            4.3145 |            1.8807 |            4.7807 |            0.8882
 34530 |    320 | 2020-03-08 23:52:31.5 |       13.1309 |       18.2141 |       11.8851 |            4.3223 |            1.8834 |            4.7903 |            0.8891
 34530 |    321 | 2020-03-08 23:52:41   |         13.13 |       18.2072 |       12.1091 |            4.4019 |            1.9199 |            4.8803 |             0.907
 34530 |    322 | 2020-03-08 23:52:50   |        13.133 |       18.2093 |        12.388 |             4.503 |             1.966 |              4.99 |             0.929
 34530 |    323 | 2020-03-08 23:53:03   |        13.137 |       18.2103 |       10.8551 |            3.9475 |            1.7178 |            4.3834 |            0.8064
 34530 |    324 | 2020-03-08 23:53:16   |       13.1306 |       18.2071 |       11.5236 |            4.1913 |            1.8241 |            4.6474 |            0.8608
 34530 |    325 | 2020-03-08 23:53:25.5 |       13.1325 |       18.2139 |       11.7962 |            4.2963 |            1.8662 |            4.7525 |            0.8812
 34530 |    326 | 2020-03-08 23:53:35   |       13.1252 |       18.2077 |       11.8466 |            4.3078 |            1.8759 |            4.7763 |            0.8866
 34530 |    327 | 2020-03-08 23:53:45   |       13.1299 |       18.2061 |       12.2078 |            4.4384 |            1.9361 |             4.919 |            0.9142
 34530 |    328 | 2020-03-08 23:53:58   |       13.1095 |       18.2077 |        10.702 |             3.892 |             1.688 |             4.329 |             0.793
 34530 |    329 | 2020-03-08 23:54:12.5 |       13.1271 |       18.2069 |       11.3222 |            4.1183 |            1.7914 |             4.568 |            0.8445
 34530 |    330 | 2020-03-08 23:54:27   |       13.0996 |        18.191 |       11.7858 |            4.2968 |            1.8572 |            4.7547 |            0.8772
 34530 |    331 | 2020-03-08 23:54:40   |       13.1292 |       18.2064 |       12.0835 |            4.3933 |            1.9156 |            4.8695 |            0.9051
 34530 |    332 | 2020-03-08 23:54:49   |       13.1316 |       18.2091 |       12.2814 |            4.4643 |            1.9485 |            4.9481 |            0.9206
 34530 |    333 | 2020-03-08 23:54:57.5 |       13.1121 |       18.2066 |       10.9631 |            3.9859 |            1.7318 |            4.4306 |            0.8147
 34530 |    334 | 2020-03-08 23:55:06.5 |       13.1326 |       18.2116 |       11.2607 |             4.097 |             1.782 |            4.5432 |            0.8385
 34530 |    335 | 2020-03-08 23:55:16   |       13.1271 |       18.2064 |       11.3857 |            4.1411 |            1.8019 |            4.5934 |            0.8493
 34530 |    336 | 2020-03-08 23:55:26   |        13.119 |       18.2125 |        12.052 |             4.393 |             1.902 |             4.862 |             0.895
 34530 |    337 | 2020-03-08 23:55:35.5 |       13.1268 |       18.2076 |       11.9002 |            4.3273 |            1.8852 |            4.7981 |            0.8896
 34530 |    338 | 2020-03-08 23:55:45   |         13.13 |       18.2054 |       12.1941 |             4.432 |            1.9342 |            4.9145 |            0.9135
 34530 |    339 | 2020-03-08 23:55:58   |        13.109 |       18.2077 |          10.8 |             3.927 |             1.704 |             4.368 |             0.801
 34530 |    340 | 2020-03-08 23:56:11   |       13.1286 |       18.2062 |       11.2514 |            4.0928 |            1.7797 |            4.5409 |             0.838
 34530 |    341 | 2020-03-08 23:56:20.5 |       13.1207 |       18.2109 |       11.8452 |            4.3157 |            1.8703 |            4.7781 |             0.881
 34530 |    342 | 2020-03-08 23:56:30   |       13.1245 |       18.2077 |        11.677 |             4.247 |             1.848 |             4.709 |             0.873
 34530 |    343 | 2020-03-08 23:56:40   |       13.1297 |       18.2076 |       12.0987 |            4.3983 |            1.9182 |            4.8763 |            0.9059
 34530 |    344 | 2020-03-08 23:56:50   |        13.134 |       18.2105 |        12.436 |             4.521 |             1.974 |             5.009 |             0.932
 34530 |    345 | 2020-03-08 23:57:03   |       13.1305 |       18.2079 |       10.6333 |            3.8668 |            1.6805 |            4.2975 |            0.7886
 34530 |    346 | 2020-03-08 23:57:16   |       13.1282 |        18.207 |       11.4411 |            4.1617 |            1.8105 |            4.6149 |            0.8539
 34530 |    347 | 2020-03-08 23:57:25.5 |       13.1335 |       18.2116 |       11.8641 |            4.3168 |            1.8807 |            4.7802 |            0.8865
 34530 |    348 | 2020-03-08 23:57:35   |       13.1282 |        18.208 |        11.923 |            4.3351 |            1.8895 |            4.8065 |            0.8919
 34530 |    349 | 2020-03-08 23:57:49.5 |       13.1325 |       18.2106 |        12.427 |            4.5185 |            1.9725 |            5.0049 |            0.9311
 34530 |    350 | 2020-03-08 23:58:07   |        13.125 |       18.2075 |        10.826 |             3.938 |             1.711 |             4.373 |             0.804
 34530 |    351 | 2020-03-08 23:58:19.5 |       13.1196 |       18.2132 |        11.869 |            4.3207 |            1.8777 |            4.7853 |            0.8853
 34530 |    352 | 2020-03-08 23:58:28.5 |       13.0636 |       18.1898 |       11.7703 |            4.2982 |            1.8503 |            4.7502 |            0.8716
 34530 |    353 | 2020-03-08 23:58:38   |       13.1285 |       18.2075 |        12.024 |             4.372 |             1.906 |             4.846 |               0.9
 34530 |    354 | 2020-03-08 23:58:47.5 |       13.1264 |       18.2077 |       12.1737 |            4.4282 |            1.9285 |            4.9064 |            0.9107
 34530 |    355 | 2020-03-08 23:58:56   |       13.1218 |       18.2095 |       11.5713 |            4.2049 |            1.8332 |            4.6695 |            0.8637
 34530 |    356 | 2020-03-08 23:59:05.5 |       13.1272 |       18.2077 |       10.8509 |            3.9468 |            1.7151 |            4.3826 |            0.8065
 34530 |    357 | 2020-03-08 23:59:16   |        13.132 |       18.2064 |       11.6396 |            4.2341 |            1.8436 |            4.6924 |            0.8694
 34530 |    358 | 2020-03-08 23:59:25.5 |       13.1343 |       18.2107 |       11.9719 |            4.3553 |            1.8977 |             4.823 |            0.8959
 34530 |    359 | 2020-03-08 23:59:35   |       13.1281 |       18.2079 |       11.9566 |            4.3475 |            1.8945 |            4.8196 |            0.8949
 34530 |    360 | 2020-03-08 23:59:45   |       13.1322 |       18.2091 |       12.3494 |            4.4894 |             1.959 |            4.9751 |            0.9259
 34530 |    361 | 2020-03-08 23:59:58   |       13.1095 |       18.2077 |        10.864 |             3.951 |             1.714 |             4.392 |             0.807
 34530 |    362 | 2020-03-09 00:00:11   |       13.1285 |        18.208 |        11.179 |             4.066 |             1.768 |             4.512 |             0.833
 34530 |    363 | 2020-03-09 00:00:21   |       13.1332 |       18.2099 |       11.6961 |            4.2545 |            1.8532 |            4.7143 |             0.874
 34530 |    364 | 2020-03-09 00:00:30.5 |       13.1247 |       18.2077 |       11.7093 |            4.2583 |            1.8536 |            4.7216 |            0.8759
 34530 |    365 | 2020-03-09 00:00:40   |       13.1306 |       18.2048 |       12.1585 |            4.4202 |            1.9274 |            4.9002 |            0.9107
 34530 |    366 | 2020-03-09 00:00:50.5 |       13.1134 |       18.2146 |       12.4603 |            4.5386 |             1.969 |            5.0249 |            0.9279
 34530 |    367 | 2020-03-09 00:01:03.5 |       13.1324 |       18.2068 |       10.7364 |            3.9037 |            1.6978 |            4.3377 |            0.7973
 34530 |    368 | 2020-03-09 00:01:20   |       13.1348 |       18.2099 |       11.7614 |            4.2776 |            1.8638 |            4.7396 |            0.8804
 34530 |    369 | 2020-03-09 00:01:33.5 |       13.1297 |       18.2074 |       11.9356 |             4.339 |            1.8919 |            4.8105 |            0.8941
 34530 |    370 | 2020-03-09 00:01:43   |       13.1322 |       18.2082 |       12.2911 |            4.4687 |            1.9502 |             4.951 |            0.9212
 34530 |    371 | 2020-03-09 00:01:52   |       13.1309 |       18.2092 |       12.2021 |            4.4347 |            1.9359 |            4.9175 |             0.914
 34530 |    372 | 2020-03-09 00:02:01   |       13.1197 |        18.207 |       10.5389 |             3.832 |            1.6639 |             4.262 |            0.7811
 34530 |    373 | 2020-03-09 00:02:11   |       13.1321 |       18.2063 |       11.4073 |            4.1489 |             1.806 |            4.6004 |            0.8519
 34530 |    374 | 2020-03-09 00:02:21   |       13.1153 |       18.2136 |       11.7445 |              4.28 |            1.8543 |            4.7375 |            0.8726
 34530 |    375 | 2020-03-09 00:02:31   |       13.1401 |       18.2108 |       11.8332 |            4.3003 |            1.8769 |            4.7699 |            0.8861
 34530 |    376 | 2020-03-09 00:02:40.5 |       13.1317 |       18.2061 |       12.2389 |            4.4493 |            1.9417 |            4.9302 |            0.9177
 34530 |    377 | 2020-03-09 00:02:50.5 |       13.0951 |       18.1957 |        12.367 |            4.5091 |            1.9512 |            4.9871 |            0.9196
 34530 |    378 | 2020-03-09 00:03:03   |        13.129 |       18.2075 |        10.611 |             3.858 |             1.677 |             4.289 |             0.787
 34530 |    379 | 2020-03-09 00:03:16.5 |       13.1091 |       18.2034 |       11.7228 |            4.2742 |            1.8504 |            4.7268 |            0.8715
 34530 |    380 | 2020-03-09 00:03:26   |       13.1235 |       18.2005 |       11.7512 |            4.2818 |            1.8566 |            4.7367 |            0.8762
 34530 |    381 | 2020-03-09 00:03:36   |       13.1294 |       18.2072 |       11.9993 |            4.3631 |            1.9019 |            4.8362 |            0.8981
 34530 |    382 | 2020-03-09 00:03:45.5 |       13.1428 |       18.2085 |       12.3733 |            4.4963 |            1.9646 |            4.9828 |            0.9296
 34530 |    383 | 2020-03-09 00:03:58.5 |       13.1083 |       18.2058 |       10.8102 |            3.9313 |            1.7059 |            4.3711 |             0.802
 34530 |    384 | 2020-03-09 00:04:11.5 |       13.1317 |       18.2077 |       11.4973 |            4.1817 |            1.8209 |            4.6366 |            0.8581
 34530 |    385 | 2020-03-09 00:04:21.5 |       13.0419 |       18.1909 |       11.4781 |            4.1856 |            1.8069 |            4.6326 |            0.8529
 34530 |    386 | 2020-03-09 00:04:31   |       13.1252 |       18.2071 |       11.8555 |            4.3113 |             1.878 |            4.7797 |            0.8866
 34530 |    387 | 2020-03-09 00:04:41.5 |       13.1321 |       18.2111 |       12.2497 |            4.4526 |             1.943 |            4.9358 |            0.9182
 34530 |    388 | 2020-03-09 00:04:55.5 |       13.1197 |       18.2059 |       11.6704 |            4.2399 |            1.8493 |            4.7079 |            0.8732
 34530 |    389 | 2020-03-09 00:05:08   |       13.1242 |       18.1911 |       10.8702 |            3.9573 |            1.7148 |            4.3906 |            0.8075
 34530 |    390 | 2020-03-09 00:05:17.5 |       13.1331 |       18.2095 |       11.6977 |            4.2554 |             1.853 |            4.7152 |            0.8741
 34530 |    391 | 2020-03-09 00:05:27   |       13.1325 |       18.2097 |        11.789 |             4.288 |             1.868 |             4.751 |             0.882
 34530 |    392 | 2020-03-09 00:05:36   |       13.1294 |       18.2069 |       12.0424 |            4.3788 |             1.909 |            4.8532 |            0.9013
 34530 |    393 | 2020-03-09 00:05:45.5 |       13.1018 |       18.1961 |       12.3211 |            4.4903 |            1.9462 |            4.9675 |            0.9172
 34530 |    394 | 2020-03-09 00:05:58   |       13.1092 |       18.2039 |        11.176 |            4.0632 |            1.7654 |            4.5155 |            0.8319
 34530 |    395 | 2020-03-09 00:06:11.5 |       13.1315 |       18.2062 |       11.3464 |            4.1262 |            1.7959 |            4.5775 |            0.8468
 34530 |    396 | 2020-03-09 00:06:21.5 |       13.1248 |       18.2078 |       11.4638 |            4.1698 |             1.814 |            4.6243 |            0.8557
 34530 |    397 | 2020-03-09 00:06:31   |       13.1288 |       18.2066 |       11.9086 |            4.3306 |             1.887 |            4.8001 |            0.8908
 34530 |    398 | 2020-03-09 00:06:41   |       13.1311 |       18.2094 |        12.295 |            4.4714 |            1.9504 |            4.9517 |            0.9215
 34530 |    399 | 2020-03-09 00:06:51   |        13.052 |        18.195 |        12.042 |             4.393 |             1.895 |              4.86 |             0.894
 34530 |    400 | 2020-03-09 00:07:04   |       13.1346 |       18.2069 |       10.7734 |            3.9166 |            1.7045 |            4.3522 |            0.8001
 34530 |    401 | 2020-03-09 00:07:16.5 |       13.1315 |       18.2141 |       11.6346 |            4.2384 |            1.8387 |             4.693 |            0.8645
 34530 |    402 | 2020-03-09 00:07:26   |       13.1263 |       18.2071 |       11.6238 |            4.2273 |            1.8407 |            4.6867 |            0.8691
 34530 |    403 | 2020-03-09 00:07:36   |       13.1306 |       18.2073 |        12.051 |            4.3814 |            1.9108 |            4.8558 |            0.9031
 34530 |    404 | 2020-03-09 00:07:46   |       13.1326 |        18.211 |       12.2161 |            4.4434 |            1.9359 |            4.9235 |            0.9133
 34530 |    405 | 2020-03-09 00:07:59   |       13.1096 |       18.2085 |       10.7746 |            3.9197 |            1.6982 |            4.3573 |            0.7995
 34530 |    406 | 2020-03-09 00:08:14   |       13.1422 |       18.2104 |       11.5837 |             4.212 |             1.836 |            4.6693 |            0.8664
 34530 |    407 | 2020-03-09 00:08:28   |       13.1263 |       18.2077 |        11.759 |            4.2772 |            1.8619 |            4.7408 |            0.8791
 34530 |    408 | 2020-03-09 00:08:40   |       13.1187 |       18.2094 |       12.2838 |            4.4696 |             1.946 |            4.9491 |             0.919
 34530 |    409 | 2020-03-09 00:08:49   |        13.113 |       18.2031 |       11.9552 |            4.3517 |            1.8905 |            4.8219 |            0.8911
 34530 |    410 | 2020-03-09 00:08:57.5 |        13.113 |       18.2074 |       11.4461 |            4.1619 |            1.8094 |            4.6218 |             0.853
 34530 |    411 | 2020-03-09 00:09:06.5 |       13.1321 |       18.2063 |       11.0501 |            4.0185 |            1.7482 |            4.4609 |            0.8225
 34530 |    412 | 2020-03-09 00:09:16   |       13.1196 |       18.2122 |       11.6468 |            4.2418 |            1.8424 |            4.6954 |            0.8672
 34530 |    413 | 2020-03-09 00:09:26   |       13.1304 |       18.2073 |       11.6629 |            4.2417 |            1.8469 |            4.7026 |            0.8718
 34530 |    414 | 2020-03-09 00:09:36   |       13.1339 |       18.2078 |       12.1488 |            4.4168 |            1.9278 |            4.8933 |             0.911
 34530 |    415 | 2020-03-09 00:09:46   |       13.1283 |       18.2127 |       12.2051 |            4.4418 |            1.9333 |            4.9185 |            0.9114
 34530 |    416 | 2020-03-09 00:09:59.5 |       13.1108 |       18.2073 |       10.9229 |            3.9716 |            1.7248 |            4.4151 |            0.8114
 34530 |    417 | 2020-03-09 00:10:12   |       13.1333 |       18.2074 |       11.4435 |             4.162 |            1.8123 |            4.6146 |            0.8546
 34530 |    418 | 2020-03-09 00:10:21.5 |       13.1361 |       18.2071 |       11.5356 |             4.195 |            1.8272 |             4.651 |            0.8625
 34530 |    419 | 2020-03-09 00:10:31   |       13.1305 |       18.2057 |        11.952 |             4.346 |             1.894 |             4.817 |             0.895
 34530 |    420 | 2020-03-09 00:10:41   |        13.142 |       18.2112 |       12.3329 |            4.4825 |            1.9594 |            4.9654 |            0.9257
 34530 |    421 | 2020-03-09 00:10:51   |       13.1245 |       18.2067 |        11.987 |             4.357 |             1.899 |             4.834 |             0.897
 34530 |    422 | 2020-03-09 00:11:04   |       13.1336 |       18.2058 |       10.7562 |            3.9109 |            1.7012 |            4.3454 |            0.7987
 34530 |    423 | 2020-03-09 00:11:16.5 |       13.1295 |       18.2091 |       11.3402 |            4.1252 |            1.7946 |            4.5746 |            0.8458
 34530 |    424 | 2020-03-09 00:11:26   |       13.1281 |       18.2074 |       11.6978 |            4.2543 |            1.8523 |            4.7167 |            0.8747
 34530 |    425 | 2020-03-09 00:11:36   |       13.1319 |       18.2076 |       12.1467 |            4.4164 |            1.9265 |            4.8933 |            0.9106
 34530 |    426 | 2020-03-09 00:11:49   |       13.1228 |       18.2004 |       12.0222 |            4.3788 |            1.8974 |            4.8502 |            0.8958
 34530 |    427 | 2020-03-09 00:12:03.5 |       13.1327 |       18.2051 |       10.6911 |            3.8857 |            1.6906 |            4.3211 |            0.7938
 34530 |    428 | 2020-03-09 00:12:14.5 |       13.1337 |       18.1988 |       11.3937 |            4.1498 |            1.8004 |            4.5944 |            0.8491
 34530 |    429 | 2020-03-09 00:12:23   |        13.126 |       18.2072 |         11.55 |             4.202 |             1.827 |             4.658 |             0.863
 34530 |    430 | 2020-03-09 00:12:31.5 |       13.1313 |       18.2059 |       11.9867 |            4.3579 |            1.9001 |            4.8308 |            0.8979
 34530 |    431 | 2020-03-09 00:12:41   |       13.1347 |       18.2119 |       12.2478 |            4.4548 |            1.9431 |            4.9329 |             0.917
 34530 |    432 | 2020-03-09 00:12:51   |       13.1265 |       18.2077 |        12.088 |             4.394 |             1.916 |             4.873 |             0.905
 34530 |    433 | 2020-03-09 00:13:04   |       13.1335 |       18.2056 |       10.7473 |            3.9076 |            1.7002 |            4.3419 |            0.7976
 34530 |    434 | 2020-03-09 00:13:17.5 |       13.1248 |       18.2078 |       11.3365 |            4.1299 |            1.7886 |            4.5753 |            0.8427
 34530 |    435 | 2020-03-09 00:13:26.5 |       13.1299 |       18.2076 |       11.7851 |            4.2864 |            1.8663 |            4.7508 |            0.8816
 34530 |    436 | 2020-03-09 00:13:36   |       13.1331 |       18.2093 |       12.2082 |            4.4393 |            1.9364 |            4.9176 |            0.9149
 34530 |    437 | 2020-03-09 00:13:46   |       13.1279 |        18.209 |       11.9753 |            4.3546 |            1.8973 |            4.8287 |            0.8947
 34530 |    438 | 2020-03-09 00:13:59   |        13.109 |        18.207 |        11.077 |             4.028 |             1.749 |             4.476 |             0.824
 34530 |    439 | 2020-03-09 00:14:12   |        13.124 |       18.2117 |       11.4543 |              4.17 |             1.811 |             4.621 |            0.8523
 34530 |    440 | 2020-03-09 00:14:22   |         13.13 |       18.2075 |       11.5586 |            4.2038 |            1.8299 |            4.6616 |            0.8633
 34530 |    441 | 2020-03-09 00:14:31.5 |       13.1317 |       18.2076 |       12.0359 |            4.3763 |            1.9078 |            4.8505 |            0.9013
 34530 |    442 | 2020-03-09 00:14:41   |       13.0985 |       18.2133 |       12.0704 |            4.3963 |            1.9083 |            4.8675 |            0.8984
 34530 |    443 | 2020-03-09 00:14:51   |        13.127 |        18.208 |        12.104 |               4.4 |             1.919 |             4.879 |             0.906
 34530 |    444 | 2020-03-09 00:15:04   |       13.1318 |        18.215 |       10.5825 |             3.848 |            1.6728 |            4.2769 |            0.7848
 34530 |    445 | 2020-03-09 00:15:19.5 |       13.1404 |       18.2107 |       11.5911 |            4.2192 |            1.8349 |            4.6747 |            0.8622
 34530 |    446 | 2020-03-09 00:15:33   |       13.1325 |       18.2048 |       12.0384 |            4.3753 |              1.91 |            4.8503 |            0.9027
 34530 |    447 | 2020-03-09 00:15:43   |        13.132 |       18.2095 |        12.083 |             4.393 |             1.916 |             4.869 |             0.905
 34530 |    448 | 2020-03-09 00:15:51.5 |       13.1282 |       18.2075 |       12.1576 |            4.4191 |            1.9276 |            4.8999 |             0.911
 34530 |    449 | 2020-03-09 00:16:01.5 |       13.1233 |       18.2082 |       10.7509 |            3.9102 |            1.6982 |            4.3456 |             0.797
 34530 |    450 | 2020-03-09 00:16:12   |       13.1328 |       18.1904 |       11.2454 |            4.0983 |            1.7747 |            4.5373 |             0.835
 34530 |    451 | 2020-03-09 00:16:22   |       13.1265 |        18.207 |       11.5338 |            4.1953 |            1.8249 |            4.6525 |             0.861
 34530 |    452 | 2020-03-09 00:16:31.5 |       13.1322 |       18.2083 |       12.0413 |            4.3786 |            1.9088 |            4.8522 |            0.9017
 34530 |    453 | 2020-03-09 00:16:41.5 |       13.1275 |       18.2075 |       11.9929 |            4.3604 |            1.9006 |            4.8339 |            0.8979
 34530 |    454 | 2020-03-09 00:16:51.5 |        13.129 |       18.2076 |        12.189 |            4.4301 |            1.9336 |            4.9128 |            0.9126
 34530 |    455 | 2020-03-09 00:17:04   |        13.141 |       18.2124 |       10.8893 |            3.9607 |             1.724 |            4.3963 |            0.8083
 34530 |    456 | 2020-03-09 00:17:17   |        13.127 |       18.2136 |       11.2745 |            4.1092 |            1.7758 |            4.5521 |            0.8375
 34530 |    457 | 2020-03-09 00:17:26.5 |       13.1284 |       18.2074 |       11.7356 |            4.2684 |            1.8579 |            4.7318 |            0.8775
 34530 |    458 | 2020-03-09 00:17:36   |       13.1354 |       18.2105 |        12.162 |            4.4227 |            1.9294 |            4.8984 |            0.9115
 34530 |    459 | 2020-03-09 00:17:46   |       13.1243 |       18.2078 |       12.0445 |            4.3815 |            1.9068 |            4.8564 |            0.8998
 34530 |    460 | 2020-03-09 00:17:59   |       13.1095 |       18.2075 |        11.145 |             4.053 |              1.76 |             4.503 |             0.829
 34530 |    461 | 2020-03-09 00:18:12   |       13.1012 |       18.2098 |       11.2035 |            4.0804 |            1.7696 |            4.5205 |            0.8331
 34530 |    462 | 2020-03-09 00:18:22   |       13.1364 |       18.2082 |       11.6096 |             4.222 |            1.8384 |            4.6809 |            0.8683
 34530 |    463 | 2020-03-09 00:18:32   |       13.1319 |       18.2077 |       12.0555 |            4.3841 |             1.911 |            4.8568 |            0.9037
 34530 |    464 | 2020-03-09 00:18:42.5 |       13.1248 |       18.2077 |       11.8757 |            4.3183 |            1.8811 |             4.788 |            0.8884
 34530 |    465 | 2020-03-09 00:18:56   |       13.1252 |       18.2058 |       12.1026 |            4.3988 |            1.9185 |            4.8794 |            0.9059
 34530 |    466 | 2020-03-09 00:19:09.5 |       13.1336 |       18.2119 |       11.2892 |            4.1077 |            1.7873 |            4.5536 |            0.8405
 34530 |    467 | 2020-03-09 00:19:19   |       13.1265 |        18.208 |        11.418 |             4.154 |             1.806 |             4.606 |             0.852
 34530 |    468 | 2020-03-09 00:19:27.5 |       13.1304 |       18.2065 |       11.8508 |            4.3096 |            1.8769 |            4.7774 |            0.8869
 34530 |    469 | 2020-03-09 00:19:37   |       13.1307 |       18.2116 |       12.1949 |            4.4381 |            1.9332 |            4.9127 |            0.9108
 34530 |    470 | 2020-03-09 00:19:46   |       13.1259 |       18.2089 |        12.003 |            4.3636 |             1.902 |            4.8392 |            0.8982
 34530 |    471 | 2020-03-09 00:19:59.5 |       13.1095 |        18.207 |       10.9825 |            3.9933 |            1.7337 |             4.439 |            0.8165
 34530 |    472 | 2020-03-09 00:20:12.5 |       13.1352 |       18.2113 |       11.5541 |            4.2035 |            1.8296 |            4.6585 |            0.8625
 34530 |    473 | 2020-03-09 00:20:22   |       13.1285 |       18.2078 |       11.5924 |            4.2164 |            1.8355 |            4.6747 |            0.8659
 34530 |    474 | 2020-03-09 00:20:32   |       13.1341 |       18.2103 |       12.1389 |            4.4142 |            1.9256 |            4.8889 |            0.9102
 34530 |    475 | 2020-03-09 00:20:41.5 |       13.1233 |       18.2122 |       11.9338 |            4.3506 |            1.8812 |            4.8149 |            0.8871
 34530 |    476 | 2020-03-09 00:20:51   |       13.1275 |       18.2072 |        12.102 |             4.398 |             1.919 |             4.879 |             0.906
 34530 |    477 | 2020-03-09 00:21:04   |         13.12 |       18.2076 |       10.6184 |             3.864 |            1.6763 |            4.2925 |            0.7855
 34530 |    478 | 2020-03-09 00:21:17   |        13.127 |       18.2092 |       11.3669 |             4.142 |            1.7911 |            4.5893 |            0.8444
 34530 |    479 | 2020-03-09 00:21:27   |        13.132 |       18.2065 |        11.889 |             4.323 |             1.884 |             4.792 |              0.89
 34530 |    480 | 2020-03-09 00:21:36.5 |       13.1261 |       18.2071 |       11.9642 |            4.3569 |            1.8921 |            4.8237 |            0.8915
 34530 |    481 | 2020-03-09 00:21:46   |        13.126 |       18.2076 |        11.958 |            4.3462 |            1.8956 |            4.8214 |            0.8947
 34530 |    482 | 2020-03-09 00:21:59   |       13.1095 |       18.2072 |        11.177 |             4.064 |             1.765 |             4.516 |             0.832
 34530 |    483 | 2020-03-09 00:22:13   |       13.1244 |       18.1912 |       11.0592 |            4.0229 |            1.7482 |            4.4646 |            0.8235
 34530 |    484 | 2020-03-09 00:22:26   |        13.131 |       18.2065 |       11.8315 |            4.3035 |            1.8736 |            4.7692 |            0.8853
 34530 |    485 | 2020-03-09 00:22:33.5 |       13.1293 |       18.2198 |       12.1943 |            4.4447 |            1.9257 |            4.9165 |            0.9075
(486 rows)

