  run  | subrun |         time          | step1_voltage | step2_voltage | total_current | pos_2step_current | pos_1step_current | neg_2step_current | neg_1step_current 
-------+--------+-----------------------+---------------+---------------+---------------+-------------------+-------------------+-------------------+-------------------
 34601 |      0 | 2020-03-10 09:20:15   |       13.1338 |       18.2063 |       12.1922 |            4.4335 |            1.9337 |            4.9113 |            0.9138
 34601 |      1 | 2020-03-10 09:20:25   |       13.1258 |       18.2086 |       12.0228 |            4.3711 |            1.9052 |            4.8469 |            0.8997
 34601 |      2 | 2020-03-10 09:20:37.5 |       13.1284 |       18.2054 |       10.6689 |            3.8792 |             1.686 |            4.3121 |            0.7917
 34601 |      3 | 2020-03-10 09:20:50   |       13.1325 |         18.21 |        11.386 |             4.143 |             1.802 |             4.591 |              0.85
 34601 |      4 | 2020-03-10 09:21:00   |       13.1251 |       18.2067 |       11.5192 |            4.1892 |            1.8232 |            4.6453 |            0.8614
 34601 |      5 | 2020-03-10 09:21:16   |        13.134 |       18.2026 |        12.199 |             4.437 |            1.9351 |            4.9121 |            0.9148
 34601 |      6 | 2020-03-10 09:21:31   |        13.123 |       18.2071 |       11.9976 |            4.3615 |            1.9007 |            4.8374 |             0.898
 34601 |      7 | 2020-03-10 09:21:39   |       13.1347 |       18.2102 |       10.8667 |            3.9532 |            1.7193 |            4.3867 |            0.8075
 34601 |      8 | 2020-03-10 09:21:47.5 |       13.0941 |       18.2002 |       11.4149 |            4.1581 |            1.8012 |            4.6058 |            0.8498
 34601 |      9 | 2020-03-10 09:21:58   |       13.1265 |       18.2072 |        11.569 |             4.208 |             1.831 |             4.665 |             0.865
 34601 |     10 | 2020-03-10 09:22:08.5 |       13.1348 |       18.2094 |       12.0764 |            4.3908 |            1.9157 |            4.8645 |            0.9054
 34601 |     11 | 2020-03-10 09:22:18   |        13.133 |       18.2115 |        12.144 |             4.417 |             1.926 |             4.892 |             0.909
 34601 |     12 | 2020-03-10 09:22:27   |       13.1436 |       18.2091 |       12.1899 |            4.4293 |            1.9345 |            4.9116 |            0.9145
 34601 |     13 | 2020-03-10 09:22:38   |       13.1335 |       18.2097 |        10.798 |             3.927 |             1.708 |             4.361 |             0.802
 34601 |     14 | 2020-03-10 09:22:50   |        13.125 |        18.201 |        11.327 |             4.135 |             1.781 |             4.574 |             0.837
 34601 |     15 | 2020-03-10 09:23:00   |        13.125 |       18.2073 |       11.5629 |            4.2072 |            1.8288 |            4.6628 |             0.864
 34601 |     16 | 2020-03-10 09:23:11   |       13.1329 |       18.2095 |       12.1902 |            4.4334 |             1.933 |            4.9094 |            0.9143
 34601 |     17 | 2020-03-10 09:23:21.5 |       13.1262 |       18.2075 |       11.9893 |            4.3594 |            1.8991 |            4.8332 |            0.8976
 34601 |     18 | 2020-03-10 09:23:33   |        13.111 |        18.207 |       11.3763 |             4.136 |            1.7981 |             4.594 |            0.8482
 34601 |     19 | 2020-03-10 09:23:45   |       13.1394 |       18.2088 |       11.1764 |            4.0649 |            1.7693 |            4.5077 |            0.8345
 34601 |     20 | 2020-03-10 09:23:55   |       13.1326 |        18.206 |       11.4249 |            4.1547 |            1.8084 |            4.6074 |            0.8544
 34601 |     21 | 2020-03-10 09:24:05   |       13.1295 |       18.2062 |       11.8806 |            4.3202 |            1.8827 |            4.7881 |            0.8896
 34601 |     22 | 2020-03-10 09:24:14.5 |       13.1321 |       18.2088 |       12.0132 |            4.3694 |             1.904 |            4.8403 |            0.8996
 34601 |     23 | 2020-03-10 09:24:24   |       13.1257 |       18.2098 |       12.0056 |            4.3645 |            1.9028 |            4.8394 |            0.8989
 34601 |     24 | 2020-03-10 09:24:37.5 |       13.1235 |       18.2169 |       10.7326 |            3.9167 |             1.686 |            4.3412 |            0.7887
 34601 |     25 | 2020-03-10 09:24:51.5 |       13.1227 |       18.2066 |       11.2357 |            4.0874 |            1.7765 |            4.5329 |            0.8388
 34601 |     26 | 2020-03-10 09:25:01.5 |       13.0741 |       18.1945 |       11.7176 |            4.2773 |            1.8439 |            4.7275 |             0.869
 34601 |     27 | 2020-03-10 09:25:10.5 |       13.1298 |       18.2086 |       12.1585 |            4.4238 |            1.9263 |            4.8978 |            0.9106
 34601 |     28 | 2020-03-10 09:25:19.5 |       13.1326 |       18.1931 |       12.0793 |            4.3942 |            1.9167 |            4.8631 |            0.9053
 34601 |     29 | 2020-03-10 09:25:32.5 |       13.1149 |       18.2098 |       11.6365 |              4.23 |            1.8415 |            4.6958 |            0.8692
 34601 |     30 | 2020-03-10 09:25:46   |       13.0885 |        18.192 |        11.058 |             4.038 |             1.735 |             4.469 |             0.816
 34601 |     31 | 2020-03-10 09:25:55.5 |       13.1301 |       18.2083 |       11.5396 |            4.1962 |            1.8275 |            4.6524 |            0.8636
 34601 |     32 | 2020-03-10 09:26:05   |       13.1334 |       18.2086 |       11.9657 |            4.3503 |            1.8969 |             4.821 |            0.8975
 34601 |     33 | 2020-03-10 09:26:15   |        13.091 |       18.2024 |       11.9624 |            4.3617 |            1.8869 |            4.8238 |              0.89
 34601 |     34 | 2020-03-10 09:26:24.5 |       13.1272 |       18.2073 |       12.1372 |            4.4125 |            1.9238 |            4.8914 |            0.9094
 34601 |     35 | 2020-03-10 09:26:37   |       13.1264 |       18.2094 |       10.6034 |            3.8561 |            1.6751 |            4.2856 |            0.7866
 34601 |     36 | 2020-03-10 09:26:50   |        13.126 |       18.2072 |        11.231 |             4.085 |             1.776 |             4.532 |             0.838
 34601 |     37 | 2020-03-10 09:27:00   |       13.1293 |       18.2055 |       11.7456 |             4.272 |            1.8599 |            4.7346 |             0.879
 34601 |     38 | 2020-03-10 09:27:10   |       13.1335 |       18.2105 |        12.211 |             4.441 |             1.937 |             4.918 |             0.915
 34601 |     39 | 2020-03-10 09:27:20   |       13.1261 |       18.2005 |       12.0176 |            4.3736 |            1.9014 |            4.8437 |            0.8989
 34601 |     40 | 2020-03-10 09:27:32.5 |       13.1157 |       18.2069 |       11.7159 |            4.2578 |            1.8555 |            4.7257 |            0.8769
 34601 |     41 | 2020-03-10 09:27:45   |       13.1262 |       18.2084 |       10.9665 |            3.9893 |             1.734 |            4.4269 |            0.8163
 34601 |     42 | 2020-03-10 09:27:56   |       13.1293 |       18.2065 |       11.6506 |            4.2384 |            1.8443 |            4.6968 |            0.8711
 34601 |     43 | 2020-03-10 09:28:13.5 |        13.108 |       18.2037 |       12.0188 |            4.3869 |            1.8931 |            4.8467 |             0.892
 34601 |     44 | 2020-03-10 09:28:30   |        13.131 |       18.2062 |        12.321 |             4.478 |             1.955 |             4.964 |             0.924
 34601 |     45 | 2020-03-10 09:28:38   |        13.124 |       18.1945 |        10.319 |             3.758 |             1.627 |             4.171 |             0.763
 34601 |     46 | 2020-03-10 09:28:47   |       13.1244 |       18.2075 |       10.9972 |            4.0011 |            1.7378 |            4.4396 |            0.8187
 34601 |     47 | 2020-03-10 09:28:56   |       13.1294 |        18.206 |       11.6253 |            4.2285 |            1.8405 |            4.6867 |            0.8697
 34601 |     48 | 2020-03-10 09:29:05   |       13.1327 |       18.2107 |       12.0562 |            4.3859 |            1.9105 |            4.8573 |            0.9026
 34601 |     49 | 2020-03-10 09:29:14.5 |       13.1277 |        18.216 |       11.9792 |            4.3703 |            1.8871 |            4.8322 |            0.8897
 34601 |     50 | 2020-03-10 09:29:24   |       13.1277 |       18.2071 |       12.1325 |            4.4109 |            1.9236 |             4.889 |            0.9091
 34601 |     51 | 2020-03-10 09:29:35.5 |       13.1141 |       18.2087 |       10.7504 |            3.9081 |            1.6973 |            4.3461 |            0.7989
 34601 |     52 | 2020-03-10 09:29:47   |       13.1313 |       18.2094 |       11.0387 |            4.0141 |            1.7467 |            4.4549 |            0.8231
 34601 |     53 | 2020-03-10 09:29:57   |       13.1315 |       18.2061 |       11.7435 |            4.2708 |            1.8606 |            4.7327 |            0.8794
 34601 |     54 | 2020-03-10 09:30:06.5 |       13.1308 |       18.2067 |       11.9408 |            4.3422 |            1.8925 |            4.8118 |            0.8943
 34601 |     55 | 2020-03-10 09:30:16   |       13.1076 |       18.2113 |       11.9595 |            4.3532 |            1.8918 |            4.8227 |            0.8918
 34601 |     56 | 2020-03-10 09:30:26   |       13.1295 |       18.2077 |        12.225 |             4.443 |             1.939 |             4.926 |             0.917
 34601 |     57 | 2020-03-10 09:30:39.5 |       13.1251 |       18.2112 |       10.4813 |            3.8187 |            1.6507 |            4.2385 |            0.7734
 34601 |     58 | 2020-03-10 09:30:52   |       13.1287 |        18.207 |        11.448 |            4.1651 |            1.8115 |            4.6166 |            0.8548
 34601 |     59 | 2020-03-10 09:31:02   |        13.131 |       18.2065 |        11.889 |             4.325 |             1.884 |              4.79 |              0.89
 34601 |     60 | 2020-03-10 09:31:11.5 |       13.1237 |       18.1874 |       11.7647 |            4.2785 |            1.8626 |            4.7435 |            0.8802
 34601 |     61 | 2020-03-10 09:31:21.5 |       13.1289 |       18.2077 |       12.1301 |            4.4099 |            1.9231 |            4.8882 |             0.909
 34601 |     62 | 2020-03-10 09:31:35   |        13.107 |       18.2069 |       10.9223 |            3.9714 |            1.7242 |            4.4148 |             0.812
 34601 |     63 | 2020-03-10 09:31:50   |       13.1285 |       18.2075 |        11.333 |             4.123 |             1.793 |             4.571 |             0.846
 34601 |     64 | 2020-03-10 09:32:01.5 |       13.1294 |       18.2065 |        11.874 |            4.3184 |            1.8811 |            4.7852 |            0.8892
 34601 |     65 | 2020-03-10 09:32:11   |       13.0816 |       18.1987 |       12.0558 |            4.3976 |            1.9002 |            4.8614 |            0.8965
 34601 |     66 | 2020-03-10 09:32:20   |       13.1272 |       18.2071 |       12.1222 |            4.4082 |            1.9216 |            4.8843 |            0.9082
 34601 |     67 | 2020-03-10 09:32:29   |       13.1372 |       18.2103 |       12.5529 |            4.5653 |            1.9934 |            5.0534 |            0.9407
 34601 |     68 | 2020-03-10 09:32:40.5 |        13.127 |       18.2078 |       10.5433 |            3.8345 |            1.6658 |            4.2614 |            0.7816
 34601 |     69 | 2020-03-10 09:32:52   |       13.1289 |       18.2071 |       11.4576 |            4.1679 |            1.8136 |            4.6206 |            0.8555
 34601 |     70 | 2020-03-10 09:33:05.5 |       13.1333 |       18.2114 |        11.917 |            4.3357 |            1.8881 |            4.8011 |            0.8921
 34601 |     71 | 2020-03-10 09:33:17.5 |       13.1287 |       18.2072 |       12.0769 |            4.3912 |            1.9148 |            4.8664 |            0.9045
 34601 |     72 | 2020-03-10 09:33:25.5 |       13.1317 |       18.2085 |       12.3122 |             4.476 |            1.9532 |            4.9593 |            0.9237
 34601 |     73 | 2020-03-10 09:33:36.5 |       13.1181 |       18.2074 |       10.6109 |            3.8585 |             1.675 |            4.2903 |            0.7871
 34601 |     74 | 2020-03-10 09:33:47.5 |       13.1282 |       18.2079 |       11.1912 |            4.0708 |            1.7703 |            4.5156 |            0.8345
 34601 |     75 | 2020-03-10 09:33:57.5 |       13.1325 |       18.2093 |       11.8221 |            4.3018 |            1.8725 |            4.7631 |            0.8846
 34601 |     76 | 2020-03-10 09:34:07.5 |       13.1264 |       18.2115 |       11.8506 |            4.3158 |            1.8746 |            4.7769 |            0.8833
 34601 |     77 | 2020-03-10 09:34:17.5 |       13.1293 |       18.2078 |       12.1022 |            4.4005 |            1.9191 |             4.876 |            0.9067
 34601 |     78 | 2020-03-10 09:34:26.5 |       13.1335 |       18.2087 |       12.4045 |            4.5095 |            1.9686 |            4.9954 |             0.931
 34601 |     79 | 2020-03-10 09:34:39.5 |       13.1281 |       18.2092 |       10.4627 |            3.8089 |            1.6495 |            4.2309 |            0.7734
 34601 |     80 | 2020-03-10 09:34:52.5 |       13.1301 |       18.2077 |       11.5323 |            4.1953 |            1.8254 |            4.6501 |            0.8615
 34601 |     81 | 2020-03-10 09:35:02   |       13.1272 |       18.2072 |       11.7236 |            4.2642 |            1.8554 |            4.7262 |            0.8779
 34601 |     82 | 2020-03-10 09:35:17   |       13.1271 |       18.2073 |       11.9826 |            4.3571 |            1.8988 |            4.8292 |            0.8975
 34601 |     83 | 2020-03-10 09:35:30.5 |       13.1301 |       18.2108 |       12.4031 |            4.5127 |            1.9673 |            4.9975 |            0.9256
 34601 |     84 | 2020-03-10 09:35:39   |       13.1276 |        18.209 |       10.4506 |            3.8028 |            1.6488 |            4.2273 |            0.7717
 34601 |     85 | 2020-03-10 09:35:48   |       13.1279 |       18.2074 |       11.1761 |            4.0649 |            1.7682 |            4.5094 |            0.8337
 34601 |     86 | 2020-03-10 09:35:57.5 |       13.1246 |       18.2155 |       11.8828 |            4.3313 |            1.8757 |            4.7928 |             0.883
 34601 |     87 | 2020-03-10 09:36:07   |       13.0763 |       18.2154 |        11.896 |             4.334 |            1.8793 |            4.7978 |            0.8849
 34601 |     88 | 2020-03-10 09:36:17   |       13.1295 |       18.2068 |       12.1477 |            4.4162 |            1.9263 |            4.8946 |            0.9105
 34601 |     89 | 2020-03-10 09:36:27   |       13.1349 |       18.2096 |       12.3964 |            4.5063 |            1.9679 |             4.992 |            0.9302
 34601 |     90 | 2020-03-10 09:36:39.5 |       13.1291 |       18.2077 |       10.4688 |            3.8068 |             1.654 |            4.2326 |            0.7755
 34601 |     91 | 2020-03-10 09:36:52   |       13.1316 |       18.2073 |       11.5645 |            4.2065 |            1.8311 |            4.6625 |            0.8644
 34601 |     92 | 2020-03-10 09:37:02.5 |       13.1316 |       18.2085 |       11.9187 |            4.3349 |            1.8885 |            4.8024 |            0.8929
 34601 |     93 | 2020-03-10 09:37:12.5 |       13.1277 |       18.2079 |       11.9557 |            4.3477 |            1.8943 |            4.8181 |            0.8956
 34601 |     94 | 2020-03-10 09:37:21.5 |       13.1328 |        18.209 |       12.3109 |             4.476 |            1.9533 |            4.9583 |            0.9233
 34601 |     95 | 2020-03-10 09:37:34   |         13.11 |       18.2072 |        11.424 |             4.154 |             1.806 |             4.612 |             0.852
 34601 |     96 | 2020-03-10 09:37:48   |       13.1303 |       18.2079 |       11.3278 |            4.1207 |             1.792 |            4.5699 |            0.8452
 34601 |     97 | 2020-03-10 09:37:58   |        13.106 |       18.2147 |        11.712 |             4.275 |              1.84 |             4.728 |             0.869
 34601 |     98 | 2020-03-10 09:38:10.5 |        13.127 |       18.2062 |       11.8652 |            4.3143 |              1.88 |            4.7822 |            0.8887
 34601 |     99 | 2020-03-10 09:38:22.5 |       13.1326 |        18.207 |       12.2576 |            4.4559 |            1.9444 |            4.9376 |            0.9198
 34601 |    100 | 2020-03-10 09:38:32.5 |       13.0958 |       18.2107 |       11.8129 |            4.2981 |            1.8672 |            4.7672 |            0.8804
 34601 |    101 | 2020-03-10 09:38:47   |       13.1304 |       18.2046 |       11.2544 |            4.0932 |            1.7804 |             4.541 |            0.8398
 34601 |    102 | 2020-03-10 09:39:00.5 |       13.1343 |       18.2107 |       12.0248 |            4.3756 |            1.9064 |            4.8422 |            0.9007
 34601 |    103 | 2020-03-10 09:39:09.5 |       13.1255 |       18.2077 |       11.7985 |            4.2908 |            1.8687 |            4.7566 |            0.8824
 34601 |    104 | 2020-03-10 09:39:18.5 |       13.1319 |       18.2063 |       12.1878 |            4.4313 |             1.933 |            4.9101 |            0.9135
 34601 |    105 | 2020-03-10 09:39:28   |       13.1148 |        18.209 |       12.1783 |             4.441 |            1.9199 |            4.9116 |            0.9058
 34601 |    106 | 2020-03-10 09:39:38   |        13.129 |       18.2077 |        10.517 |             3.824 |             1.662 |             4.252 |             0.779
 34601 |    107 | 2020-03-10 09:39:47.5 |       13.1305 |       18.2078 |       11.2878 |            4.1064 |            1.7855 |            4.5537 |            0.8422
 34601 |    108 | 2020-03-10 09:39:57.5 |       13.1331 |       18.2108 |       11.6677 |            4.2458 |             1.848 |            4.7018 |            0.8721
 34601 |    109 | 2020-03-10 09:40:07.5 |       13.1317 |       18.2089 |       12.0308 |            4.3754 |            1.9071 |            4.8467 |            0.9016
 34601 |    110 | 2020-03-10 09:40:17   |       13.1293 |       18.2054 |       12.1272 |            4.4094 |            1.9227 |            4.8866 |            0.9085
 34601 |    111 | 2020-03-10 09:40:27.5 |       13.1116 |          18.2 |       12.2359 |            4.4589 |            1.9323 |            4.9337 |             0.911
 34601 |    112 | 2020-03-10 09:40:40   |       13.1295 |       18.2077 |       10.5381 |            3.8321 |            1.6654 |            4.2596 |            0.7811
 34601 |    113 | 2020-03-10 09:40:53   |       13.1337 |       18.2102 |       11.7179 |             4.264 |             1.856 |            4.7222 |            0.8756
 34601 |    114 | 2020-03-10 09:41:02.5 |       13.1328 |       18.2109 |       11.8236 |            4.3029 |            1.8732 |            4.7643 |            0.8832
 34601 |    115 | 2020-03-10 09:41:12   |       13.1285 |       18.2081 |       11.9613 |            4.3496 |            1.8959 |              4.82 |            0.8958
 34601 |    116 | 2020-03-10 09:41:22   |        13.132 |       18.2077 |        12.289 |             4.467 |              1.95 |              4.95 |             0.922
 34601 |    117 | 2020-03-10 09:41:35   |       13.1144 |       18.2081 |       11.2136 |            4.0777 |            1.7722 |            4.5288 |            0.8348
 34601 |    118 | 2020-03-10 09:41:48   |       13.1367 |        18.209 |       11.3824 |            4.1392 |            1.8028 |            4.5895 |            0.8509
 34601 |    119 | 2020-03-10 09:41:58   |       13.1325 |       18.2097 |        11.639 |             4.235 |             1.843 |             4.691 |              0.87
 34601 |    120 | 2020-03-10 09:42:12   |       13.1288 |       18.2058 |       11.9746 |            4.3552 |            1.8973 |            4.8254 |            0.8968
 34601 |    121 | 2020-03-10 09:42:26.5 |       13.1057 |       18.1989 |       12.1566 |            4.4338 |            1.9168 |             4.903 |            0.9031
 34601 |    122 | 2020-03-10 09:42:36   |       13.1196 |       18.2063 |       10.9583 |            3.9846 |             1.732 |            4.4275 |            0.8142
 34601 |    123 | 2020-03-10 09:42:45   |         13.13 |       18.2068 |       11.1613 |            4.0596 |            1.7655 |             4.504 |            0.8322
 34601 |    124 | 2020-03-10 09:42:54   |        13.133 |       18.2105 |        11.502 |             4.185 |             1.821 |             4.637 |             0.859
 34601 |    125 | 2020-03-10 09:43:07   |       13.1268 |       18.2064 |       11.7919 |            4.2883 |            1.8669 |            4.7539 |            0.8829
 34601 |    126 | 2020-03-10 09:43:20   |       13.1315 |       18.1916 |       12.1569 |            4.4227 |             1.927 |            4.8963 |             0.911
 34601 |    127 | 2020-03-10 09:43:28.5 |       13.1308 |       18.2118 |         12.16 |            4.4209 |            1.9289 |            4.9002 |              0.91
 34601 |    128 | 2020-03-10 09:43:38   |       13.1315 |       18.2062 |        10.595 |             3.852 |             1.675 |             4.282 |             0.786
 34601 |    129 | 2020-03-10 09:43:48   |       13.1363 |       18.2094 |       11.4413 |            4.1614 |            1.8127 |            4.6128 |            0.8544
 34601 |    130 | 2020-03-10 09:43:58   |        13.124 |       18.2075 |        11.421 |             4.155 |             1.806 |             4.607 |             0.853
 34601 |    131 | 2020-03-10 09:44:08   |        13.126 |       18.2075 |       11.7601 |            4.2765 |             1.862 |            4.7416 |              0.88
 34601 |    132 | 2020-03-10 09:44:17.5 |       13.1353 |       18.2088 |        12.233 |            4.4475 |            1.9407 |            4.9268 |             0.918
 34601 |    133 | 2020-03-10 09:44:27   |        13.129 |       18.1926 |       11.9826 |            4.3593 |            1.8967 |            4.8306 |            0.8961
 34601 |    134 | 2020-03-10 09:44:40   |       13.1326 |       18.2081 |       10.6638 |            3.8779 |            1.6865 |            4.3083 |            0.7911
 34601 |    135 | 2020-03-10 09:44:53   |       13.1356 |       18.2123 |       11.5888 |            4.2177 |            1.8358 |            4.6707 |            0.8646
 34601 |    136 | 2020-03-10 09:45:03   |        13.132 |        18.208 |        11.927 |             4.338 |              1.89 |             4.806 |             0.893
 34601 |    137 | 2020-03-10 09:45:12.5 |       13.1314 |       18.2079 |       12.0652 |            4.3874 |            1.9122 |            4.8614 |            0.9041
 34601 |    138 | 2020-03-10 09:45:22   |        13.132 |       18.2112 |        12.185 |             4.432 |             1.933 |             4.908 |             0.912
 34601 |    139 | 2020-03-10 09:45:35.5 |       13.1138 |        18.208 |       11.0997 |            4.0359 |            1.7548 |            4.4838 |            0.8253
 34601 |    140 | 2020-03-10 09:45:50.5 |       13.1335 |       18.2091 |       11.5903 |            4.2183 |            1.8345 |            4.6722 |            0.8653
 34601 |    141 | 2020-03-10 09:46:02   |       13.1245 |       18.2072 |        11.558 |             4.205 |             1.828 |             4.661 |             0.864
 34601 |    142 | 2020-03-10 09:46:11   |       13.1297 |       18.2086 |       12.0081 |            4.3669 |             1.903 |            4.8389 |            0.8992
 34601 |    143 | 2020-03-10 09:46:20   |       13.1256 |       18.2122 |       12.2647 |            4.4658 |            1.9401 |            4.9441 |            0.9147
 34601 |    144 | 2020-03-10 09:46:29   |       13.1292 |       18.2075 |       12.1379 |            4.4106 |            1.9259 |            4.8913 |            0.9101
 34601 |    145 | 2020-03-10 09:46:41   |       13.1332 |       18.2083 |       10.8851 |            3.9583 |            1.7221 |             4.396 |            0.8087
 34601 |    146 | 2020-03-10 09:46:53.5 |       13.1343 |       18.2117 |       11.5267 |            4.1954 |            1.8251 |            4.6467 |            0.8595
 34601 |    147 | 2020-03-10 09:47:03   |       13.1252 |        18.207 |       11.6208 |            4.2274 |            1.8389 |            4.6858 |            0.8686
 34601 |    148 | 2020-03-10 09:47:12.5 |       13.1328 |       18.2101 |       12.1699 |            4.4278 |            1.9296 |            4.9007 |            0.9117
 34601 |    149 | 2020-03-10 09:47:22.5 |       13.1331 |       18.2112 |       12.1047 |            4.3818 |             1.925 |            4.8894 |            0.9085
 34601 |    150 | 2020-03-10 09:47:36.5 |       13.1094 |       18.2074 |         8.368 |            2.7816 |            1.3783 |            3.5674 |            0.6406
 34601 |    151 | 2020-03-10 09:47:51   |        13.109 |        18.207 |        5.0104 |            1.6973 |            0.7962 |            2.1557 |            0.3612
 34601 |    152 | 2020-03-10 09:48:04   |        13.109 |       18.2071 |        3.2603 |            1.1383 |            0.4881 |            1.4145 |            0.2195
 34601 |    153 | 2020-03-10 09:48:15.5 |        13.109 |       18.2077 |        2.3491 |            0.8502 |            0.3267 |            1.0256 |            0.1466
 34601 |    154 | 2020-03-10 09:48:25   |       13.1089 |       18.2078 |         1.876 |            0.7033 |            0.2419 |            0.8212 |            0.1096
 34601 |    155 | 2020-03-10 09:48:39   |        13.109 |       18.2072 |        1.3842 |            0.5505 |            0.1531 |            0.6096 |             0.071
 34601 |    156 | 2020-03-10 09:48:53.5 |        13.109 |       18.2081 |        1.0991 |            0.4622 |            0.1013 |            0.4861 |            0.0495
 34601 |    157 | 2020-03-10 09:49:05.5 |        13.109 |       18.2079 |        0.9583 |            0.4183 |            0.0748 |            0.4258 |            0.0394
 34601 |    158 | 2020-03-10 09:49:18.5 |        13.109 |       18.2078 |        0.8651 |            0.3912 |            0.0575 |            0.3847 |            0.0317
 34601 |    159 | 2020-03-10 09:49:32.5 |        13.108 |       18.2075 |        0.8903 |            0.4033 |            0.0603 |            0.3909 |            0.0358
 34601 |    160 | 2020-03-10 09:49:45   |       13.1089 |       18.2073 |        1.2361 |             0.528 |            0.1185 |            0.5253 |            0.0643
 34601 |    161 | 2020-03-10 09:49:56.5 |       13.1092 |        18.207 |         1.424 |            0.5947 |              0.15 |             0.599 |            0.0803
 34601 |    162 | 2020-03-10 09:50:08   |       13.1097 |       18.2071 |        1.5394 |            0.6357 |            0.1699 |            0.6438 |              0.09
 34601 |    163 | 2020-03-10 09:50:19   |       13.1104 |       18.2072 |        1.7773 |            0.7216 |            0.2092 |            0.7381 |            0.1084
 34601 |    164 | 2020-03-10 09:50:31.5 |       13.1283 |       18.2076 |        5.8392 |            2.1888 |            0.8729 |            2.3462 |            0.4313
 34601 |    165 | 2020-03-10 09:50:44.5 |       13.1333 |       18.2109 |        7.2417 |            2.6907 |            1.1045 |            2.9082 |            0.5384
 34601 |    166 | 2020-03-10 09:50:55.5 |       13.1273 |       18.2077 |        9.0343 |             3.331 |            1.3987 |            3.6266 |             0.678
 34601 |    167 | 2020-03-10 09:51:05   |       13.1307 |       18.2064 |       10.2311 |            3.7555 |            1.5978 |            4.1071 |            0.7707
 34601 |    168 | 2020-03-10 09:51:14.5 |       13.1316 |       18.2033 |       10.8296 |            3.9654 |            1.6994 |            4.3501 |            0.8146
 34601 |    169 | 2020-03-10 09:51:24   |       13.1258 |       18.2074 |       11.2339 |            4.1037 |            1.7673 |            4.5177 |            0.8452
 34601 |    170 | 2020-03-10 09:51:37   |       13.1287 |       18.2101 |       10.1984 |            3.7221 |            1.6031 |            4.1144 |            0.7588
 34601 |    171 | 2020-03-10 09:51:50   |        13.125 |       18.2085 |        10.836 |             3.951 |             1.707 |             4.368 |              0.81
 34601 |    172 | 2020-03-10 09:52:00   |       13.1277 |       18.2072 |       11.4407 |            4.1687 |            1.8065 |            4.6082 |            0.8573
 34601 |    173 | 2020-03-10 09:52:10   |        13.133 |       18.2102 |            12 |             4.369 |               1.9 |              4.83 |             0.901
 34601 |    174 | 2020-03-10 09:52:20   |       13.0769 |       18.1968 |       11.8634 |            4.3259 |            1.8686 |            4.7836 |            0.8854
 34601 |    175 | 2020-03-10 09:52:32.5 |       13.1256 |       18.2073 |       12.0588 |            4.3835 |            1.9112 |             4.859 |             0.905
 34601 |    176 | 2020-03-10 09:52:47.5 |        13.124 |       18.2165 |       11.1233 |            4.0549 |             1.752 |            4.4922 |            0.8242
 34601 |    177 | 2020-03-10 09:53:03   |       13.1265 |       18.2067 |        11.607 |             4.222 |             1.837 |             4.679 |             0.869
 34601 |    178 | 2020-03-10 09:53:16   |       13.1284 |       18.2092 |       11.9057 |            4.3297 |            1.8865 |            4.7978 |            0.8916
 34601 |    179 | 2020-03-10 09:53:25.5 |        13.129 |       18.2075 |       12.1663 |            4.4226 |            1.9295 |            4.9019 |            0.9123
 34601 |    180 | 2020-03-10 09:53:34.5 |       13.1194 |       18.2082 |        11.614 |            4.2218 |            1.8379 |            4.6862 |             0.868
 34601 |    181 | 2020-03-10 09:53:43   |       13.1327 |       18.2108 |       10.9986 |            4.0016 |            1.7393 |            4.4388 |            0.8188
 34601 |    182 | 2020-03-10 09:53:52   |       13.1245 |       18.2068 |       11.2079 |            4.0766 |            1.7721 |            4.5231 |            0.8362
 34601 |    183 | 2020-03-10 09:54:01.5 |       13.1265 |       18.2076 |       11.5908 |            4.2153 |            1.8344 |             4.674 |            0.8671
 34601 |    184 | 2020-03-10 09:54:10.5 |       13.1318 |       18.2115 |        12.157 |             4.423 |            1.9269 |            4.8965 |            0.9106
 34601 |    185 | 2020-03-10 09:54:20   |       13.1191 |       18.2005 |       12.0474 |            4.3872 |            1.9028 |            4.8587 |            0.8986
 34601 |    186 | 2020-03-10 09:54:32   |       13.1286 |       18.2092 |       12.2086 |            4.4353 |            1.9369 |              4.92 |            0.9165
 34601 |    187 | 2020-03-10 09:54:44.5 |       13.1305 |       18.2102 |       10.9149 |            3.9688 |            1.7261 |            4.4069 |            0.8131
 34601 |    188 | 2020-03-10 09:54:55   |       13.1313 |       18.2062 |       11.4815 |            4.1766 |            1.8174 |            4.6292 |            0.8584
 34601 |    189 | 2020-03-10 09:55:05   |       13.1025 |       18.2101 |       11.8046 |             4.296 |            1.8679 |            4.7595 |            0.8813
 34601 |    190 | 2020-03-10 09:55:15   |       13.0983 |       18.1876 |       11.9779 |            4.3617 |            1.8925 |            4.8294 |            0.8943
 34601 |    191 | 2020-03-10 09:55:25   |       13.1273 |       18.2077 |       12.1128 |            4.4026 |            1.9209 |            4.8818 |            0.9076
 34601 |    192 | 2020-03-10 09:55:37.5 |       13.0778 |       18.1936 |       10.3809 |            3.7876 |            1.6262 |            4.2056 |            0.7616
 34601 |    193 | 2020-03-10 09:55:50.5 |       13.1256 |       18.2077 |       11.1714 |            4.0637 |            1.7671 |            4.5079 |            0.8326
 34601 |    194 | 2020-03-10 09:56:01   |       13.1273 |       18.2043 |       11.6021 |            4.2174 |            1.8387 |            4.6767 |            0.8694
 34601 |    195 | 2020-03-10 09:56:15.5 |       13.1311 |       18.2101 |       11.8236 |            4.2978 |            1.8742 |            4.7661 |            0.8855
 34601 |    196 | 2020-03-10 09:56:29   |       13.1317 |       18.2073 |       12.3307 |             4.482 |            1.9567 |            4.9676 |            0.9244
 34601 |    197 | 2020-03-10 09:56:37   |       13.0981 |       18.2148 |       10.7184 |            3.9033 |            1.6904 |            4.3348 |              0.79
 34601 |    198 | 2020-03-10 09:56:45.5 |       13.0787 |       18.2006 |       11.0729 |            4.0434 |            1.7401 |            4.4736 |            0.8158
 34601 |    199 | 2020-03-10 09:56:55.5 |       13.1282 |       18.2065 |       11.6028 |            4.2211 |            1.8366 |            4.6781 |             0.867
 34601 |    200 | 2020-03-10 09:57:05.5 |       13.0923 |       18.1858 |       11.8374 |            4.3131 |            1.8677 |            4.7739 |            0.8827
 34601 |    201 | 2020-03-10 09:57:15   |       13.1305 |       18.2055 |       11.8335 |            4.3026 |            1.8742 |            4.7702 |            0.8865
 34601 |    202 | 2020-03-10 09:57:25   |       13.1309 |       18.2071 |       12.2433 |            4.4508 |             1.942 |            4.9327 |            0.9178
 34601 |    203 | 2020-03-10 09:57:38   |        13.109 |        18.208 |        10.201 |              3.71 |             1.607 |              4.13 |             0.754
 34601 |    204 | 2020-03-10 09:57:51   |       13.1281 |       18.2072 |       11.3034 |            4.1117 |            1.7884 |            4.5601 |            0.8432
 34601 |    205 | 2020-03-10 09:58:03   |       13.1275 |        18.207 |        11.679 |             4.248 |             1.849 |             4.708 |             0.874
 34601 |    206 | 2020-03-10 09:58:14.5 |       13.1247 |       18.2071 |       11.8731 |             4.318 |            1.8805 |            4.7863 |            0.8883
 34601 |    207 | 2020-03-10 09:58:23.5 |       13.1298 |       18.2062 |       12.1803 |            4.4272 |            1.9317 |             4.908 |            0.9134
 34601 |    208 | 2020-03-10 09:58:33.5 |       13.1229 |        18.208 |       12.0417 |            4.3767 |             1.909 |            4.8545 |            0.9015
 34601 |    209 | 2020-03-10 09:58:45   |       13.1293 |       18.2092 |       10.9985 |             4.001 |            1.7393 |            4.4402 |            0.8181
 34601 |    210 | 2020-03-10 09:58:55.5 |       13.1318 |       18.2075 |       11.6507 |            4.2375 |            1.8454 |             4.697 |            0.8709
 34601 |    211 | 2020-03-10 09:59:05   |        13.132 |       18.2099 |        11.825 |             4.301 |            1.8738 |            4.7653 |            0.8849
 34601 |    212 | 2020-03-10 09:59:15   |       13.1265 |       18.2073 |       11.8926 |            4.3239 |            1.8845 |            4.7941 |            0.8902
 34601 |    213 | 2020-03-10 09:59:25   |       13.1307 |       18.2064 |       12.2567 |            4.4549 |            1.9447 |            4.9385 |            0.9186
 34601 |    214 | 2020-03-10 09:59:38.5 |       13.1098 |       18.2083 |       10.2048 |            3.7114 |            1.6081 |            4.1308 |            0.7546
 34601 |    215 | 2020-03-10 09:59:53   |       13.1292 |       18.2079 |       11.4402 |            4.1617 |            1.8104 |            4.6138 |            0.8543
 34601 |    216 | 2020-03-10 10:00:03   |       13.1255 |       18.2072 |        11.606 |             4.221 |             1.837 |              4.68 |             0.868
 34601 |    217 | 2020-03-10 10:00:12   |       13.1129 |       18.2052 |       11.9342 |            4.3481 |            1.8856 |            4.8114 |            0.8891
 34601 |    218 | 2020-03-10 10:00:21.5 |       13.1324 |       18.2097 |       12.0481 |             4.378 |            1.9112 |            4.8552 |            0.9037
 34601 |    219 | 2020-03-10 10:00:32.5 |       13.1282 |       18.2085 |        12.325 |            4.4811 |            1.9554 |            4.9652 |            0.9233
 34601 |    220 | 2020-03-10 10:00:45   |       13.1277 |        18.201 |       10.9431 |            3.9801 |            1.7302 |            4.4186 |            0.8142
 34601 |    221 | 2020-03-10 10:00:55.5 |       13.1318 |       18.2081 |       11.6691 |            4.2452 |             1.848 |            4.7038 |            0.8721
 34601 |    222 | 2020-03-10 10:01:05.5 |       13.1232 |       18.2143 |       12.0386 |            4.3907 |             1.899 |            4.8527 |            0.8962
 34601 |    223 | 2020-03-10 10:01:15   |       13.1262 |       18.2071 |       11.9251 |            4.3362 |            1.8889 |            4.8073 |            0.8926
 34601 |    224 | 2020-03-10 10:01:25   |       13.1327 |       18.2098 |       12.3633 |            4.4948 |            1.9616 |            4.9798 |             0.927
 34601 |    225 | 2020-03-10 10:01:38   |        13.109 |       18.2077 |        10.327 |             3.756 |             1.628 |             4.179 |             0.764
 34601 |    226 | 2020-03-10 10:01:51   |       13.1296 |       18.2073 |       11.3614 |             4.132 |            1.7981 |            4.5832 |             0.848
 34601 |    227 | 2020-03-10 10:02:01   |       13.1319 |       18.2069 |       11.8145 |            4.2934 |            1.8741 |            4.7603 |            0.8868
 34601 |    228 | 2020-03-10 10:02:11   |       13.1268 |       18.2078 |       11.8263 |            4.2988 |            1.8744 |            4.7664 |            0.8867
 34601 |    229 | 2020-03-10 10:02:21   |       13.1324 |       18.2082 |       12.2571 |             4.456 |            1.9451 |            4.9372 |            0.9189
 34601 |    230 | 2020-03-10 10:02:33   |       13.1283 |       18.2089 |       12.2429 |            4.4496 |            1.9424 |            4.9333 |            0.9176
 34601 |    231 | 2020-03-10 10:02:46   |       13.1295 |       18.2072 |        11.094 |             4.035 |             1.755 |             4.478 |             0.826
 34601 |    232 | 2020-03-10 10:02:56.5 |       13.1339 |        18.211 |       11.7799 |            4.2859 |            1.8666 |            4.7462 |            0.8812
 34601 |    233 | 2020-03-10 10:03:14   |        13.129 |       18.2075 |        12.009 |             4.367 |             1.903 |             4.839 |               0.9
 34601 |    234 | 2020-03-10 10:03:32   |       13.1019 |        18.213 |        12.296 |            4.4779 |            1.9443 |            4.9563 |            0.9175
 34601 |    235 | 2020-03-10 10:03:40.5 |       13.1187 |       18.2078 |       10.4727 |            3.8087 |            1.6528 |            4.2352 |            0.7761
 34601 |    236 | 2020-03-10 10:03:49.5 |       13.1312 |       18.2063 |       11.3443 |            4.1258 |            1.7957 |            4.5758 |            0.8469
 34601 |    237 | 2020-03-10 10:03:59   |       13.1327 |       18.2095 |       11.6446 |            4.2363 |            1.8447 |            4.6938 |            0.8699
 34601 |    238 | 2020-03-10 10:04:08   |       13.1249 |       18.2081 |       11.6898 |            4.2522 |            1.8502 |            4.7135 |            0.8739
 34601 |    239 | 2020-03-10 10:04:17   |       13.1314 |       18.2069 |       12.1314 |            4.4101 |            1.9239 |            4.8875 |              0.91
 34601 |    240 | 2020-03-10 10:04:27   |       13.1029 |       18.2117 |       12.3167 |             4.482 |            1.9504 |            4.9619 |            0.9225
 34601 |    241 | 2020-03-10 10:04:36   |       13.1292 |       18.2068 |       11.2209 |            4.0779 |            1.7749 |            4.5318 |            0.8362
 34601 |    242 | 2020-03-10 10:04:45.5 |       13.1308 |       18.2061 |        11.107 |            4.0389 |            1.7578 |             4.483 |            0.8273
 34601 |    243 | 2020-03-10 10:04:56   |       13.1354 |       18.2118 |       11.6861 |            4.2527 |            1.8517 |            4.7092 |            0.8725
 34601 |    244 | 2020-03-10 10:05:06   |       13.1272 |       18.2125 |       11.8896 |            4.3296 |            1.8807 |            4.7935 |            0.8859
 34601 |    245 | 2020-03-10 10:05:15.5 |       13.1298 |       18.2072 |       12.0718 |             4.389 |            1.9136 |            4.8647 |            0.9045
 34601 |    246 | 2020-03-10 10:05:25   |       13.1347 |        18.213 |       12.4165 |            4.5143 |             1.971 |            5.0001 |            0.9311
 34601 |    247 | 2020-03-10 10:05:38   |        13.109 |       18.2077 |        10.416 |             3.788 |             1.642 |             4.215 |             0.771
 34601 |    248 | 2020-03-10 10:05:51   |       13.1219 |       18.2092 |       11.4666 |            4.1721 |            1.8145 |            4.6253 |            0.8547
 34601 |    249 | 2020-03-10 10:06:01   |       13.1049 |       18.1966 |       11.9249 |            4.3532 |            1.8776 |            4.8102 |             0.884
 34601 |    250 | 2020-03-10 10:06:11   |       13.1262 |       18.2069 |       11.9026 |            4.3287 |            1.8859 |            4.7969 |             0.891
 34601 |    251 | 2020-03-10 10:06:20.5 |       13.1328 |       18.2093 |       12.2981 |            4.4715 |            1.9505 |            4.9532 |            0.9228
 34601 |    252 | 2020-03-10 10:06:32.5 |       13.1277 |       18.2073 |       12.2685 |            4.4587 |            1.9463 |            4.9436 |            0.9199
 34601 |    253 | 2020-03-10 10:06:47.5 |       13.1327 |       18.2079 |       11.3124 |            4.1143 |            1.7912 |            4.5627 |            0.8442
 34601 |    254 | 2020-03-10 10:07:00.5 |       13.1291 |       18.2171 |       11.6698 |             4.253 |            1.8434 |             4.705 |            0.8683
 34601 |    255 | 2020-03-10 10:07:10   |       13.1264 |       18.2078 |       11.7962 |            4.2905 |            1.8673 |            4.7556 |            0.8829
 34601 |    256 | 2020-03-10 10:07:18.5 |       13.1323 |       18.2085 |        12.226 |            4.4454 |            1.9392 |             4.924 |            0.9173
 34601 |    257 | 2020-03-10 10:07:27   |       13.1241 |       18.2005 |       12.0804 |             4.405 |            1.9054 |            4.8736 |            0.8963
 34601 |    258 | 2020-03-10 10:07:39   |       13.1117 |       18.2064 |        10.329 |            3.7564 |            1.6281 |            4.1801 |            0.7645
 34601 |    259 | 2020-03-10 10:07:52   |       13.1102 |       18.1968 |       11.4984 |            4.1865 |            1.8173 |            4.6374 |            0.8572
 34601 |    260 | 2020-03-10 10:08:04.5 |       13.1225 |        18.201 |       11.6909 |            4.2597 |            1.8443 |            4.7168 |            0.8701
 34601 |    261 | 2020-03-10 10:08:17   |       13.1302 |       18.2104 |       12.2064 |            4.4385 |             1.936 |            4.9167 |            0.9151
 34601 |    262 | 2020-03-10 10:08:26   |        13.033 |       18.2158 |        11.995 |             4.374 |             1.889 |              4.84 |             0.892
 34601 |    263 | 2020-03-10 10:08:35   |       13.1193 |       18.2076 |       11.7746 |            4.2813 |            1.8644 |            4.7487 |            0.8802
 34601 |    264 | 2020-03-10 10:08:45.5 |       13.1322 |       18.2088 |       11.1688 |            4.0626 |            1.7676 |            4.5063 |            0.8323
 34601 |    265 | 2020-03-10 10:08:56   |       13.1329 |       18.2115 |       11.3669 |             4.134 |            1.7991 |            4.5847 |            0.8491
 34601 |    266 | 2020-03-10 10:09:06   |       13.1285 |        18.208 |        11.805 |             4.293 |              1.87 |             4.758 |             0.884
 34601 |    267 | 2020-03-10 10:09:16   |       13.1319 |        18.208 |       12.1718 |            4.4261 |            1.9302 |             4.903 |            0.9125
 34601 |    268 | 2020-03-10 10:09:26   |       13.1265 |        18.213 |         12.08 |             4.406 |             1.903 |             4.874 |             0.897
 34601 |    269 | 2020-03-10 10:09:38.5 |       13.1084 |       18.2076 |       10.3785 |            3.7748 |            1.6359 |            4.2002 |            0.7676
 34601 |    270 | 2020-03-10 10:09:51   |       13.0768 |       18.1941 |       11.4282 |            4.1705 |            1.7989 |            4.6135 |            0.8452
 34601 |    271 | 2020-03-10 10:10:01.5 |        13.127 |       18.2049 |       11.7122 |            4.2593 |            1.8546 |            4.7221 |            0.8762
 34601 |    272 | 2020-03-10 10:10:16   |       13.1301 |       18.2062 |       12.0615 |            4.3851 |            1.9122 |            4.8608 |            0.9034
 34601 |    273 | 2020-03-10 10:10:29.5 |        13.127 |       18.2077 |       12.0741 |            4.3888 |            1.9143 |            4.8668 |            0.9042
 34601 |    274 | 2020-03-10 10:10:38.5 |       13.1076 |        18.207 |        10.339 |            3.7595 |            1.6294 |             4.185 |             0.765
 34601 |    275 | 2020-03-10 10:10:47.5 |       13.1181 |       18.2015 |       11.4051 |             4.154 |            1.8023 |            4.6001 |            0.8488
 34601 |    276 | 2020-03-10 10:10:56.5 |       13.1291 |       18.2136 |       11.3648 |            4.1389 |             1.794 |            4.5862 |            0.8457
 34601 |    277 | 2020-03-10 10:11:06   |       13.1295 |        18.207 |        11.843 |             4.307 |             1.876 |             4.773 |             0.887
 34601 |    278 | 2020-03-10 10:11:16   |       13.1338 |       18.2103 |        12.289 |            4.4699 |            1.9497 |            4.9489 |            0.9205
 34601 |    279 | 2020-03-10 10:11:26   |       13.1245 |       18.2072 |        11.961 |             4.349 |             1.895 |             4.822 |             0.895
 34601 |    280 | 2020-03-10 10:11:39   |       13.1108 |       18.2069 |       10.4487 |            3.8003 |            1.6473 |            4.2273 |            0.7737
 34601 |    281 | 2020-03-10 10:11:52   |       13.0902 |       18.1976 |       11.4405 |            4.1739 |            1.8023 |            4.6181 |            0.8462
 34601 |    282 | 2020-03-10 10:12:02   |         13.13 |       18.2107 |       11.6875 |            4.2527 |            1.8504 |            4.7107 |            0.8737
 34601 |    283 | 2020-03-10 10:12:12   |       13.1314 |       18.2091 |       12.0958 |            4.3996 |            1.9172 |            4.8726 |            0.9064
 34601 |    284 | 2020-03-10 10:12:21.5 |       13.0849 |       18.1934 |       11.9316 |             4.349 |            1.8812 |            4.8124 |            0.8891
 34601 |    285 | 2020-03-10 10:12:33   |       13.1314 |       18.2051 |       12.4429 |            4.5217 |            1.9753 |             5.012 |            0.9338
 34601 |    286 | 2020-03-10 10:12:46   |        13.134 |       18.2105 |        11.283 |             4.105 |             1.786 |             4.551 |             0.841
 34601 |    287 | 2020-03-10 10:12:56.5 |       13.1297 |       18.2085 |       11.4653 |             4.171 |             1.815 |            4.6229 |            0.8563
 34601 |    288 | 2020-03-10 10:13:09.5 |       13.1293 |       18.2043 |       11.9667 |            4.3514 |            1.8959 |            4.8227 |            0.8967
 34601 |    289 | 2020-03-10 10:13:22   |       13.1172 |       18.2069 |       12.1933 |            4.4388 |            1.9317 |            4.9122 |            0.9106
 34601 |    290 | 2020-03-10 10:13:31   |       13.1318 |       18.2074 |       12.3554 |            4.4902 |            1.9608 |            4.9775 |            0.9269
 34601 |    291 | 2020-03-10 10:13:45.5 |       13.1408 |       18.2092 |       11.2362 |            4.0885 |             1.779 |            4.5335 |            0.8352
 34601 |    292 | 2020-03-10 10:14:00.5 |       13.1318 |       18.2102 |       11.6583 |            4.2412 |             1.847 |            4.6988 |            0.8712
 34601 |    293 | 2020-03-10 10:14:09.5 |       13.1381 |       18.2082 |       12.0878 |            4.3958 |            1.9167 |            4.8692 |            0.9062
 34601 |    294 | 2020-03-10 10:14:19   |       13.1389 |       18.2103 |       12.0427 |            4.3791 |            1.9103 |            4.8514 |            0.9019
 34601 |    295 | 2020-03-10 10:14:28.5 |       13.1279 |       18.2072 |       12.1014 |             4.399 |            1.9188 |            4.8774 |            0.9062
 34601 |    296 | 2020-03-10 10:14:37   |       13.1143 |       18.2074 |       11.1083 |            4.0386 |            1.7555 |            4.4875 |            0.8268
 34601 |    297 | 2020-03-10 10:14:46.5 |       13.1389 |       18.2121 |       11.3025 |            4.1104 |             1.791 |            4.5577 |            0.8434
 34601 |    298 | 2020-03-10 10:14:56.5 |       13.1282 |       18.2079 |       11.3476 |            4.1268 |            1.7956 |            4.5774 |            0.8477
 34601 |    299 | 2020-03-10 10:15:07   |        13.127 |       18.2065 |        11.729 |             4.266 |             1.857 |             4.728 |             0.878
 34601 |    300 | 2020-03-10 10:15:16.5 |       13.1343 |       18.2113 |       12.1955 |            4.4354 |             1.935 |            4.9112 |            0.9138
 34601 |    301 | 2020-03-10 10:15:26   |       13.1275 |        18.207 |        12.096 |             4.397 |             1.918 |             4.875 |             0.906
 34601 |    302 | 2020-03-10 10:15:39   |        13.109 |       18.2085 |        10.593 |             3.852 |             1.671 |             4.285 |             0.785
 34601 |    303 | 2020-03-10 10:15:52   |       13.1198 |       18.2071 |       10.9727 |            3.9914 |            1.7335 |            4.4296 |            0.8182
 34601 |    304 | 2020-03-10 10:16:02   |       13.1248 |       18.2077 |       11.5078 |            4.1864 |            1.8204 |            4.6409 |            0.8601
 34601 |    305 | 2020-03-10 10:16:11.5 |       13.1319 |       18.2074 |        12.043 |            4.3799 |            1.9097 |            4.8511 |            0.9023
 34601 |    306 | 2020-03-10 10:16:21   |       13.1248 |       18.2031 |        11.939 |            4.3423 |            1.8902 |            4.8133 |            0.8932
 34601 |    307 | 2020-03-10 10:16:33   |       13.1346 |       18.2084 |       12.5138 |            4.5479 |            1.9872 |            5.0398 |            0.9389
 34601 |    308 | 2020-03-10 10:16:46   |       13.1335 |       18.2115 |        11.067 |             4.027 |             1.751 |             4.466 |             0.823
 34601 |    309 | 2020-03-10 10:16:57.5 |        13.129 |       18.2082 |       11.5422 |             4.198 |             1.827 |            4.6542 |            0.8629
 34601 |    310 | 2020-03-10 10:17:10   |       13.1334 |       18.2086 |       12.1088 |            4.4036 |            1.9201 |             4.877 |            0.9081
 34601 |    311 | 2020-03-10 10:17:23   |        13.126 |       18.2075 |        11.981 |             4.356 |             1.899 |             4.829 |             0.897
 34601 |    312 | 2020-03-10 10:17:34   |        13.133 |       18.2087 |        12.409 |              4.51 |              1.97 |             4.998 |             0.931
 34601 |    313 | 2020-03-10 10:17:43   |        13.073 |       18.1948 |        10.956 |             3.999 |             1.722 |             4.429 |             0.806
 34601 |    314 | 2020-03-10 10:17:52   |       13.1228 |       18.2067 |       11.1696 |            4.0638 |            1.7658 |            4.5073 |            0.8327
 34601 |    315 | 2020-03-10 10:18:05   |       13.1267 |       18.2067 |       11.6676 |            4.2432 |            1.8468 |            4.7051 |            0.8725
 34601 |    316 | 2020-03-10 10:18:18   |        13.125 |       18.2078 |        11.873 |             4.317 |             1.881 |             4.786 |             0.889
 34601 |    317 | 2020-03-10 10:18:27   |       13.1285 |       18.2078 |        12.121 |             4.406 |             1.922 |             4.885 |             0.908
 34601 |    318 | 2020-03-10 10:18:36   |       13.1237 |       18.2083 |       11.8388 |            4.3033 |            1.8756 |            4.7751 |            0.8849
 34601 |    319 | 2020-03-10 10:18:46.5 |       13.1264 |       18.2192 |       10.9535 |            3.9982 |            1.7192 |            4.4281 |            0.8079
 34601 |    320 | 2020-03-10 10:18:57   |       13.1285 |       18.2089 |       11.4879 |            4.1793 |            1.8178 |            4.6326 |            0.8582
 34601 |    321 | 2020-03-10 10:19:07   |       13.1325 |       18.2087 |        11.976 |             4.356 |             1.898 |             4.825 |             0.897
 34601 |    322 | 2020-03-10 10:19:16.5 |       13.1196 |       18.2114 |       11.7843 |            4.2956 |            1.8565 |             4.756 |            0.8761
 34601 |    323 | 2020-03-10 10:19:26   |       13.1273 |       18.2076 |        12.087 |            4.3943 |            1.9155 |            4.8715 |            0.9057
 34601 |    324 | 2020-03-10 10:19:39.5 |       13.1099 |       18.2041 |       10.5988 |             3.855 |            1.6713 |            4.2866 |            0.7858
 34601 |    325 | 2020-03-10 10:19:52.5 |       13.1271 |       18.2072 |       11.1994 |             4.074 |            1.7711 |            4.5193 |            0.8349
 34601 |    326 | 2020-03-10 10:20:02   |       13.1328 |       18.2099 |       11.6948 |            4.2546 |            1.8518 |            4.7133 |            0.8751
 34601 |    327 | 2020-03-10 10:20:12   |       13.1306 |       18.2119 |       12.1472 |            4.4221 |            1.9231 |            4.8941 |            0.9079
 34601 |    328 | 2020-03-10 10:20:22   |       13.1305 |       18.2082 |       12.0771 |            4.3906 |            1.9156 |            4.8662 |            0.9046
 34601 |    329 | 2020-03-10 10:20:34   |        13.135 |       18.2082 |       12.5475 |            4.5607 |            1.9921 |            5.0523 |            0.9424
 34601 |    330 | 2020-03-10 10:20:48.5 |       13.1232 |        18.208 |       10.8699 |            3.9541 |             1.717 |            4.3905 |            0.8084
 34601 |    331 | 2020-03-10 10:21:00.5 |       13.1305 |       18.2061 |       11.6416 |            4.2335 |            1.8438 |            4.6927 |            0.8716
 34601 |    332 | 2020-03-10 10:21:09.5 |        13.102 |       18.2041 |       12.1373 |            4.4282 |            1.9134 |            4.8939 |            0.9019
 34601 |    333 | 2020-03-10 10:21:18.5 |       13.1273 |       18.2082 |       11.9199 |            4.3341 |            1.8884 |            4.8045 |            0.8928
 34601 |    334 | 2020-03-10 10:21:27.5 |       13.1315 |       18.2066 |       12.2586 |            4.4552 |            1.9455 |            4.9387 |            0.9192
 34601 |    335 | 2020-03-10 10:21:39.5 |       13.1107 |       18.2073 |       10.6692 |            3.8786 |             1.684 |            4.3144 |            0.7922
 34601 |    336 | 2020-03-10 10:21:52.5 |       13.1285 |       18.2079 |       11.2621 |            4.0965 |            1.7811 |            4.5443 |            0.8401
 34601 |    337 | 2020-03-10 10:22:02.5 |       13.1324 |       18.2084 |       11.7199 |            4.2615 |            1.8567 |            4.7238 |            0.8779
 34601 |    338 | 2020-03-10 10:22:12   |       13.1361 |        18.212 |       11.9017 |            4.3273 |            1.8878 |            4.7953 |            0.8912
 34601 |    339 | 2020-03-10 10:22:22   |       13.1278 |        18.208 |       12.0356 |            4.3766 |            1.9075 |            4.8495 |             0.902
 34601 |    340 | 2020-03-10 10:22:34   |       13.1368 |       18.2113 |       12.6159 |            4.5859 |            2.0036 |            5.0792 |            0.9472
 34601 |    341 | 2020-03-10 10:22:46.5 |       13.1269 |       18.2084 |       10.8545 |            3.9482 |            1.7157 |            4.3836 |             0.807
 34601 |    342 | 2020-03-10 10:22:57   |       13.1297 |       18.2067 |       11.5978 |            4.2192 |            1.8362 |            4.6757 |            0.8666
 34601 |    343 | 2020-03-10 10:23:09.5 |       13.1125 |       18.2149 |        11.999 |            4.3715 |            1.8974 |            4.8357 |            0.8944
 34601 |    344 | 2020-03-10 10:23:22   |       13.1297 |       18.2089 |       12.1053 |            4.4012 |            1.9191 |            4.8777 |            0.9074
 34601 |    345 | 2020-03-10 10:23:31   |        13.134 |        18.211 |        12.424 |             4.517 |             1.972 |             5.003 |             0.932
 34601 |    346 | 2020-03-10 10:23:41   |       13.1159 |       18.2102 |       10.5086 |            3.8216 |            1.6578 |            4.2499 |            0.7793
 34601 |    347 | 2020-03-10 10:23:52   |       13.1297 |       18.2076 |       11.2754 |            4.1016 |            1.7839 |            4.5488 |            0.8411
 34601 |    348 | 2020-03-10 10:24:02.5 |       13.1287 |       18.2074 |       11.6522 |            4.2379 |            1.8453 |            4.6966 |            0.8724
 34601 |    349 | 2020-03-10 10:24:17   |       13.1266 |       18.2081 |        11.935 |            4.3406 |            1.8903 |            4.8109 |            0.8932
 34601 |    350 | 2020-03-10 10:24:30.5 |       13.1336 |       18.2131 |       12.4105 |            4.5123 |            1.9704 |             4.997 |            0.9308
 34601 |    351 | 2020-03-10 10:24:39.5 |       13.1092 |       18.2101 |       10.7366 |            3.9051 |            1.6942 |            4.3407 |            0.7966
 34601 |    352 | 2020-03-10 10:24:48.5 |       13.1275 |       18.2079 |       11.0027 |            4.0015 |            1.7399 |            4.4418 |            0.8195
 34601 |    353 | 2020-03-10 10:24:57.5 |       13.1341 |       18.2101 |       11.7208 |            4.2642 |            1.8569 |             4.723 |            0.8767
 34601 |    354 | 2020-03-10 10:25:07   |       13.1325 |       18.2082 |        11.964 |             4.352 |             1.896 |              4.82 |             0.896
 34601 |    355 | 2020-03-10 10:25:17   |       13.1286 |       18.2083 |       11.8588 |              4.31 |            1.8799 |            4.7801 |            0.8888
 34601 |    356 | 2020-03-10 10:25:27   |       13.1315 |       18.2077 |        12.277 |             4.463 |             1.947 |             4.946 |             0.921
 34601 |    357 | 2020-03-10 10:25:40   |       13.1109 |        18.209 |       10.7199 |            3.8983 |            1.6914 |            4.3343 |            0.7959
 34601 |    358 | 2020-03-10 10:25:53   |       13.1299 |       18.2079 |        11.352 |            4.1293 |            1.7967 |            4.5783 |            0.8477
 34601 |    359 | 2020-03-10 10:26:02.5 |       13.1322 |       18.2081 |        11.832 |            4.3032 |            1.8748 |            4.7672 |            0.8867
 34601 |    360 | 2020-03-10 10:26:12.5 |       13.1254 |       18.2066 |       11.7354 |            4.2666 |            1.8592 |            4.7305 |            0.8791
 34601 |    361 | 2020-03-10 10:26:22   |       13.1292 |       18.2064 |       12.1753 |            4.4264 |            1.9305 |            4.9051 |            0.9133
 34601 |    362 | 2020-03-10 10:26:34   |       13.0833 |       18.2133 |       12.3965 |            4.5162 |            1.9593 |            4.9986 |            0.9224
 34601 |    363 | 2020-03-10 10:26:47.5 |       13.1275 |       18.2078 |       10.9983 |            4.0003 |            1.7387 |             4.441 |            0.8183
 34601 |    364 | 2020-03-10 10:26:57.5 |        13.133 |       18.2101 |       11.6964 |            4.2558 |            1.8525 |            4.7138 |            0.8743
 34601 |    365 | 2020-03-10 10:27:07   |        13.124 |        18.208 |        11.583 |             4.213 |             1.833 |             4.671 |             0.866
 34601 |    366 | 2020-03-10 10:27:17   |       13.1294 |       18.2092 |       12.0002 |            4.3633 |             1.902 |            4.8359 |             0.899
 34601 |    367 | 2020-03-10 10:27:27   |       13.1335 |       18.2112 |         12.37 |             4.498 |             1.963 |             4.981 |             0.928
 34601 |    368 | 2020-03-10 10:27:40.5 |        13.116 |       18.2086 |       10.6255 |            3.8628 |             1.678 |             4.296 |            0.7887
 34601 |    369 | 2020-03-10 10:27:53.5 |       13.1306 |        18.205 |       11.3977 |            4.1451 |            1.8042 |            4.5974 |             0.851
 34601 |    370 | 2020-03-10 10:28:07   |        13.125 |       18.2085 |        11.609 |             4.223 |             1.837 |             4.681 |             0.868
 34601 |    371 | 2020-03-10 10:28:20   |       13.1317 |       18.2067 |       12.1723 |             4.425 |            1.9305 |            4.9041 |            0.9127
 34601 |    372 | 2020-03-10 10:28:29   |       13.1324 |        18.212 |       12.2493 |            4.4522 |             1.944 |            4.9347 |            0.9184
 34601 |    373 | 2020-03-10 10:28:38   |       13.1097 |       18.2023 |       11.1794 |            4.0658 |            1.7645 |            4.5167 |            0.8324
 34601 |    374 | 2020-03-10 10:28:47.5 |       13.1291 |        18.208 |       11.0613 |            4.0224 |            1.7496 |            4.4657 |            0.8235
 34601 |    375 | 2020-03-10 10:28:58   |       13.1275 |       18.2176 |       11.6617 |            4.2541 |            1.8365 |            4.7057 |            0.8654
 34601 |    376 | 2020-03-10 10:29:08   |       13.1245 |       18.2074 |       11.5991 |            4.2191 |            1.8355 |            4.6773 |            0.8672
 34601 |    377 | 2020-03-10 10:29:18   |       13.1306 |       18.2061 |       12.0798 |            4.3917 |             1.915 |            4.8675 |            0.9057
 34601 |    378 | 2020-03-10 10:29:27.5 |       13.1333 |       18.2117 |       12.3853 |            4.5049 |            1.9646 |            4.9874 |            0.9284
 34601 |    379 | 2020-03-10 10:29:40   |       13.1124 |       18.2077 |       10.7766 |             3.919 |             1.701 |            4.3562 |            0.8004
 34601 |    380 | 2020-03-10 10:29:53   |       13.1329 |       18.2097 |       11.5003 |            4.1844 |            1.8207 |            4.6363 |            0.8589
 34601 |    381 | 2020-03-10 10:30:02.5 |       13.1271 |       18.2073 |       11.5195 |            4.1897 |            1.8228 |            4.6457 |            0.8613
 34601 |    382 | 2020-03-10 10:30:12   |        13.125 |       18.2077 |       11.7253 |            4.2641 |            1.8569 |            4.7272 |            0.8771
 34601 |    383 | 2020-03-10 10:30:22   |       13.1334 |       18.2108 |        12.276 |            4.4642 |            1.9473 |             4.944 |            0.9205
 34601 |    384 | 2020-03-10 10:30:35   |        13.006 |       18.1995 |        12.055 |             4.394 |               1.9 |             4.863 |             0.898
 34601 |    385 | 2020-03-10 10:30:47.5 |       13.1317 |       18.2064 |       11.0918 |             4.034 |            1.7543 |            4.4766 |            0.8269
 34601 |    386 | 2020-03-10 10:30:58   |       13.1333 |       18.2121 |       11.5832 |            4.2157 |            1.8345 |             4.669 |            0.8639
 34601 |    387 | 2020-03-10 10:31:12   |       13.1287 |       18.2074 |       11.9301 |            4.3387 |              1.89 |            4.8078 |            0.8936
 34601 |    388 | 2020-03-10 10:31:26.5 |       13.1086 |       18.2127 |       12.4185 |            4.5242 |            1.9615 |            5.0083 |            0.9245
 34601 |    389 | 2020-03-10 10:31:36   |        13.122 |       18.2067 |       11.9004 |            4.3241 |            1.8862 |            4.7993 |            0.8908
 34601 |    390 | 2020-03-10 10:31:44.5 |       13.1347 |       18.2072 |       10.8513 |            3.9453 |            1.7172 |            4.3819 |            0.8069
 34601 |    391 | 2020-03-10 10:31:53.5 |       13.1346 |       18.2107 |       11.5959 |            4.2178 |            1.8378 |            4.6731 |            0.8673
 34601 |    392 | 2020-03-10 10:32:03   |        13.125 |       18.1985 |        11.852 |             4.324 |             1.867 |             4.782 |             0.879
 34601 |    393 | 2020-03-10 10:32:16   |       13.1326 |        18.208 |       12.1453 |            4.4161 |            1.9255 |            4.8931 |            0.9105
 34601 |    394 | 2020-03-10 10:32:29   |        13.123 |       18.2124 |       11.9583 |            4.3563 |             1.887 |            4.8243 |            0.8907
 34601 |    395 | 2020-03-10 10:32:41.5 |       13.1224 |       18.2079 |       10.6915 |            3.8881 |             1.689 |            4.3213 |            0.7931
 34601 |    396 | 2020-03-10 10:32:54   |       13.1406 |       18.2104 |       11.4029 |            4.1475 |            1.8065 |            4.5968 |            0.8522
 34601 |    397 | 2020-03-10 10:33:06.5 |       13.1285 |       18.2079 |       11.6723 |            4.2457 |            1.8482 |            4.7056 |            0.8728
 34601 |    398 | 2020-03-10 10:33:18.5 |       13.1331 |       18.2094 |       12.2108 |            4.4404 |            1.9367 |            4.9187 |             0.915
 34601 |    399 | 2020-03-10 10:33:27   |        13.124 |       18.2075 |        11.924 |             4.335 |             1.889 |             4.808 |             0.892
 34601 |    400 | 2020-03-10 10:33:37   |       13.1168 |       18.2078 |        11.681 |            4.2459 |            1.8481 |            4.7135 |            0.8735
 34601 |    401 | 2020-03-10 10:33:48.5 |       13.1327 |       18.2094 |       11.3052 |            4.1122 |            1.7895 |            4.5604 |            0.8431
 34601 |    402 | 2020-03-10 10:33:59   |       13.1245 |       18.2087 |        11.338 |             4.124 |             1.793 |             4.575 |             0.846
 34601 |    403 | 2020-03-10 10:34:09   |       13.1268 |       18.2069 |       11.7151 |            4.2606 |            1.8544 |            4.7231 |            0.8771
 34601 |    404 | 2020-03-10 10:34:18.5 |       13.1281 |        18.201 |        12.232 |            4.4618 |            1.9295 |            4.9313 |            0.9095
 34601 |    405 | 2020-03-10 10:34:28   |       13.1286 |       18.2105 |       11.9496 |            4.3437 |            1.8934 |            4.8174 |             0.895
 34601 |    406 | 2020-03-10 10:34:42   |       13.1236 |       18.2073 |       10.6163 |            3.8597 |            1.6768 |            4.2923 |            0.7876
 34601 |    407 | 2020-03-10 10:34:55   |        13.126 |       18.2155 |         11.42 |             4.164 |             1.799 |             4.611 |             0.846
 34601 |    408 | 2020-03-10 10:35:04   |       13.1315 |       18.2075 |        11.827 |             4.302 |             1.874 |             4.766 |             0.885
 34601 |    409 | 2020-03-10 10:35:13.5 |       13.1306 |       18.2073 |       12.0042 |            4.3652 |            1.9022 |            4.8374 |            0.8994
 34601 |    410 | 2020-03-10 10:35:23.5 |        13.133 |       18.2112 |       12.1322 |            4.4122 |            1.9239 |            4.8872 |            0.9089
 34601 |    411 | 2020-03-10 10:35:35.5 |       13.1245 |       18.2083 |       12.0453 |            4.3783 |            1.9087 |            4.8562 |            0.9021
 34601 |    412 | 2020-03-10 10:35:48.5 |       13.1326 |       18.2093 |       11.2998 |            4.1102 |            1.7883 |            4.5587 |            0.8426
 34601 |    413 | 2020-03-10 10:35:59   |        13.126 |       18.2087 |        11.377 |             4.139 |             1.799 |              4.59 |             0.849
 34601 |    414 | 2020-03-10 10:36:09   |       13.1288 |       18.2077 |       11.8281 |            4.3008 |            1.8734 |            4.7685 |            0.8853
 34601 |    415 | 2020-03-10 10:36:19   |       13.1345 |       18.2115 |        12.268 |             4.462 |             1.946 |              4.94 |              0.92
 34601 |    416 | 2020-03-10 10:36:28.5 |       13.1293 |       18.2094 |       11.9867 |            4.3557 |            1.9006 |            4.8318 |            0.8986
 34601 |    417 | 2020-03-10 10:36:41   |       13.1196 |       18.2106 |       10.8185 |            3.9354 |            1.7089 |            4.3714 |            0.8028
 34601 |    418 | 2020-03-10 10:36:54   |       13.1228 |       18.2107 |         11.18 |            4.0716 |            1.7642 |            4.5128 |            0.8315
 34601 |    419 | 2020-03-10 10:37:04   |       13.1253 |        18.208 |       11.5313 |            4.1949 |            1.8249 |            4.6501 |            0.8614
 34601 |    420 | 2020-03-10 10:37:14   |       13.1383 |       18.2108 |       12.1017 |            4.3997 |              1.92 |            4.8744 |            0.9075
 34601 |    421 | 2020-03-10 10:37:24   |       13.1266 |       18.2144 |       12.1151 |            4.4082 |             1.919 |            4.8837 |            0.9041
 34601 |    422 | 2020-03-10 10:37:36   |       13.1231 |       18.2076 |       11.9908 |            4.3579 |            1.9001 |            4.8348 |            0.8979
 34601 |    423 | 2020-03-10 10:37:48.5 |        13.133 |       18.2065 |       11.2775 |            4.1067 |            1.7822 |            4.5499 |            0.8387
 34601 |    424 | 2020-03-10 10:37:59.5 |       13.1271 |       18.2077 |       11.4529 |            4.1663 |            1.8121 |            4.6189 |            0.8556
 34601 |    425 | 2020-03-10 10:38:16.5 |       13.1357 |        18.211 |       12.1567 |            4.4217 |            1.9284 |             4.896 |            0.9107
 34601 |    426 | 2020-03-10 10:38:32.5 |       13.1331 |       18.2073 |       12.3249 |            4.4791 |            1.9559 |            4.9654 |            0.9245
 34601 |    427 | 2020-03-10 10:38:41   |       13.1323 |       18.2117 |       10.7023 |            3.8909 |            1.6912 |            4.3255 |            0.7947
 34601 |    428 | 2020-03-10 10:38:50   |       13.0604 |       18.1958 |       11.1662 |            4.0757 |            1.7567 |            4.5101 |            0.8237
 34601 |    429 | 2020-03-10 10:38:59   |       13.1275 |       18.2082 |        11.464 |             4.171 |             1.814 |             4.623 |             0.856
 34601 |    430 | 2020-03-10 10:39:08   |       13.1327 |       18.2073 |       11.9627 |            4.3497 |            1.8963 |            4.8199 |            0.8968
 34601 |    431 | 2020-03-10 10:39:17   |         13.13 |       18.2049 |       12.0244 |            4.3761 |            1.9051 |            4.8453 |            0.8979
 34601 |    432 | 2020-03-10 10:39:26.5 |       13.1258 |       18.2076 |       11.9919 |            4.3593 |            1.9006 |            4.8336 |            0.8985
 34601 |    433 | 2020-03-10 10:39:37.5 |       13.1143 |       18.2068 |       11.6285 |            4.2271 |            1.8399 |            4.6928 |            0.8687
 34601 |    434 | 2020-03-10 10:39:48.5 |       13.1143 |       18.2146 |       11.0728 |            4.0348 |             1.747 |              4.47 |             0.821
 34601 |    435 | 2020-03-10 10:39:59.5 |       13.1283 |        18.208 |       11.5408 |            4.1983 |            1.8272 |            4.6534 |            0.8619
 34601 |    436 | 2020-03-10 10:40:09   |       13.1282 |       18.2067 |        11.799 |              4.29 |            1.8695 |             4.756 |            0.8835
 34601 |    437 | 2020-03-10 10:40:19   |        13.124 |       18.1935 |        11.802 |             4.292 |             1.869 |             4.758 |             0.883
 34601 |    438 | 2020-03-10 10:40:28.5 |       13.1284 |       18.2063 |       12.1371 |            4.4119 |            1.9242 |            4.8912 |            0.9097
 34601 |    439 | 2020-03-10 10:40:41   |       13.1183 |       18.2095 |       10.7359 |            3.9042 |            1.6952 |            4.3393 |            0.7971
 34601 |    440 | 2020-03-10 10:40:54   |       13.1249 |        18.208 |       11.1379 |            4.0517 |            1.7611 |            4.4955 |            0.8296
 34601 |    441 | 2020-03-10 10:41:04.5 |       13.1319 |        18.208 |       11.8367 |            4.3058 |            1.8752 |              4.77 |            0.8857
 34601 |    442 | 2020-03-10 10:41:15   |        13.133 |       18.2125 |        12.009 |             4.369 |             1.904 |             4.837 |             0.899
 34601 |    443 | 2020-03-10 10:41:24.5 |       13.1278 |       18.2083 |       12.0545 |            4.3834 |            1.9103 |            4.8577 |            0.9031
 34601 |    444 | 2020-03-10 10:41:36   |       13.1304 |         18.21 |       12.2017 |            4.4349 |             1.936 |            4.9159 |             0.915
 34601 |    445 | 2020-03-10 10:41:50.5 |        13.128 |       18.2086 |       11.0008 |            4.0018 |             1.739 |            4.4408 |            0.8193
 34601 |    446 | 2020-03-10 10:42:02.5 |        13.125 |       18.2068 |       11.4774 |            4.1751 |            1.8158 |            4.6286 |            0.8579
 34601 |    447 | 2020-03-10 10:42:12   |       13.1332 |       18.2085 |       11.9988 |            4.3637 |            1.9019 |             4.834 |            0.8993
 34601 |    448 | 2020-03-10 10:42:20.5 |       13.1311 |       18.2101 |       12.0594 |            4.3879 |            1.9104 |            4.8602 |             0.901
 34601 |    449 | 2020-03-10 10:42:29.5 |         13.13 |       18.2076 |       12.2269 |            4.4444 |             1.939 |            4.9268 |            0.9167
 34601 |    450 | 2020-03-10 10:42:42   |       13.1242 |       18.2093 |       10.4232 |             3.788 |            1.6471 |            4.2157 |            0.7725
 34601 |    451 | 2020-03-10 10:42:54.5 |       13.1279 |       18.2084 |       11.2307 |            4.0853 |             1.776 |            4.5314 |            0.8381
 34601 |    452 | 2020-03-10 10:43:06.5 |       13.1318 |       18.2107 |       11.9679 |            4.3541 |            1.8968 |            4.8209 |            0.8961
 34601 |    453 | 2020-03-10 10:43:18.5 |       13.1159 |       18.2089 |       11.8577 |            4.3135 |            1.8763 |            4.7806 |            0.8873
 34601 |    454 | 2020-03-10 10:43:28   |       13.1296 |        18.208 |       12.1626 |            4.4216 |            1.9289 |            4.9004 |            0.9118
 34601 |    455 | 2020-03-10 10:43:38.5 |       13.1102 |       18.2084 |       11.3976 |            4.1453 |            1.8006 |            4.6016 |              0.85
 34601 |    456 | 2020-03-10 10:43:49.5 |       13.1251 |       18.2083 |       10.9454 |            3.9818 |            1.7294 |            4.4194 |            0.8148
 34601 |    457 | 2020-03-10 10:43:59.5 |       13.1306 |       18.2058 |       11.6065 |            4.2217 |            1.8375 |            4.6796 |            0.8678
 34601 |    458 | 2020-03-10 10:44:09   |       13.1352 |       18.2124 |       12.1484 |            4.4204 |            1.9266 |            4.8912 |            0.9102
 34601 |    459 | 2020-03-10 10:44:19   |        13.125 |        18.208 |        11.846 |             4.307 |             1.876 |             4.776 |             0.887
 34601 |    460 | 2020-03-10 10:44:29.5 |       13.1294 |       18.2051 |       12.2146 |            4.4395 |            1.9371 |            4.9219 |            0.9159
 34601 |    461 | 2020-03-10 10:44:42   |       13.1182 |       18.2069 |       10.4402 |             3.796 |            1.6475 |            4.2226 |            0.7741
 34601 |    462 | 2020-03-10 10:44:55   |        13.126 |       18.2075 |        11.219 |             4.081 |             1.774 |             4.527 |             0.837
 34601 |    463 | 2020-03-10 10:45:06   |       13.1091 |       18.2016 |       11.7757 |            4.2886 |            1.8605 |            4.7479 |            0.8787
 34601 |    464 | 2020-03-10 10:45:19.5 |       13.1329 |       18.2099 |       11.8784 |            4.3186 |            1.8822 |            4.7874 |            0.8901
 34601 |    465 | 2020-03-10 10:45:31.5 |       13.1331 |       18.2085 |       12.3716 |            4.4968 |            1.9639 |            4.9832 |            0.9277
 34601 |    466 | 2020-03-10 10:45:40   |       13.1117 |       18.2084 |       11.0608 |            4.0226 |            1.7468 |            4.4688 |            0.8226
 34601 |    467 | 2020-03-10 10:45:49.5 |       13.1232 |       18.2073 |       10.8969 |            3.9641 |            1.7217 |            4.4006 |            0.8105
 34601 |    468 | 2020-03-10 10:45:59.5 |       13.1304 |       18.2053 |       11.5947 |            4.2168 |            1.8362 |            4.6744 |            0.8672
 34601 |    469 | 2020-03-10 10:46:09.5 |       13.1341 |       18.2118 |       11.9744 |            4.3559 |            1.8987 |            4.8235 |            0.8963
 34601 |    470 | 2020-03-10 10:46:19.5 |       13.1274 |       18.2081 |       11.9603 |            4.3482 |            1.8952 |            4.8209 |            0.8959
 34601 |    471 | 2020-03-10 10:46:29.5 |       13.1313 |       18.2086 |       12.3061 |            4.4735 |            1.9524 |            4.9569 |            0.9233
 34601 |    472 | 2020-03-10 10:46:42.5 |       13.1314 |       18.2104 |       10.6259 |            3.8646 |            1.6801 |            4.2932 |            0.7879
 34601 |    473 | 2020-03-10 10:46:55   |       13.1295 |       18.2075 |        11.373 |             4.136 |               1.8 |             4.588 |             0.849
 34601 |    474 | 2020-03-10 10:47:04.5 |       13.1288 |       18.2099 |       11.8198 |            4.3039 |            1.8671 |            4.7658 |             0.883
 34601 |    475 | 2020-03-10 10:47:14   |       13.1191 |       18.2091 |       11.7946 |            4.2914 |            1.8665 |            4.7554 |            0.8812
 34601 |    476 | 2020-03-10 10:47:24   |       13.1292 |       18.2077 |       12.0976 |             4.398 |            1.9181 |            4.8747 |            0.9068
 34601 |    477 | 2020-03-10 10:47:37   |       13.1212 |       18.2102 |       12.0406 |            4.3779 |            1.9081 |            4.8544 |            0.9003
 34601 |    478 | 2020-03-10 10:47:50   |       13.1262 |       18.2083 |       11.0581 |            4.0227 |            1.7484 |            4.4638 |            0.8233
 34601 |    479 | 2020-03-10 10:48:02.5 |       13.1224 |       18.2084 |       11.3916 |            4.1447 |            1.8017 |            4.5958 |            0.8494
 34601 |    480 | 2020-03-10 10:48:14.5 |       13.1302 |       18.2082 |        12.021 |            4.3713 |            1.9053 |            4.8435 |            0.9009
 34601 |    481 | 2020-03-10 10:48:25   |       13.0925 |       18.1922 |        12.117 |              4.42 |              1.91 |             4.887 |               0.9
 34601 |    482 | 2020-03-10 10:48:40   |       13.1159 |       18.2073 |       10.8625 |            3.9488 |            1.7158 |            4.3906 |            0.8073
 34601 |    483 | 2020-03-10 10:48:55.5 |       13.1334 |       18.1756 |       11.4912 |            4.1855 |            1.8162 |            4.6329 |            0.8566
 34601 |    484 | 2020-03-10 10:49:07   |       13.1294 |       18.2067 |       11.7825 |             4.285 |            1.8665 |            4.7492 |            0.8819
 34601 |    485 | 2020-03-10 10:49:17   |       13.1335 |       18.2107 |        12.215 |             4.442 |             1.938 |             4.919 |             0.916
 34601 |    486 | 2020-03-10 10:49:26.5 |       13.1256 |       18.2148 |       12.1152 |            4.4161 |            1.9127 |            4.8851 |            0.9014
 34601 |    487 | 2020-03-10 10:49:39   |       13.1171 |       18.2076 |       11.3665 |            4.1322 |            1.7976 |            4.5889 |            0.8478
 34601 |    488 | 2020-03-10 10:49:52   |       13.1332 |       18.2108 |       11.4575 |            4.1689 |            1.8139 |            4.6196 |            0.8551
 34601 |    489 | 2020-03-10 10:50:02   |       13.1257 |       18.2076 |       11.4586 |            4.1681 |            1.8128 |            4.6212 |            0.8565
 34601 |    490 | 2020-03-10 10:50:12   |       13.1243 |       18.2068 |       11.6655 |            4.2425 |            1.8468 |            4.7041 |            0.8722
 34601 |    491 | 2020-03-10 10:50:22   |       13.1166 |       18.2127 |       12.0804 |            4.3962 |            1.9134 |            4.8685 |            0.9023
 34601 |    492 | 2020-03-10 10:50:32   |       13.1374 |       18.2102 |       12.0885 |            4.3944 |            1.9192 |            4.8695 |            0.9054
 34601 |    493 | 2020-03-10 10:50:44.5 |       13.1338 |       18.2092 |       10.8841 |            3.9573 |            1.7226 |            4.3955 |            0.8088
 34601 |    494 | 2020-03-10 10:50:57   |       13.1325 |       18.2102 |        11.441 |             4.162 |             1.811 |             4.614 |             0.854
 34601 |    495 | 2020-03-10 10:51:07   |       13.1282 |       18.2077 |       11.7246 |            4.2644 |            1.8565 |             4.727 |            0.8767
 34601 |    496 | 2020-03-10 10:51:20.5 |       13.1337 |       18.2123 |       12.1322 |            4.4123 |            1.9247 |            4.8868 |            0.9083
(497 rows)

