  run  | subrun |         time          | step1_voltage | step2_voltage | total_current | pos_2step_current | pos_1step_current | neg_2step_current | neg_1step_current 
-------+--------+-----------------------+---------------+---------------+---------------+-------------------+-------------------+-------------------+-------------------
 34719 |      0 | 2020-03-12 13:00:15   |       13.1275 |       18.2083 |         12.08 |             4.391 |             1.915 |             4.869 |             0.905
 34719 |      1 | 2020-03-12 13:00:28   |       13.1102 |       18.2085 |       11.0435 |            4.0149 |            1.7445 |             4.463 |            0.8212
 34719 |      2 | 2020-03-12 13:00:41   |       13.1288 |       18.2087 |       11.2429 |            4.0892 |            1.7791 |            4.5366 |             0.838
 34719 |      3 | 2020-03-12 13:00:51   |       13.1335 |       18.2107 |        11.859 |             4.314 |             1.879 |             4.778 |             0.888
 34719 |      4 | 2020-03-12 13:01:01   |       13.1243 |       18.2083 |        11.702 |            4.2555 |            1.8517 |            4.7196 |            0.8752
 34719 |      5 | 2020-03-12 13:01:14   |       13.1311 |        18.209 |       12.2548 |            4.4551 |             1.944 |            4.9378 |             0.918
 34719 |      6 | 2020-03-12 13:01:27   |       13.1085 |        18.209 |        11.353 |             4.128 |             1.794 |             4.585 |             0.846
 34719 |      7 | 2020-03-12 13:01:37   |        13.127 |       18.2088 |       11.0065 |             4.003 |            1.7405 |            4.4438 |            0.8191
 34719 |      8 | 2020-03-12 13:01:47   |       13.1325 |       18.2092 |        11.666 |             4.243 |             1.848 |             4.703 |             0.872
 34719 |      9 | 2020-03-12 13:01:56.5 |       13.0424 |       18.1991 |       11.7174 |            4.2697 |            1.8483 |            4.7267 |            0.8727
 34719 |     10 | 2020-03-12 13:02:06   |       13.1311 |       18.2084 |       12.0887 |            4.3959 |            1.9168 |            4.8703 |            0.9057
 34719 |     11 | 2020-03-12 13:02:16   |       13.1424 |       18.2084 |       12.1651 |            4.4211 |            1.9306 |            4.9017 |            0.9118
 34719 |     12 | 2020-03-12 13:02:28.5 |       13.1064 |       18.2085 |       10.7229 |            3.8991 |            1.6913 |            4.3371 |            0.7954
 34719 |     13 | 2020-03-12 13:02:41   |        13.133 |       18.2115 |        11.281 |             4.105 |             1.785 |              4.55 |             0.841
 34719 |     14 | 2020-03-12 13:02:51   |       13.1135 |       18.2155 |        11.901 |             4.336 |             1.881 |             4.799 |             0.885
 34719 |     15 | 2020-03-12 13:03:03.5 |        13.134 |       18.2112 |       12.2872 |            4.4692 |            1.9498 |            4.9475 |            0.9207
 34719 |     16 | 2020-03-12 13:03:15.5 |       13.1251 |       18.2082 |       11.9879 |            4.3584 |            1.8992 |            4.8324 |            0.8979
 34719 |     17 | 2020-03-12 13:03:24   |       13.1333 |       18.2077 |       12.4794 |             4.535 |            1.9814 |            5.0265 |            0.9365
 34719 |     18 | 2020-03-12 13:03:35   |       13.1398 |       18.2127 |       11.2342 |            4.0844 |            1.7808 |            4.5311 |            0.8379
 34719 |     19 | 2020-03-12 13:03:46.5 |       13.1286 |       18.2101 |        11.322 |            4.1168 |            1.7924 |             4.567 |            0.8458
 34719 |     20 | 2020-03-12 13:03:56   |       13.1298 |        18.208 |       11.8815 |            4.3214 |            1.8827 |            4.7885 |             0.889
 34719 |     21 | 2020-03-12 13:04:06   |       13.0745 |       18.2042 |       12.1522 |            4.4363 |            1.9142 |            4.9006 |            0.9011
 34719 |     22 | 2020-03-12 13:04:15.5 |       13.1294 |       18.2071 |       12.0119 |            4.3656 |            1.9043 |            4.8419 |            0.9002
 34719 |     23 | 2020-03-12 13:04:29   |        13.109 |       18.2085 |        10.608 |             3.858 |             1.673 |             4.291 |             0.786
 34719 |     24 | 2020-03-12 13:04:43.5 |       13.1253 |       18.2112 |       11.2556 |            4.1007 |            1.7754 |            4.5442 |            0.8353
 34719 |     25 | 2020-03-12 13:04:55.5 |       13.1314 |        18.208 |       11.8715 |            4.3175 |            1.8812 |            4.7836 |            0.8891
 34719 |     26 | 2020-03-12 13:05:05   |       13.1298 |       18.2059 |        12.057 |            4.3832 |            1.9113 |            4.8587 |            0.9038
 34719 |     27 | 2020-03-12 13:05:13.5 |       13.1242 |       18.2086 |       11.9104 |            4.3306 |            1.8872 |             4.802 |            0.8906
 34719 |     28 | 2020-03-12 13:05:25.5 |       13.1288 |       18.2077 |       12.1847 |            4.4289 |            1.9327 |            4.9108 |            0.9123
 34719 |     29 | 2020-03-12 13:05:37.5 |       13.1306 |       18.1828 |       11.0037 |            4.0033 |            1.7405 |            4.4413 |            0.8186
 34719 |     30 | 2020-03-12 13:05:48   |       13.1277 |       18.2092 |       11.4652 |            4.1702 |            1.8146 |            4.6241 |            0.8563
 34719 |     31 | 2020-03-12 13:05:58.5 |       13.1333 |       18.2101 |         12.06 |            4.3867 |            1.9118 |            4.8579 |            0.9035
 34719 |     32 | 2020-03-12 13:06:08.5 |       13.1441 |       18.2131 |       12.1027 |            4.4047 |             1.919 |            4.8764 |            0.9026
 34719 |     33 | 2020-03-12 13:06:17.5 |        13.128 |       18.2082 |       12.1081 |            4.4016 |            1.9198 |              4.88 |            0.9067
 34719 |     34 | 2020-03-12 13:06:30   |        13.101 |       18.2103 |       10.5924 |            3.8551 |            1.6695 |            4.2848 |             0.783
 34719 |     35 | 2020-03-12 13:06:43   |       13.1325 |         18.21 |        11.507 |             4.186 |             1.822 |              4.64 |             0.859
 34719 |     36 | 2020-03-12 13:06:53   |        13.131 |       18.2065 |        11.783 |             4.285 |             1.867 |             4.749 |             0.882
 34719 |     37 | 2020-03-12 13:07:03   |        13.129 |       18.2085 |        11.917 |             4.334 |             1.888 |             4.803 |             0.892
 34719 |     38 | 2020-03-12 13:07:12.5 |       13.1325 |       18.2078 |       12.0177 |            4.3678 |            1.9057 |            4.8435 |            0.9006
 34719 |     39 | 2020-03-12 13:07:24.5 |       13.1322 |       18.2096 |       12.3713 |            4.4971 |            1.9631 |            4.9835 |            0.9276
 34719 |     40 | 2020-03-12 13:07:40   |       13.1277 |       18.2064 |       11.1031 |            4.0369 |             1.757 |            4.4812 |             0.828
 34719 |     41 | 2020-03-12 13:07:53   |       13.1305 |       18.2062 |        11.761 |             4.277 |             1.863 |             4.741 |              0.88
 34719 |     42 | 2020-03-12 13:08:07.5 |        13.132 |       18.2079 |       12.1407 |            4.4136 |            1.9255 |            4.8912 |            0.9104
 34719 |     43 | 2020-03-12 13:08:23   |        13.125 |       18.2082 |        12.038 |             4.376 |             1.908 |             4.853 |             0.901
 34719 |     44 | 2020-03-12 13:08:32.5 |       13.1334 |       18.2067 |       10.5909 |            3.8505 |             1.675 |            4.2802 |            0.7852
 34719 |     45 | 2020-03-12 13:08:41   |       13.1373 |       18.2088 |       11.3902 |            4.1437 |            1.8033 |             4.593 |            0.8501
 34719 |     46 | 2020-03-12 13:08:49.5 |       13.0248 |       18.2183 |        11.565 |            4.2205 |            1.8194 |            4.6683 |            0.8567
 34719 |     47 | 2020-03-12 13:08:58.5 |       13.1299 |       18.2082 |       11.7607 |            4.2775 |            1.8627 |            4.7412 |            0.8793
 34719 |     48 | 2020-03-12 13:09:07.5 |       13.1307 |       18.2067 |       12.1145 |            4.4037 |            1.9213 |            4.8814 |            0.9081
 34719 |     49 | 2020-03-12 13:09:17   |       13.1126 |       18.2147 |       12.1382 |            4.4309 |            1.9085 |            4.8982 |            0.9005
 34719 |     50 | 2020-03-12 13:09:30   |       13.1267 |       18.2077 |       10.7345 |            3.9028 |            1.6969 |            4.3381 |            0.7967
 34719 |     51 | 2020-03-12 13:09:43   |        13.134 |       18.2115 |        11.553 |             4.203 |              1.83 |             4.657 |             0.863
 34719 |     52 | 2020-03-12 13:09:52.5 |       13.1221 |       18.2085 |       11.4434 |            4.1633 |            1.8098 |            4.6159 |            0.8544
 34719 |     53 | 2020-03-12 13:10:02   |       13.0926 |       18.2165 |       11.9168 |             4.347 |            1.8789 |            4.8059 |             0.885
 34719 |     54 | 2020-03-12 13:10:12   |        13.131 |       18.2083 |        12.268 |            4.4601 |             1.947 |            4.9407 |            0.9202
 34719 |     55 | 2020-03-12 13:10:24   |       13.1221 |       18.2071 |       12.0119 |            4.3644 |             1.905 |            4.8427 |            0.8998
 34719 |     56 | 2020-03-12 13:10:36.5 |       13.1303 |       18.2074 |       11.1283 |            4.0469 |            1.7606 |            4.4918 |             0.829
 34719 |     57 | 2020-03-12 13:10:47   |       13.1335 |       18.2122 |        11.529 |             4.195 |             1.825 |             4.648 |             0.861
 34719 |     58 | 2020-03-12 13:10:57   |       13.1268 |       18.1976 |        11.697 |            4.2542 |             1.852 |             4.716 |            0.8748
 34719 |     59 | 2020-03-12 13:11:07   |       13.1325 |       18.2105 |        12.192 |             4.433 |             1.934 |             4.911 |             0.914
 34719 |     60 | 2020-03-12 13:11:17   |       13.1281 |       18.2102 |       12.0327 |            4.3751 |            1.9078 |            4.8493 |            0.9005
 34719 |     61 | 2020-03-12 13:11:31   |       13.1315 |       18.2082 |        10.596 |             3.852 |             1.676 |             4.283 |             0.785
 34719 |     62 | 2020-03-12 13:11:46.5 |        13.111 |       18.2186 |       11.5518 |            4.2115 |            1.8225 |            4.6618 |             0.856
 34719 |     63 | 2020-03-12 13:11:58   |       13.0684 |       18.2112 |       12.0903 |            4.4144 |            1.9024 |            4.8785 |             0.895
 34719 |     64 | 2020-03-12 13:12:07   |       13.1325 |       18.2087 |         12.16 |             4.422 |             1.928 |             4.898 |             0.912
 34719 |     65 | 2020-03-12 13:12:15   |        13.133 |       18.2105 |        12.122 |             4.407 |             1.923 |             4.884 |             0.908
 34719 |     66 | 2020-03-12 13:12:25.5 |       13.1297 |       18.2125 |       12.3946 |            4.5091 |            1.9654 |            4.9946 |            0.9255
 34719 |     67 | 2020-03-12 13:12:37.5 |       13.1254 |       18.2095 |       10.9609 |            3.9874 |            1.7323 |            4.4265 |            0.8147
 34719 |     68 | 2020-03-12 13:12:48   |       13.1279 |       18.2115 |       11.5776 |            4.2205 |            1.8253 |            4.6716 |            0.8603
 34719 |     69 | 2020-03-12 13:12:57.5 |        13.133 |       18.2114 |       12.0727 |            4.3918 |            1.9145 |            4.8625 |            0.9039
 34719 |     70 | 2020-03-12 13:13:10   |       13.1406 |       18.2132 |       12.3289 |            4.4817 |            1.9578 |            4.9637 |            0.9257
 34719 |     71 | 2020-03-12 13:13:20   |       13.1325 |       18.2094 |       12.0452 |            4.3768 |            1.9105 |            4.8548 |             0.903
 34719 |     72 | 2020-03-12 13:13:31   |        13.132 |       18.2092 |         10.63 |             3.865 |             1.681 |             4.296 |             0.788
 34719 |     73 | 2020-03-12 13:13:43   |       13.1325 |       18.2115 |        11.326 |              4.12 |             1.793 |             4.568 |             0.845
 34719 |     74 | 2020-03-12 13:13:53   |       13.1308 |        18.208 |       11.5781 |            4.2103 |            1.8332 |            4.6685 |            0.8661
 34719 |     75 | 2020-03-12 13:14:04   |        13.136 |       18.2091 |       12.0691 |            4.3878 |            1.9137 |            4.8633 |            0.9043
 34719 |     76 | 2020-03-12 13:14:15.5 |       13.1297 |       18.2094 |       11.9036 |            4.3267 |            1.8864 |            4.7993 |            0.8912
 34719 |     77 | 2020-03-12 13:14:29.5 |       13.1258 |       18.2089 |       10.9294 |            3.9731 |            1.7288 |            4.4155 |             0.812
 34719 |     78 | 2020-03-12 13:14:42.5 |       13.1337 |       18.2128 |       11.3702 |            4.1381 |               1.8 |            4.5844 |            0.8478
 34719 |     79 | 2020-03-12 13:14:52.5 |       13.1274 |       18.2088 |       11.5947 |            4.2179 |            1.8349 |            4.6756 |            0.8663
 34719 |     80 | 2020-03-12 13:15:02.5 |       13.1274 |       18.2075 |       11.8408 |            4.3057 |            1.8756 |            4.7731 |            0.8865
 34719 |     81 | 2020-03-12 13:15:15   |        13.117 |       18.1973 |        12.084 |             4.408 |             1.904 |             4.875 |             0.897
 34719 |     82 | 2020-03-12 13:15:27   |       13.1165 |        18.208 |        11.658 |             4.238 |             1.845 |             4.704 |             0.871
 34719 |     83 | 2020-03-12 13:15:36.5 |       13.1252 |       18.2046 |       11.0586 |            4.0232 |             1.748 |            4.4648 |            0.8226
 34719 |     84 | 2020-03-12 13:15:47   |        13.126 |       18.2093 |        11.311 |             4.114 |             1.789 |             4.564 |             0.844
 34719 |     85 | 2020-03-12 13:15:56.5 |        13.128 |       18.2083 |       11.8223 |            4.3001 |            1.8723 |            4.7657 |            0.8842
 34719 |     86 | 2020-03-12 13:16:06   |       13.0917 |       18.1973 |       12.0584 |            4.3951 |            1.9018 |            4.8635 |             0.898
 34719 |     87 | 2020-03-12 13:16:16   |       13.1224 |       18.2082 |       11.9199 |            4.3333 |            1.8884 |            4.8065 |            0.8917
 34719 |     88 | 2020-03-12 13:16:29   |        13.125 |       18.2103 |       11.1229 |            4.0456 |              1.76 |            4.4917 |            0.8257
 34719 |     89 | 2020-03-12 13:16:42   |       13.1174 |       18.1845 |       11.1162 |             4.054 |            1.7496 |            4.4887 |             0.824
 34719 |     90 | 2020-03-12 13:16:52   |       13.1286 |       18.2077 |       11.6334 |            4.2313 |            1.8421 |            4.6903 |            0.8697
 34719 |     91 | 2020-03-12 13:17:02   |       13.1327 |       18.2109 |       12.1078 |            4.4033 |            1.9196 |            4.8779 |             0.907
 34719 |     92 | 2020-03-12 13:17:11.5 |       13.1148 |       18.1953 |       11.8674 |            4.3248 |            1.8712 |            4.7878 |            0.8837
 34719 |     93 | 2020-03-12 13:17:21   |       13.1295 |       18.2083 |        12.192 |             4.433 |             1.933 |            4.9131 |            0.9129
 34719 |     94 | 2020-03-12 13:17:34   |       13.1324 |       18.2098 |       10.8874 |            3.9581 |            1.7236 |             4.396 |            0.8097
 34719 |     95 | 2020-03-12 13:17:47   |       13.1265 |       18.2085 |        11.361 |             4.133 |             1.797 |             4.583 |             0.848
 34719 |     96 | 2020-03-12 13:17:57.5 |       13.0793 |       18.1999 |       11.7123 |            4.2719 |            1.8426 |            4.7278 |              0.87
 34719 |     97 | 2020-03-12 13:18:10.5 |       13.1305 |       18.2059 |       12.1245 |            4.4071 |             1.923 |            4.8855 |            0.9089
 34719 |     98 | 2020-03-12 13:18:22   |       13.1317 |       18.2109 |       12.1839 |            4.4294 |            1.9331 |            4.9082 |            0.9132
 34719 |     99 | 2020-03-12 13:18:32   |       13.1253 |       18.2064 |        10.614 |            3.8585 |            1.6774 |             4.291 |            0.7871
 34719 |    100 | 2020-03-12 13:18:45.5 |       13.1321 |       18.2104 |       11.6149 |            4.2266 |            1.8386 |            4.6827 |             0.867
 34719 |    101 | 2020-03-12 13:18:57   |        13.125 |       18.2085 |         11.61 |             4.223 |             1.838 |             4.682 |             0.867
 34719 |    102 | 2020-03-12 13:19:05.5 |       13.1292 |       18.2084 |       11.9965 |            4.3614 |            1.9014 |            4.8352 |            0.8986
 34719 |    103 | 2020-03-12 13:19:14   |       13.1339 |       18.2109 |       12.3372 |            4.4852 |            1.9581 |            4.9685 |            0.9254
 34719 |    104 | 2020-03-12 13:19:22   |       13.1319 |       18.2118 |       12.2463 |            4.4528 |            1.9435 |            4.9329 |            0.9171
 34719 |    105 | 2020-03-12 13:19:34   |       13.1324 |       18.2072 |        10.725 |            3.8993 |            1.6969 |            4.3327 |            0.7962
 34719 |    106 | 2020-03-12 13:19:47   |       13.1165 |       18.2118 |       11.6302 |            4.2374 |            1.8351 |            4.6913 |            0.8663
 34719 |    107 | 2020-03-12 13:19:57   |        13.125 |       18.2095 |        11.602 |              4.22 |             1.836 |             4.679 |             0.867
 34719 |    108 | 2020-03-12 13:20:06.5 |       13.1343 |       18.2112 |       12.2377 |            4.4502 |            1.9426 |            4.9281 |            0.9167
 34719 |    109 | 2020-03-12 13:20:16   |       13.0359 |       18.1996 |       12.2173 |            4.4489 |            1.9314 |            4.9256 |            0.9114
 34719 |    110 | 2020-03-12 13:20:29   |       13.1085 |        18.208 |         10.87 |             3.952 |             1.716 |             4.394 |             0.808
 34719 |    111 | 2020-03-12 13:20:42   |       13.1328 |       18.2089 |       11.4295 |            4.1569 |              1.81 |            4.6095 |             0.853
 34719 |    112 | 2020-03-12 13:20:52   |       13.1257 |       18.2025 |       11.4738 |            4.1819 |            1.8106 |            4.6273 |            0.8541
 34719 |    113 | 2020-03-12 13:21:02   |       13.1278 |        18.208 |       11.8601 |            4.3124 |            1.8789 |            4.7807 |            0.8881
 34719 |    114 | 2020-03-12 13:21:12   |       13.1322 |         18.21 |       12.2487 |            4.4533 |             1.943 |            4.9345 |            0.9179
 34719 |    115 | 2020-03-12 13:21:21.5 |       13.1233 |       18.2139 |       11.9963 |            4.3692 |            1.8942 |            4.8383 |            0.8947
 34719 |    116 | 2020-03-12 13:21:34   |       13.1331 |       18.2078 |       10.7766 |            3.9175 |            1.7054 |            4.3532 |            0.8004
 34719 |    117 | 2020-03-12 13:21:47   |       13.1335 |       18.2113 |       11.6012 |              4.22 |            1.8381 |            4.6761 |             0.867
 34719 |    118 | 2020-03-12 13:21:57   |        13.126 |        18.208 |        11.672 |             4.245 |             1.848 |             4.706 |             0.873
 34719 |    119 | 2020-03-12 13:22:09.5 |       13.1318 |       18.2086 |        12.175 |            4.4266 |            1.9312 |            4.9045 |            0.9126
 34719 |    120 | 2020-03-12 13:22:24   |       13.1315 |       18.2088 |       12.2989 |            4.4694 |            1.9518 |            4.9553 |            0.9223
 34719 |    121 | 2020-03-12 13:22:33.5 |       13.1377 |        18.211 |        10.795 |            3.9259 |            1.7076 |            4.3613 |            0.8002
 34719 |    122 | 2020-03-12 13:22:42   |       13.1309 |       18.2083 |       11.2938 |            4.1074 |            1.7878 |            4.5557 |            0.8428
 34719 |    123 | 2020-03-12 13:22:52   |       13.1269 |       18.2069 |       11.5552 |            4.2024 |            1.8288 |            4.6598 |            0.8641
 34719 |    124 | 2020-03-12 13:23:04   |       13.1305 |       18.2114 |       11.8928 |            4.3258 |            1.8854 |            4.7921 |            0.8895
 34719 |    125 | 2020-03-12 13:23:16   |       13.1293 |       18.2085 |       12.1592 |            4.4195 |            1.9287 |            4.8992 |            0.9118
 34719 |    126 | 2020-03-12 13:23:30   |       13.1085 |        18.207 |        10.205 |             3.711 |             1.608 |             4.132 |             0.754
 34719 |    127 | 2020-03-12 13:23:44   |       13.1328 |       18.1756 |       11.3941 |            4.1487 |            1.8018 |            4.5935 |            0.8501
 34719 |    128 | 2020-03-12 13:23:54   |       13.1256 |       18.2056 |       11.5432 |            4.1973 |            1.8285 |            4.6539 |            0.8635
 34719 |    129 | 2020-03-12 13:24:03.5 |       13.1296 |       18.2063 |       11.9923 |            4.3602 |             1.901 |            4.8332 |            0.8979
 34719 |    130 | 2020-03-12 13:24:13   |        13.125 |       18.2167 |        12.349 |             4.498 |             1.953 |             4.978 |              0.92
 34719 |    131 | 2020-03-12 13:24:25.5 |       13.1251 |       18.2074 |       12.0502 |            4.3802 |            1.9104 |            4.8575 |             0.902
 34719 |    132 | 2020-03-12 13:24:38   |        13.131 |        18.208 |       11.2412 |            4.0888 |            1.7791 |            4.5357 |            0.8376
 34719 |    133 | 2020-03-12 13:24:48   |        13.076 |       18.1962 |       11.3603 |            4.1414 |            1.7896 |            4.5854 |            0.8439
 34719 |    134 | 2020-03-12 13:24:58   |       13.1266 |       18.2118 |       11.7787 |            4.2835 |            1.8659 |            4.7481 |            0.8813
 34719 |    135 | 2020-03-12 13:25:08   |       13.1322 |       18.2105 |       12.1857 |            4.4313 |            1.9329 |            4.9079 |            0.9135
 34719 |    136 | 2020-03-12 13:25:18   |        13.114 |          18.2 |       12.0444 |            4.3906 |            1.8995 |             4.859 |            0.8954
 34719 |    137 | 2020-03-12 13:25:31.5 |       13.1231 |       18.2078 |       10.7312 |            3.9018 |             1.696 |             4.337 |            0.7965
 34719 |    138 | 2020-03-12 13:25:47   |       13.1282 |       18.2095 |       11.3374 |            4.1252 |            1.7941 |            4.5727 |            0.8455
 34719 |    139 | 2020-03-12 13:25:58.5 |       13.1284 |       18.2074 |       11.8119 |            4.2962 |            1.8712 |            4.7605 |            0.8841
 34719 |    140 | 2020-03-12 13:26:07   |       13.1328 |       18.2091 |       12.2124 |            4.4406 |            1.9367 |            4.9194 |            0.9158
 34719 |    141 | 2020-03-12 13:26:15.5 |       13.1269 |       18.2088 |       11.9783 |            4.3555 |            1.8983 |            4.8284 |            0.8961
 34719 |    142 | 2020-03-12 13:26:26   |       13.1222 |       18.2072 |       11.9716 |            4.3516 |            1.8972 |            4.8272 |            0.8956
 34719 |    143 | 2020-03-12 13:26:38   |       13.1297 |        18.209 |       11.2525 |            4.0961 |            1.7786 |            4.5405 |            0.8373
 34719 |    144 | 2020-03-12 13:26:48.5 |        13.125 |       18.2077 |       11.3217 |            4.1183 |            1.7908 |            4.5678 |            0.8449
 34719 |    145 | 2020-03-12 13:26:58.5 |       13.1286 |       18.2062 |         11.83 |            4.3025 |            1.8738 |            4.7681 |            0.8857
 34719 |    146 | 2020-03-12 13:27:08   |        13.121 |       18.2162 |        12.272 |            4.4701 |            1.9409 |             4.947 |             0.914
 34719 |    147 | 2020-03-12 13:27:18   |       13.1234 |       18.2075 |       11.9362 |            4.3389 |            1.8911 |            4.8128 |            0.8935
 34719 |    148 | 2020-03-12 13:27:31   |       13.1181 |       18.2094 |       10.8105 |            3.9321 |            1.7085 |            4.3681 |            0.8018
 34719 |    149 | 2020-03-12 13:27:44   |       13.1406 |       18.2112 |       11.4525 |            4.1692 |            1.8138 |            4.6178 |            0.8517
 34719 |    150 | 2020-03-12 13:27:54   |       13.1285 |       18.2072 |       11.6624 |            4.2422 |            1.8469 |            4.7012 |            0.8721
 34719 |    151 | 2020-03-12 13:28:06   |       13.1315 |       18.2067 |        12.082 |             4.393 |             1.916 |             4.868 |             0.905
 34719 |    152 | 2020-03-12 13:28:17.5 |       13.1244 |        18.207 |       11.9647 |            4.3507 |            1.8959 |            4.8225 |            0.8955
 34719 |    153 | 2020-03-12 13:28:27.5 |       13.1136 |       18.2066 |       11.5492 |            4.1991 |            1.8272 |            4.6613 |            0.8615
 34719 |    154 | 2020-03-12 13:28:38.5 |       13.1478 |       18.2121 |       11.3442 |            4.1285 |            1.7945 |            4.5771 |            0.8441
 34719 |    155 | 2020-03-12 13:28:49   |        13.126 |       18.2075 |        11.382 |              4.14 |             1.801 |             4.591 |              0.85
 34719 |    156 | 2020-03-12 13:28:59   |       13.1314 |        18.206 |       11.8361 |            4.3036 |            1.8754 |            4.7711 |            0.8861
 34719 |    157 | 2020-03-12 13:29:12.5 |        13.057 |       18.1931 |       11.9526 |            4.3561 |            1.8856 |            4.8208 |            0.8901
 34719 |    158 | 2020-03-12 13:29:26   |       13.1309 |       18.2069 |       12.0499 |            4.3794 |            1.9103 |            4.8579 |            0.9022
 34719 |    159 | 2020-03-12 13:29:35.5 |       13.0576 |       18.2152 |       10.9712 |            4.0013 |            1.7272 |            4.4345 |            0.8083
 34719 |    160 | 2020-03-12 13:29:44.5 |       13.0846 |       18.1939 |       11.2389 |            4.1029 |            1.7652 |            4.5396 |            0.8312
 34719 |    161 | 2020-03-12 13:29:54   |       13.1275 |       18.2063 |       11.6932 |            4.2546 |            1.8508 |            4.7135 |            0.8743
 34719 |    162 | 2020-03-12 13:30:04   |       13.1254 |       18.2057 |        11.887 |            4.3229 |            1.8827 |            4.7914 |            0.8899
 34719 |    163 | 2020-03-12 13:30:14   |       13.0697 |       18.1916 |       11.9426 |            4.3562 |            1.8809 |            4.8191 |            0.8863
 34719 |    164 | 2020-03-12 13:30:26   |       13.1252 |       18.2057 |       12.0829 |            4.3915 |            1.9162 |            4.8706 |            0.9047
 34719 |    165 | 2020-03-12 13:30:38.5 |       13.1338 |       18.2105 |       11.2392 |            4.0893 |            1.7794 |            4.5339 |            0.8367
 34719 |    166 | 2020-03-12 13:30:49.5 |        13.127 |       18.2074 |       11.4619 |            4.1691 |            1.8136 |            4.6234 |            0.8558
 34719 |    167 | 2020-03-12 13:31:00   |       13.1309 |       18.2058 |       11.9208 |            4.3354 |            1.8891 |            4.8041 |            0.8923
 34719 |    168 | 2020-03-12 13:31:09.5 |        13.134 |       18.2116 |       12.0785 |            4.3929 |            1.9157 |            4.8653 |            0.9047
 34719 |    169 | 2020-03-12 13:31:19   |       13.1272 |       18.2073 |       12.0854 |            4.3936 |            1.9163 |            4.8708 |            0.9047
 34719 |    170 | 2020-03-12 13:31:32   |       13.1199 |       18.1803 |       10.5329 |            3.8344 |            1.6609 |            4.2575 |              0.78
 34719 |    171 | 2020-03-12 13:31:44.5 |       13.1243 |        18.208 |        11.172 |            4.0659 |            1.7651 |            4.5087 |            0.8323
 34719 |    172 | 2020-03-12 13:31:54.5 |       13.1293 |       18.2074 |       11.6875 |            4.2512 |            1.8514 |            4.7113 |            0.8737
 34719 |    173 | 2020-03-12 13:32:04   |       13.1265 |       18.2075 |        11.813 |             4.296 |             1.871 |             4.762 |             0.884
 34719 |    174 | 2020-03-12 13:32:14   |        13.128 |       18.2088 |       12.0407 |            4.3784 |            1.9079 |            4.8533 |            0.9012
 34719 |    175 | 2020-03-12 13:32:26   |       13.1301 |       18.2053 |       12.3309 |            4.4812 |            1.9567 |            4.9685 |            0.9245
 34719 |    176 | 2020-03-12 13:32:42.5 |       13.1234 |       18.1936 |       11.2059 |            4.0803 |            1.7696 |            4.5227 |            0.8332
 34719 |    177 | 2020-03-12 13:32:56.5 |       13.1274 |       18.1985 |       11.7372 |            4.2762 |            1.8543 |            4.7311 |            0.8756
 34719 |    178 | 2020-03-12 13:33:08.5 |       13.1299 |       18.2077 |       12.0396 |            4.3773 |            1.9093 |            4.8509 |             0.902
 34719 |    179 | 2020-03-12 13:33:20.5 |        13.131 |       18.2104 |       12.1337 |            4.4131 |            1.9231 |            4.8894 |            0.9081
 34719 |    180 | 2020-03-12 13:33:29.5 |       13.1148 |       18.2066 |       11.0167 |            4.0043 |            1.7425 |              4.45 |              0.82
 34719 |    181 | 2020-03-12 13:33:36.5 |       13.1284 |       18.2072 |       10.8321 |            3.9398 |            1.7126 |            4.3746 |            0.8051
 34719 |    182 | 2020-03-12 13:33:45   |       13.1318 |       18.2077 |       11.4896 |            4.1804 |            1.8191 |            4.6325 |            0.8577
 34719 |    183 | 2020-03-12 13:33:54.5 |       13.1056 |       18.2005 |       11.5925 |            4.2291 |            1.8258 |            4.6774 |            0.8602
 34719 |    184 | 2020-03-12 13:34:04   |        13.127 |       18.2075 |        11.835 |             4.304 |             1.875 |             4.771 |             0.885
 34719 |    185 | 2020-03-12 13:34:14   |       13.1329 |       18.2094 |       12.3025 |            4.4741 |            1.9514 |            4.9548 |            0.9222
 34719 |    186 | 2020-03-12 13:34:26.5 |       13.1279 |       18.2068 |       12.2502 |            4.4521 |            1.9434 |            4.9368 |            0.9179
 34719 |    187 | 2020-03-12 13:34:39.5 |       13.1309 |       18.2061 |        11.115 |            4.0422 |            1.7592 |            4.4857 |             0.828
 34719 |    188 | 2020-03-12 13:34:50   |       13.1357 |       18.2114 |       11.7007 |            4.2581 |            1.8542 |             4.715 |            0.8733
 34719 |    189 | 2020-03-12 13:35:00   |       13.1255 |        18.207 |        11.675 |             4.246 |             1.848 |             4.708 |             0.873
 34719 |    190 | 2020-03-12 13:35:10   |       13.1304 |       18.2061 |       12.0158 |            4.3675 |            1.9055 |            4.8418 |             0.901
 34719 |    191 | 2020-03-12 13:35:19.5 |       13.1356 |       18.2125 |       12.2053 |            4.4382 |            1.9366 |            4.9165 |             0.914
 34719 |    192 | 2020-03-12 13:35:32   |       13.0725 |       18.1971 |       10.5858 |            3.8567 |            1.6634 |            4.2848 |            0.7809
 34719 |    193 | 2020-03-12 13:35:45   |       13.1264 |       18.2065 |       11.2041 |            4.0743 |            1.7727 |            4.5214 |            0.8356
 34719 |    194 | 2020-03-12 13:35:55   |       13.1326 |       18.2079 |       11.8209 |            4.2992 |            1.8736 |            4.7638 |            0.8843
 34719 |    195 | 2020-03-12 13:36:07   |       13.1289 |       18.2106 |       11.9541 |            4.3517 |            1.8921 |             4.818 |            0.8923
 34719 |    196 | 2020-03-12 13:36:19.5 |       13.1287 |       18.2078 |       12.1801 |            4.4279 |            1.9315 |            4.9079 |            0.9126
 34719 |    197 | 2020-03-12 13:36:29.5 |       13.1077 |       18.2066 |       11.4282 |            4.1553 |            1.8059 |            4.6143 |            0.8527
 34719 |    198 | 2020-03-12 13:36:39.5 |       13.1241 |       18.1929 |       10.8582 |            3.9491 |            1.7158 |            4.3855 |            0.8077
 34719 |    199 | 2020-03-12 13:36:50   |       13.1305 |       18.2052 |        11.571 |             4.208 |             1.832 |             4.666 |             0.865
 34719 |    200 | 2020-03-12 13:37:00   |       13.1299 |       18.2115 |       12.0939 |            4.4066 |            1.9114 |            4.8743 |            0.9016
 34719 |    201 | 2020-03-12 13:37:10   |        13.124 |       18.1862 |        11.817 |             4.303 |             1.867 |             4.765 |             0.882
 34719 |    202 | 2020-03-12 13:37:19.5 |       13.1299 |       18.2048 |        12.218 |            4.4405 |            1.9379 |            4.9234 |            0.9161
 34719 |    203 | 2020-03-12 13:37:32   |       13.1095 |       18.2075 |        10.474 |             3.809 |             1.651 |             4.238 |             0.776
 34719 |    204 | 2020-03-12 13:37:45   |       13.1314 |       18.2086 |       11.4456 |            4.1639 |            1.8114 |            4.6157 |            0.8545
 34719 |    205 | 2020-03-12 13:37:55   |       13.1294 |       18.2072 |       11.7135 |            4.2611 |            1.8549 |            4.7214 |            0.8761
 34719 |    206 | 2020-03-12 13:38:07.5 |       13.1314 |       18.2062 |       12.0902 |            4.3958 |            1.9172 |            4.8713 |            0.9058
 34719 |    207 | 2020-03-12 13:38:19   |       13.1264 |       18.2103 |        12.003 |            4.3714 |            1.8962 |            4.8396 |            0.8959
 34719 |    208 | 2020-03-12 13:38:28.5 |       13.1262 |       18.2075 |       12.0369 |             4.375 |            1.9085 |            4.8527 |            0.9006
 34719 |    209 | 2020-03-12 13:38:40   |       13.1325 |       18.2082 |        11.202 |             4.074 |             1.773 |              4.52 |             0.835
 34719 |    210 | 2020-03-12 13:38:50.5 |       13.1271 |       18.2089 |       11.3852 |            4.1419 |            1.8014 |            4.5921 |            0.8498
 34719 |    211 | 2020-03-12 13:39:00   |       13.1265 |       18.2075 |        11.728 |             4.266 |             1.857 |             4.728 |             0.877
 34719 |    212 | 2020-03-12 13:39:10   |        13.131 |       18.2072 |       12.1358 |            4.4122 |            1.9245 |            4.8892 |            0.9098
 34719 |    213 | 2020-03-12 13:39:20   |       13.1245 |       18.2072 |        11.956 |             4.346 |             1.895 |              4.82 |             0.895
 34719 |    214 | 2020-03-12 13:39:33.5 |       13.1126 |       18.2076 |       10.3521 |            3.7649 |            1.6326 |            4.1886 |            0.7661
 34719 |    215 | 2020-03-12 13:39:48.5 |       13.1321 |       18.2109 |       11.4702 |            4.1743 |            1.8163 |            4.6239 |            0.8558
 34719 |    216 | 2020-03-12 13:39:59   |       13.1285 |       18.2086 |       11.7782 |            4.2834 |            1.8656 |            4.7483 |            0.8809
 34719 |    217 | 2020-03-12 13:40:08   |       13.1305 |       18.2067 |        12.081 |             4.392 |             1.916 |             4.868 |             0.905
 34719 |    218 | 2020-03-12 13:40:17   |       13.1318 |       18.2115 |       12.1062 |            4.4016 |            1.9202 |            4.8778 |            0.9066
 34719 |    219 | 2020-03-12 13:40:27.5 |       13.1301 |       18.2084 |       12.3109 |            4.4744 |            1.9539 |            4.9604 |            0.9223
 34719 |    220 | 2020-03-12 13:40:39.5 |       13.1233 |       18.2088 |       10.8613 |            3.9505 |             1.716 |            4.3873 |            0.8074
 34719 |    221 | 2020-03-12 13:40:50   |        13.131 |       18.2072 |        11.609 |             4.222 |             1.839 |              4.68 |             0.868
 34719 |    222 | 2020-03-12 13:41:00.5 |       13.1343 |       18.2129 |       11.9809 |            4.3584 |            1.9001 |             4.826 |            0.8964
 34719 |    223 | 2020-03-12 13:41:10.5 |        13.127 |       18.2079 |       11.9361 |            4.3397 |            1.8915 |            4.8108 |            0.8941
 34719 |    224 | 2020-03-12 13:41:20   |       13.1303 |         18.21 |       12.2401 |            4.4491 |            1.9417 |            4.9319 |            0.9174
 34719 |    225 | 2020-03-12 13:41:32.5 |       13.1182 |        18.209 |       10.6228 |            3.8627 |            1.6776 |            4.2952 |            0.7873
 34719 |    226 | 2020-03-12 13:41:45   |       13.1286 |       18.2088 |       11.2747 |            4.1007 |            1.7839 |            4.5489 |            0.8413
 34719 |    227 | 2020-03-12 13:41:55   |        13.131 |       18.2095 |       11.7588 |             4.278 |            1.8622 |            4.7389 |            0.8797
 34719 |    228 | 2020-03-12 13:42:05   |       13.1265 |       18.2085 |       11.7984 |            4.2906 |            1.8683 |            4.7569 |            0.8825
 34719 |    229 | 2020-03-12 13:42:15   |       13.1296 |       18.2088 |        12.153 |            4.4184 |            1.9272 |             4.897 |            0.9104
 34719 |    230 | 2020-03-12 13:42:27   |       13.1193 |       18.2164 |       12.2822 |            4.4719 |            1.9421 |            4.9538 |            0.9144
 34719 |    231 | 2020-03-12 13:42:40   |       13.1258 |       18.2084 |       10.9775 |            3.9931 |            1.7351 |            4.4323 |             0.817
 34719 |    232 | 2020-03-12 13:42:50.5 |       13.1318 |       18.2075 |       11.6624 |            4.2418 |            1.8473 |            4.7011 |            0.8721
 34719 |    233 | 2020-03-12 13:43:04.5 |        13.129 |       18.2089 |       11.7964 |            4.2899 |            1.8695 |            4.7542 |            0.8828
 34719 |    234 | 2020-03-12 13:43:21   |       13.1318 |       18.2094 |       12.3316 |            4.4826 |            1.9574 |            4.9672 |            0.9244
 34719 |    235 | 2020-03-12 13:43:32   |       13.1152 |       18.2083 |       10.7548 |            3.9103 |            1.6988 |            4.3474 |            0.7982
 34719 |    236 | 2020-03-12 13:43:40.5 |       13.1269 |       18.2079 |       11.0251 |            4.0107 |            1.7433 |            4.4509 |            0.8203
 34719 |    237 | 2020-03-12 13:43:49   |       13.1311 |       18.2089 |       11.5739 |            4.2104 |            1.8327 |            4.6662 |            0.8645
 34719 |    238 | 2020-03-12 13:43:57   |       13.1322 |        18.214 |       11.7556 |             4.276 |            1.8626 |            4.7378 |            0.8793
 34719 |    239 | 2020-03-12 13:44:06   |       13.1255 |       18.2085 |        11.789 |             4.287 |             1.867 |             4.753 |             0.882
 34719 |    240 | 2020-03-12 13:44:15.5 |       13.1288 |        18.207 |       12.1856 |              4.43 |            1.9325 |            4.9096 |            0.9134
 34719 |    241 | 2020-03-12 13:44:27   |       13.0611 |       18.2001 |       12.1159 |             4.416 |            1.9091 |            4.8895 |            0.9013
 34719 |    242 | 2020-03-12 13:44:39.5 |        13.126 |       18.2081 |       10.9352 |            3.9777 |            1.7288 |            4.4157 |            0.8129
 34719 |    243 | 2020-03-12 13:44:50   |       13.1315 |       18.2082 |        11.635 |             4.232 |             1.843 |              4.69 |              0.87
 34719 |    244 | 2020-03-12 13:45:00   |       13.1322 |       18.1997 |       11.7622 |            4.2816 |            1.8628 |            4.7386 |            0.8792
 34719 |    245 | 2020-03-12 13:45:10   |       13.1275 |       18.2093 |        11.967 |             4.352 |             1.896 |             4.823 |             0.896
 34719 |    246 | 2020-03-12 13:45:20   |        13.137 |       18.2111 |       12.2953 |             4.468 |            1.9526 |            4.9522 |            0.9226
 34719 |    247 | 2020-03-12 13:45:33   |       13.1244 |       18.2099 |       10.5393 |            3.8305 |            1.6653 |            4.2619 |            0.7816
 34719 |    248 | 2020-03-12 13:45:45.5 |       13.1306 |       18.2075 |       11.3904 |            4.1432 |            1.8033 |            4.5941 |            0.8497
 34719 |    249 | 2020-03-12 13:45:55   |       13.1376 |        18.213 |       11.8706 |            4.3183 |            1.8821 |            4.7822 |             0.888
 34719 |    250 | 2020-03-12 13:46:05   |       13.1106 |       18.2056 |       11.8541 |            4.3152 |            1.8738 |            4.7797 |            0.8854
 34719 |    251 | 2020-03-12 13:46:15   |       13.1301 |       18.2089 |       12.1548 |             4.418 |            1.9279 |            4.8972 |            0.9117
 34719 |    252 | 2020-03-12 13:46:27.5 |       13.1226 |       18.2105 |       12.0095 |            4.3664 |            1.9034 |            4.8415 |            0.8982
 34719 |    253 | 2020-03-12 13:46:44   |       13.1301 |       18.2083 |       11.2859 |            4.1051 |            1.7861 |            4.5528 |            0.8419
 34719 |    254 | 2020-03-12 13:46:57   |       13.1287 |       18.2106 |       11.7979 |            4.3012 |            1.8615 |            4.7581 |            0.8771
 34719 |    255 | 2020-03-12 13:47:06   |        13.127 |       18.2085 |        11.859 |             4.313 |             1.878 |              4.78 |             0.888
 34719 |    256 | 2020-03-12 13:47:15   |       13.1352 |       18.2085 |       12.2241 |            4.4418 |            1.9401 |            4.9251 |            0.9172
 34719 |    257 | 2020-03-12 13:47:23   |       13.0859 |       18.2016 |       12.3342 |            4.4971 |            1.9471 |             4.972 |             0.918
 34719 |    258 | 2020-03-12 13:47:34   |       13.1285 |       18.2082 |        10.488 |             3.813 |             1.657 |             4.241 |             0.777
 34719 |    259 | 2020-03-12 13:47:45.5 |       13.1301 |       18.2059 |       11.3616 |            4.1317 |            1.7986 |            4.5839 |            0.8474
 34719 |    260 | 2020-03-12 13:47:55   |       13.1203 |        18.209 |       11.8485 |            4.3142 |            1.8749 |            4.7745 |            0.8848
 34719 |    261 | 2020-03-12 13:48:07   |       13.1273 |       18.2109 |       11.7903 |             4.286 |            1.8674 |            4.7537 |            0.8832
 34719 |    262 | 2020-03-12 13:48:18.5 |       13.1293 |       18.2089 |       12.3295 |            4.4835 |            1.9542 |            4.9676 |            0.9242
 34719 |    263 | 2020-03-12 13:48:28.5 |       13.0968 |       18.2134 |       11.8427 |            4.3085 |            1.8718 |            4.7796 |            0.8828
 34719 |    264 | 2020-03-12 13:48:39.5 |       13.1271 |       18.2087 |        10.996 |            3.9992 |            1.7383 |            4.4402 |            0.8183
 34719 |    265 | 2020-03-12 13:48:50.5 |       13.1355 |       18.2126 |        11.758 |            4.2792 |            1.8619 |            4.7381 |            0.8787
 34719 |    266 | 2020-03-12 13:49:01   |       13.0753 |       18.1892 |       11.7704 |            4.2974 |            1.8515 |            4.7497 |            0.8718
 34719 |    267 | 2020-03-12 13:49:10.5 |       13.1281 |       18.2082 |       12.0064 |             4.366 |            1.9031 |            4.8384 |            0.8989
 34719 |    268 | 2020-03-12 13:49:20   |       13.1347 |       18.1813 |       12.2154 |             4.443 |            1.9369 |            4.9203 |            0.9152
 34719 |    269 | 2020-03-12 13:49:33   |       13.1256 |       18.2088 |       10.6407 |             3.868 |            1.6817 |            4.3013 |            0.7897
 34719 |    270 | 2020-03-12 13:49:46   |         13.13 |       18.2065 |        11.406 |             4.149 |             1.805 |               4.6 |             0.852
 34719 |    271 | 2020-03-12 13:49:55.5 |       13.1297 |       18.2015 |       11.7608 |            4.2791 |            1.8626 |            4.7406 |            0.8786
 34719 |    272 | 2020-03-12 13:50:06   |       13.1339 |        18.211 |       12.1586 |            4.4216 |            1.9281 |            4.8976 |            0.9114
 34719 |    273 | 2020-03-12 13:50:18.5 |       13.1331 |       18.2117 |       12.3269 |             4.482 |            1.9558 |            4.9647 |            0.9243
 34719 |    274 | 2020-03-12 13:50:29.5 |       13.1114 |        18.207 |       11.5863 |            4.2141 |            1.8324 |            4.6757 |            0.8641
 34719 |    275 | 2020-03-12 13:50:40   |       13.1285 |       18.2095 |       11.0732 |            4.0275 |            1.7515 |            4.4701 |            0.8241
 34719 |    276 | 2020-03-12 13:50:51   |       13.1387 |        18.213 |       11.7598 |            4.2819 |            1.8623 |              4.74 |            0.8756
 34719 |    277 | 2020-03-12 13:51:01   |       13.1235 |       18.2082 |       11.6036 |            4.2205 |            1.8355 |            4.6803 |            0.8673
 34719 |    278 | 2020-03-12 13:51:10.5 |       13.1308 |       18.2073 |        12.115 |            4.4046 |             1.921 |             4.882 |            0.9075
 34719 |    279 | 2020-03-12 13:51:20.5 |        13.138 |       18.2118 |       12.2626 |            4.4579 |            1.9467 |            4.9385 |            0.9195
 34719 |    280 | 2020-03-12 13:51:33.5 |       13.1284 |       18.2057 |       10.5898 |            3.8488 |             1.674 |            4.2819 |            0.7852
 34719 |    281 | 2020-03-12 13:51:46   |        13.132 |       18.2097 |         11.49 |              4.18 |             1.819 |             4.633 |             0.858
 34719 |    282 | 2020-03-12 13:51:56   |       13.0793 |       18.2143 |       11.6211 |            4.2324 |            1.8341 |            4.6884 |            0.8662
 34719 |    283 | 2020-03-12 13:52:05.5 |        13.128 |       18.2089 |       11.9245 |            4.3363 |            1.8894 |            4.8062 |            0.8927
 34719 |    284 | 2020-03-12 13:52:15   |       13.1329 |       18.2103 |       12.3038 |            4.4742 |            1.9517 |            4.9553 |            0.9225
 34719 |    285 | 2020-03-12 13:52:27.5 |        13.118 |       18.2079 |       11.9008 |            4.3268 |            1.8841 |            4.7996 |            0.8902
 34719 |    286 | 2020-03-12 13:52:40.5 |       13.1288 |       18.2055 |       11.1377 |            4.0513 |             1.762 |            4.4949 |            0.8295
 34719 |    287 | 2020-03-12 13:52:51   |       13.1105 |       18.2052 |       11.6167 |            4.2421 |            1.8278 |            4.6866 |            0.8601
 34719 |    288 | 2020-03-12 13:53:03.5 |       13.1284 |       18.2089 |       11.8566 |            4.3125 |            1.8783 |            4.7791 |            0.8867
 34719 |    289 | 2020-03-12 13:53:15.5 |       13.1413 |       18.2129 |       12.3446 |            4.4879 |            1.9594 |             4.971 |            0.9264
 34719 |    290 | 2020-03-12 13:53:24   |       13.0839 |       18.1993 |       11.9929 |            4.3663 |            1.8954 |            4.8366 |            0.8946
 34719 |    291 | 2020-03-12 13:53:35.5 |       13.1338 |       18.2077 |       10.6236 |            3.8627 |            1.6801 |            4.2929 |             0.788
 34719 |    292 | 2020-03-12 13:53:49.5 |        13.134 |       18.2122 |        11.537 |            4.1989 |            1.8269 |            4.6503 |            0.8609
 34719 |    293 | 2020-03-12 13:54:00   |       13.1266 |        18.209 |       11.7133 |            4.2607 |            1.8547 |            4.7217 |            0.8762
 34719 |    294 | 2020-03-12 13:54:09   |       13.1316 |       18.2089 |       12.1185 |            4.4057 |             1.922 |            4.8824 |            0.9084
 34719 |    295 | 2020-03-12 13:54:18   |        13.133 |       18.2115 |        12.144 |             4.416 |             1.926 |             4.893 |             0.909
 34719 |    296 | 2020-03-12 13:54:28.5 |       13.1157 |       18.2111 |       11.8422 |            4.3048 |            1.8749 |            4.7772 |            0.8852
 34719 |    297 | 2020-03-12 13:54:40.5 |       13.1318 |       18.2097 |       11.2323 |            4.0858 |            1.7776 |            4.5322 |            0.8368
 34719 |    298 | 2020-03-12 13:54:51   |       13.1311 |        18.211 |       11.4887 |            4.1796 |            1.8184 |            4.6331 |            0.8576
 34719 |    299 | 2020-03-12 13:55:01   |       13.1255 |       18.2079 |        11.686 |            4.2508 |            1.8497 |            4.7113 |            0.8742
 34719 |    300 | 2020-03-12 13:55:11   |       13.1323 |       18.2093 |       12.2329 |            4.4474 |            1.9406 |            4.9273 |            0.9175
 34719 |    301 | 2020-03-12 13:55:21   |       13.1252 |       18.1979 |       11.9631 |            4.3487 |            1.8961 |            4.8233 |             0.895
 34719 |    302 | 2020-03-12 13:55:33.5 |       13.1293 |        18.208 |       10.6475 |            3.8704 |            1.6835 |            4.3041 |            0.7895
 34719 |    303 | 2020-03-12 13:55:46   |       13.0925 |       18.1937 |         11.45 |             4.179 |             1.801 |             4.623 |             0.847
 34719 |    304 | 2020-03-12 13:55:56   |       13.1282 |       18.2091 |       11.5464 |            4.1989 |            1.8281 |            4.6557 |            0.8637
 34719 |    305 | 2020-03-12 13:56:06   |        13.131 |       18.2082 |         12.05 |             4.382 |              1.91 |             4.855 |             0.903
 34719 |    306 | 2020-03-12 13:56:16   |        13.134 |       18.1972 |       12.1208 |            4.4079 |            1.9225 |            4.8827 |            0.9077
 34719 |    307 | 2020-03-12 13:56:28   |       13.1191 |       18.2089 |       11.9877 |            4.3584 |            1.8988 |            4.8333 |            0.8973
 34719 |    308 | 2020-03-12 13:56:40.5 |       13.1273 |       18.2094 |       10.9656 |            3.9888 |            1.7333 |            4.4275 |             0.816
 34719 |    309 | 2020-03-12 13:56:51.5 |        13.123 |       18.2079 |        11.257 |            4.0955 |            1.7797 |            4.5426 |            0.8393
 34719 |    310 | 2020-03-12 13:57:02.5 |       13.1298 |       18.2089 |       11.8862 |            4.3231 |            1.8831 |            4.7901 |              0.89
 34719 |    311 | 2020-03-12 13:57:15.5 |       13.1292 |       18.2099 |       11.9764 |            4.3552 |            1.8975 |            4.8269 |            0.8968
 34719 |    312 | 2020-03-12 13:57:27   |       13.1245 |       18.2086 |        12.112 |            4.4038 |            1.9196 |             4.882 |            0.9066
 34719 |    313 | 2020-03-12 13:57:36.5 |        13.134 |       18.2095 |       10.8068 |            3.9299 |              1.71 |             4.364 |             0.803
 34719 |    314 | 2020-03-12 13:57:47   |        13.125 |       18.2127 |       11.3321 |            4.1281 |            1.7905 |            4.5729 |            0.8406
 34719 |    315 | 2020-03-12 13:57:57   |       13.1288 |       18.2087 |       11.6982 |            4.2554 |            1.8521 |            4.7157 |             0.875
 34719 |    316 | 2020-03-12 13:58:09   |       13.0868 |       18.2144 |       12.2494 |            4.4603 |            1.9395 |            4.9362 |            0.9135
 34719 |    317 | 2020-03-12 13:58:21   |        13.126 |       18.2046 |       12.0222 |            4.3714 |            1.9055 |            4.8452 |            0.9001
 34719 |    318 | 2020-03-12 13:58:31   |       13.1182 |       18.2094 |       11.3954 |            4.1425 |            1.8035 |               4.6 |            0.8494
 34719 |    319 | 2020-03-12 13:58:41.5 |       13.1338 |        18.211 |       11.3433 |            4.1267 |            1.7966 |            4.5747 |            0.8453
 34719 |    320 | 2020-03-12 13:58:51.5 |       13.1254 |       18.2079 |       11.3907 |            4.1438 |            1.8021 |            4.5949 |            0.8498
 34719 |    321 | 2020-03-12 13:59:01   |         13.13 |       18.2063 |       11.8697 |            4.3159 |            1.8809 |             4.784 |            0.8888
 34719 |    322 | 2020-03-12 13:59:11.5 |       13.1132 |       18.2063 |       11.9471 |            4.3519 |            1.8871 |            4.8171 |             0.891
 34719 |    323 | 2020-03-12 13:59:21   |       13.1292 |       18.2093 |       12.0533 |            4.3811 |            1.9118 |            4.8578 |            0.9026
 34719 |    324 | 2020-03-12 13:59:34   |       13.1245 |       18.2145 |        10.714 |             3.902 |             1.691 |             4.332 |             0.789
 34719 |    325 | 2020-03-12 13:59:47   |       13.1235 |       18.2081 |       11.1362 |            4.0517 |            1.7605 |            4.4943 |            0.8297
 34719 |    326 | 2020-03-12 13:59:56.5 |       13.1283 |       18.2073 |       11.7358 |            4.2693 |            1.8585 |            4.7305 |            0.8775
 34719 |    327 | 2020-03-12 14:00:06   |       13.0894 |       18.2163 |       11.9088 |            4.3425 |            1.8768 |             4.806 |            0.8835
 34719 |    328 | 2020-03-12 14:00:16   |       13.1216 |         18.21 |       11.8777 |            4.3247 |            1.8766 |            4.7905 |            0.8859
 34719 |    329 | 2020-03-12 14:00:28.5 |       13.1192 |       18.2073 |       12.0485 |            4.3798 |            1.9086 |            4.8582 |            0.9019
 34719 |    330 | 2020-03-12 14:00:43   |       13.1321 |       18.2112 |       11.0914 |            4.0335 |            1.7561 |            4.4756 |            0.8261
 34719 |    331 | 2020-03-12 14:00:55.5 |       13.1293 |       18.2075 |       11.6897 |            4.2513 |            1.8516 |            4.7123 |            0.8745
 34719 |    332 | 2020-03-12 14:01:05   |       13.1336 |       18.2107 |        12.159 |            4.4231 |            1.9283 |            4.8968 |            0.9108
 34719 |    333 | 2020-03-12 14:01:13.5 |       13.1247 |       18.2071 |       11.8696 |            4.3164 |            1.8797 |            4.7851 |            0.8883
 34719 |    334 | 2020-03-12 14:01:21.5 |        13.128 |       18.2075 |       12.1341 |            4.4114 |             1.924 |            4.8896 |            0.9091
 34719 |    335 | 2020-03-12 14:01:34   |        13.132 |       18.1932 |        10.438 |               3.8 |             1.649 |             4.217 |             0.772
 34719 |    336 | 2020-03-12 14:01:47   |        13.123 |       18.2106 |       11.1671 |            4.0703 |            1.7594 |            4.5072 |            0.8301
 34719 |    337 | 2020-03-12 14:01:57   |       13.1297 |       18.2062 |       11.7523 |            4.2752 |            1.8608 |            4.7371 |            0.8792
 34719 |    338 | 2020-03-12 14:02:07   |       13.1303 |       18.2114 |       12.1516 |            4.4225 |            1.9237 |            4.8964 |             0.909
 34719 |    339 | 2020-03-12 14:02:16.5 |       13.1265 |       18.2063 |         11.94 |            4.3399 |            1.8935 |            4.8125 |            0.8941
 34719 |    340 | 2020-03-12 14:02:28.5 |       13.1207 |       18.2067 |       12.0931 |            4.3959 |            1.9162 |            4.8755 |            0.9055
 34719 |    341 | 2020-03-12 14:02:41.5 |       13.0981 |       18.2225 |       11.1233 |            4.0627 |            1.7476 |            4.4938 |            0.8193
 34719 |    342 | 2020-03-12 14:02:52   |       13.1275 |       18.2079 |       11.5238 |            4.1923 |            1.8237 |            4.6467 |            0.8611
 34719 |    343 | 2020-03-12 14:03:04   |        13.132 |       18.2084 |       12.0765 |            4.3918 |            1.9152 |            4.8642 |            0.9053
 34719 |    344 | 2020-03-12 14:03:16   |        13.125 |        18.207 |       11.9473 |            4.3437 |            1.8934 |            4.8159 |            0.8942
 34719 |    345 | 2020-03-12 14:03:25   |       13.1317 |       18.2053 |       12.2682 |            4.4583 |            1.9472 |            4.9427 |              0.92
 34719 |    346 | 2020-03-12 14:03:35.5 |       13.1268 |       18.2019 |       10.5065 |            3.8253 |            1.6574 |            4.2487 |            0.7751
 34719 |    347 | 2020-03-12 14:03:47   |       13.1391 |       18.2069 |       11.2307 |            4.0843 |            1.7775 |            4.5312 |            0.8377
 34719 |    348 | 2020-03-12 14:03:57   |       13.1318 |       18.2076 |       11.8237 |            4.3003 |            1.8731 |            4.7648 |            0.8855
 34719 |    349 | 2020-03-12 14:04:10   |       13.1325 |       18.2095 |        12.007 |             4.367 |             1.904 |             4.837 |             0.899
 34719 |    350 | 2020-03-12 14:04:23   |        13.131 |       18.2072 |       12.2595 |            4.4563 |            1.9454 |            4.9389 |            0.9188
 34719 |    351 | 2020-03-12 14:04:32   |       13.1241 |       18.2079 |       10.9982 |            3.9997 |            1.7392 |            4.4433 |            0.8159
 34719 |    352 | 2020-03-12 14:04:42   |        13.124 |       18.1882 |        10.874 |             3.956 |             1.718 |             4.391 |             0.809
 34719 |    353 | 2020-03-12 14:04:52.5 |       13.1294 |       18.2053 |       11.5812 |            4.2118 |            1.8342 |            4.6693 |             0.866
 34719 |    354 | 2020-03-12 14:05:02   |        13.131 |       18.2068 |         11.95 |             4.346 |             1.894 |             4.815 |             0.895
 34719 |    355 | 2020-03-12 14:05:12   |       13.1292 |       18.1834 |       11.9723 |            4.3583 |            1.8941 |            4.8251 |            0.8948
 34719 |    356 | 2020-03-12 14:05:21.5 |       13.1282 |       18.2066 |        12.153 |            4.4174 |            1.9273 |            4.8976 |            0.9108
 34719 |    357 | 2020-03-12 14:05:34   |        13.127 |        18.207 |        10.458 |             3.815 |             1.643 |             4.234 |             0.766
 34719 |    358 | 2020-03-12 14:05:47   |       13.1271 |       18.2072 |       11.2517 |            4.0931 |            1.7793 |            4.5399 |            0.8395
 34719 |    359 | 2020-03-12 14:05:57   |        13.132 |       18.2077 |       11.8691 |            4.3179 |            1.8806 |            4.7829 |            0.8878
 34719 |    360 | 2020-03-12 14:06:07   |       13.1231 |       18.2116 |       12.0982 |            4.4081 |            1.9099 |            4.8798 |            0.9004
 34719 |    361 | 2020-03-12 14:06:16.5 |       13.1276 |       18.2076 |       12.0541 |            4.3832 |            1.9105 |            4.8579 |            0.9025
 34719 |    362 | 2020-03-12 14:06:28.5 |       13.1233 |       18.2063 |       12.1457 |             4.413 |            1.9267 |            4.8956 |            0.9104
 34719 |    363 | 2020-03-12 14:06:41.5 |       13.1269 |       18.2077 |       10.9175 |            3.9709 |            1.7259 |            4.4092 |            0.8115
 34719 |    364 | 2020-03-12 14:06:52   |       13.1286 |       18.2071 |       11.5384 |            4.1972 |            1.8267 |            4.6525 |            0.8619
 34719 |    365 | 2020-03-12 14:07:02   |       13.1335 |       18.2097 |        12.063 |             4.388 |             1.913 |             4.858 |             0.904
 34719 |    366 | 2020-03-12 14:07:12   |       13.1239 |       18.2106 |       11.8663 |            4.3198 |            1.8753 |            4.7847 |            0.8865
 34719 |    367 | 2020-03-12 14:07:22   |        13.131 |        18.206 |        12.263 |             4.457 |             1.946 |              4.94 |              0.92
 34719 |    368 | 2020-03-12 14:07:34.5 |       13.1097 |       18.2089 |       10.1668 |            3.6998 |            1.6005 |            4.1161 |            0.7504
 34719 |    369 | 2020-03-12 14:07:48   |        13.128 |       18.2081 |       11.3477 |            4.1282 |            1.7953 |            4.5777 |            0.8465
 34719 |    370 | 2020-03-12 14:08:03   |       13.1316 |        18.212 |       12.1015 |            4.4059 |            1.9156 |            4.8755 |            0.9044
 34719 |    371 | 2020-03-12 14:08:16   |        13.128 |       18.2081 |       12.0504 |            4.3824 |            1.9098 |            4.8565 |            0.9017
 34719 |    372 | 2020-03-12 14:08:24.5 |       13.1317 |       18.2064 |       12.2984 |            4.4699 |            1.9518 |            4.9546 |            0.9221
 34719 |    373 | 2020-03-12 14:08:33   |       13.1093 |       18.2085 |       10.5105 |            3.8216 |            1.6589 |            4.2515 |            0.7785
 34719 |    374 | 2020-03-12 14:08:42   |        13.126 |       18.2075 |        10.943 |             3.981 |              1.73 |             4.418 |             0.814
 34719 |    375 | 2020-03-12 14:08:52   |         13.13 |       18.2063 |       11.5746 |            4.2089 |             1.833 |            4.6676 |            0.8651
 34719 |    376 | 2020-03-12 14:09:02   |        13.132 |       18.2007 |        11.821 |             4.301 |             1.873 |             4.763 |             0.884
 34719 |    377 | 2020-03-12 14:09:12   |       13.1256 |       18.2069 |        11.899 |            4.3266 |            1.8855 |            4.7959 |             0.891
 34719 |    378 | 2020-03-12 14:09:22   |        13.132 |       18.2072 |          12.3 |             4.471 |             1.952 |             4.955 |             0.922
 34719 |    379 | 2020-03-12 14:09:34.5 |       13.1104 |       18.2075 |        10.171 |             3.699 |            1.6022 |            4.1186 |            0.7512
 34719 |    380 | 2020-03-12 14:09:47.5 |       13.1294 |       18.2071 |       11.3568 |            4.1315 |             1.797 |            4.5808 |            0.8476
 34719 |    381 | 2020-03-12 14:09:57.5 |       13.1343 |       18.2104 |       11.9492 |            4.3476 |            1.8943 |             4.813 |            0.8943
 34719 |    382 | 2020-03-12 14:10:07   |       13.1275 |       18.2077 |         11.89 |             4.324 |             1.884 |             4.792 |              0.89
 34719 |    383 | 2020-03-12 14:10:17   |       13.1351 |        18.207 |       12.1497 |            4.4157 |            1.9278 |            4.8951 |            0.9111
 34719 |    384 | 2020-03-12 14:10:29.5 |       13.1243 |        18.208 |       12.0889 |            4.3943 |            1.9163 |            4.8731 |            0.9053
 34719 |    385 | 2020-03-12 14:10:42   |       13.1265 |       18.2075 |        10.962 |             3.987 |             1.733 |             4.426 |             0.816
 34719 |    386 | 2020-03-12 14:10:52   |       13.1316 |       18.2068 |       11.6456 |            4.2355 |            1.8447 |            4.6946 |            0.8707
 34719 |    387 | 2020-03-12 14:11:02.5 |       13.1318 |       18.2119 |       11.8528 |            4.3126 |            1.8788 |            4.7753 |            0.8861
 34719 |    388 | 2020-03-12 14:11:15.5 |       13.1295 |       18.2058 |       12.0975 |            4.3978 |            1.9186 |            4.8744 |            0.9066
 34719 |    389 | 2020-03-12 14:11:28.5 |       13.1272 |       18.2054 |       12.2246 |            4.4426 |            1.9392 |            4.9263 |            0.9164
 34719 |    390 | 2020-03-12 14:11:38   |        13.125 |        18.207 |        10.665 |             3.879 |             1.685 |              4.31 |             0.791
 34719 |    391 | 2020-03-12 14:11:47.5 |       13.1296 |       18.2063 |       11.3701 |            4.1358 |            1.7997 |            4.5858 |            0.8487
 34719 |    392 | 2020-03-12 14:11:57.5 |        13.139 |       18.2113 |       11.9732 |            4.3549 |            1.8996 |            4.8219 |            0.8969
 34719 |    393 | 2020-03-12 14:12:07.5 |       13.1339 |       18.2069 |       11.7741 |            4.2802 |            1.8666 |            4.7459 |            0.8815
 34719 |    394 | 2020-03-12 14:12:17   |       13.1305 |       18.2068 |       12.2063 |             4.438 |            1.9354 |            4.9178 |            0.9151
 34719 |    395 | 2020-03-12 14:12:29.5 |       13.1204 |       18.2058 |       12.0765 |            4.3916 |            1.9131 |            4.8688 |             0.903
 34719 |    396 | 2020-03-12 14:12:42.5 |       13.1278 |       18.2074 |       11.0592 |            4.0229 |            1.7494 |            4.4637 |            0.8232
 34719 |    397 | 2020-03-12 14:12:52.5 |       13.1341 |        18.209 |       11.7454 |            4.2717 |            1.8622 |            4.7326 |            0.8789
 34719 |    398 | 2020-03-12 14:13:04   |       13.1234 |        18.209 |       11.6183 |            4.2287 |            1.8366 |            4.6858 |            0.8672
 34719 |    399 | 2020-03-12 14:13:15.5 |       13.1305 |       18.2048 |       12.1544 |             4.418 |            1.9285 |            4.8972 |            0.9107
 34719 |    400 | 2020-03-12 14:13:24   |       13.1348 |       18.2112 |       12.4298 |            4.5193 |            1.9733 |            5.0053 |            0.9319
 34719 |    401 | 2020-03-12 14:13:35.5 |       13.1138 |       18.2074 |       10.2716 |            3.7361 |            1.6194 |            4.1567 |            0.7594
 34719 |    402 | 2020-03-12 14:13:47.5 |       13.1304 |       18.2077 |       11.4206 |            4.1536 |             1.808 |            4.6062 |            0.8529
 34719 |    403 | 2020-03-12 14:13:57.5 |       13.1333 |       18.2108 |       11.7564 |            4.2771 |            1.8626 |             4.738 |            0.8788
 34719 |    404 | 2020-03-12 14:14:07   |       13.1259 |       18.2075 |       11.7993 |            4.2907 |            1.8688 |             4.757 |            0.8829
 34719 |    405 | 2020-03-12 14:14:17   |       13.1378 |       18.2056 |       12.1437 |            4.4129 |             1.927 |            4.8926 |            0.9112
 34719 |    406 | 2020-03-12 14:14:30   |       13.1245 |       18.2075 |        12.031 |             4.373 |             1.907 |              4.85 |             0.901
 34719 |    407 | 2020-03-12 14:14:45.5 |       13.1287 |       18.2072 |       11.2624 |            4.0961 |            1.7822 |             4.544 |            0.8401
 34719 |    408 | 2020-03-12 14:14:57   |        13.135 |       18.2112 |       11.7962 |            4.2924 |            1.8702 |            4.7527 |            0.8809
 34719 |    409 | 2020-03-12 14:15:06   |       13.1341 |       18.2111 |       11.9487 |             4.347 |            1.8946 |            4.8133 |            0.8939
 34719 |    410 | 2020-03-12 14:15:15   |       13.1376 |       18.2067 |       12.2254 |            4.4444 |            1.9402 |            4.9235 |            0.9173
 34719 |    411 | 2020-03-12 14:15:23.5 |       13.0572 |       18.2162 |       12.2668 |            4.4691 |            1.9364 |            4.9465 |            0.9147
 34719 |    412 | 2020-03-12 14:15:35.5 |       13.1145 |       18.2074 |       10.2947 |             3.744 |            1.6234 |            4.1659 |            0.7615
 34719 |    413 | 2020-03-12 14:15:48   |       13.1323 |       18.2081 |       11.5411 |            4.1993 |            1.8277 |             4.653 |            0.8611
 34719 |    414 | 2020-03-12 14:15:57.5 |       13.1215 |       18.1971 |       11.6498 |              4.25 |            1.8346 |            4.7007 |            0.8646
 34719 |    415 | 2020-03-12 14:16:07   |       13.1288 |       18.2071 |       11.8511 |            4.3077 |            1.8788 |            4.7774 |            0.8871
 34719 |    416 | 2020-03-12 14:16:17   |       13.1325 |       18.2081 |       12.2906 |            4.4689 |            1.9499 |            4.9497 |             0.922
 34719 |    417 | 2020-03-12 14:16:29.5 |       13.1262 |       18.2082 |       12.1506 |            4.4174 |            1.9254 |             4.898 |            0.9097
 34719 |    418 | 2020-03-12 14:16:42.5 |         13.13 |       18.2048 |        11.156 |            4.0561 |            1.7653 |            4.5028 |            0.8317
 34719 |    419 | 2020-03-12 14:16:53   |       13.1379 |       18.2111 |       11.6225 |            4.2266 |            1.8425 |            4.6838 |            0.8695
 34719 |    420 | 2020-03-12 14:17:03   |        13.131 |        18.208 |       11.7267 |            4.2634 |             1.859 |            4.7266 |            0.8777
 34719 |    421 | 2020-03-12 14:17:13   |       13.1316 |       18.2081 |       12.1625 |            4.4217 |            1.9289 |            4.8999 |             0.912
 34719 |    422 | 2020-03-12 14:17:22.5 |       13.1335 |       18.2098 |       12.1503 |            4.4164 |            1.9276 |            4.8959 |            0.9104
 34719 |    423 | 2020-03-12 14:17:35.5 |       13.1143 |       18.2081 |       10.3327 |            3.7574 |            1.6292 |            4.1811 |            0.7649
 34719 |    424 | 2020-03-12 14:17:48   |       13.1342 |       18.2084 |       11.4347 |            4.1595 |            1.8105 |            4.6116 |             0.853
 34719 |    425 | 2020-03-12 14:17:58   |       13.1245 |       18.2075 |        11.507 |             4.185 |             1.821 |             4.641 |              0.86
 34719 |    426 | 2020-03-12 14:18:15   |        13.133 |       18.2074 |       12.2578 |            4.4564 |            1.9451 |            4.9368 |            0.9195
 34719 |    427 | 2020-03-12 14:18:30.5 |       13.1242 |       18.2071 |       11.9546 |            4.3455 |             1.895 |            4.8198 |            0.8943
 34719 |    428 | 2020-03-12 14:18:38   |        13.129 |       18.2067 |        10.808 |              3.93 |             1.709 |             4.366 |             0.803
 34719 |    429 | 2020-03-12 14:18:46.5 |       13.1314 |       18.2067 |       11.4368 |            4.1599 |            1.8104 |            4.6127 |            0.8539
 34719 |    430 | 2020-03-12 14:18:55.5 |       13.1312 |       18.2092 |       11.5605 |            4.2045 |            1.8312 |            4.6605 |            0.8642
 34719 |    431 | 2020-03-12 14:19:04   |        13.127 |       18.2071 |       11.7504 |            4.2729 |            1.8611 |            4.7373 |             0.879
 34719 |    432 | 2020-03-12 14:19:12.5 |       13.1319 |       18.2071 |       12.1748 |            4.4262 |            1.9315 |            4.9042 |             0.913
 34719 |    433 | 2020-03-12 14:19:22.5 |        13.132 |       18.2099 |       12.1386 |            4.4133 |            1.9256 |            4.8904 |            0.9093
 34719 |    434 | 2020-03-12 14:19:35.5 |       13.1144 |       18.2073 |       10.3658 |            3.7693 |            1.6349 |            4.1947 |             0.767
 34719 |    435 | 2020-03-12 14:19:48   |       13.1399 |       18.2091 |       11.6047 |            4.2204 |            1.8391 |            4.6775 |            0.8678
 34719 |    436 | 2020-03-12 14:19:58   |        13.126 |       18.2072 |        11.546 |               4.2 |             1.827 |             4.656 |             0.863
 34719 |    437 | 2020-03-12 14:20:07.5 |       13.1277 |       18.2078 |       11.8555 |            4.3115 |            1.8785 |            4.7785 |            0.8871
 34719 |    438 | 2020-03-12 14:20:17.5 |       13.1408 |       18.2058 |       12.2825 |            4.4626 |            1.9507 |             4.946 |            0.9232
 34719 |    439 | 2020-03-12 14:20:29.5 |       13.1291 |       18.2065 |       12.2244 |            4.4424 |            1.9393 |            4.9268 |            0.9159
 34719 |    440 | 2020-03-12 14:20:42.5 |        13.132 |       18.2074 |       11.2193 |            4.0801 |             1.776 |            4.5267 |            0.8366
 34719 |    441 | 2020-03-12 14:20:53   |       13.0967 |       18.1986 |       11.3928 |            4.1534 |            1.7941 |            4.5985 |            0.8468
 34719 |    442 | 2020-03-12 14:21:03   |        13.126 |       18.2067 |        11.685 |              4.25 |              1.85 |             4.711 |             0.874
 34719 |    443 | 2020-03-12 14:21:13   |       13.1294 |       18.2092 |       12.1943 |            4.4349 |            1.9335 |            4.9124 |            0.9134
 34719 |    444 | 2020-03-12 14:21:22.5 |       13.0279 |       18.2158 |       11.9515 |            4.3576 |            1.8824 |            4.8227 |            0.8888
 34719 |    445 | 2020-03-12 14:21:36   |       13.1182 |       18.2055 |        10.463 |            3.8042 |            1.6512 |             4.232 |            0.7755
 34719 |    446 | 2020-03-12 14:21:50   |        13.133 |       18.2107 |        11.458 |             4.169 |             1.814 |              4.62 |             0.855
 34719 |    447 | 2020-03-12 14:22:00.5 |       13.1268 |       18.2072 |       11.6782 |            4.2474 |            1.8489 |            4.7085 |            0.8735
 34719 |    448 | 2020-03-12 14:22:09.5 |       13.1299 |       18.2056 |       11.9863 |            4.3577 |            1.8996 |            4.8308 |            0.8982
 34719 |    449 | 2020-03-12 14:22:17.5 |       13.1338 |         18.21 |         12.16 |            4.4217 |            1.9292 |            4.8983 |            0.9109
 34719 |    450 | 2020-03-12 14:22:30   |        13.128 |       18.2072 |        12.197 |             4.433 |             1.934 |             4.916 |             0.914
 34719 |    451 | 2020-03-12 14:22:43   |       13.1322 |       18.2083 |       11.2927 |            4.1072 |            1.7878 |            4.5558 |            0.8419
 34719 |    452 | 2020-03-12 14:22:53.5 |       13.1252 |       18.2074 |       11.3825 |            4.1408 |               1.8 |            4.5922 |            0.8495
 34719 |    453 | 2020-03-12 14:23:05   |       13.1303 |       18.2061 |       11.9555 |            4.3466 |            1.8951 |            4.8183 |            0.8955
 34719 |    454 | 2020-03-12 14:23:16.5 |       13.0807 |       18.1997 |       12.3188 |            4.4888 |            1.9453 |             4.966 |            0.9188
 34719 |    455 | 2020-03-12 14:23:25   |       13.1304 |       18.2085 |       11.9595 |            4.3461 |            1.8969 |            4.8212 |            0.8952
 34719 |    456 | 2020-03-12 14:23:36   |       13.1176 |        18.206 |       10.4879 |            3.8132 |            1.6554 |            4.2416 |            0.7777
 34719 |    457 | 2020-03-12 14:23:48   |       13.1313 |       18.2122 |       11.4566 |            4.1729 |            1.8096 |            4.6217 |            0.8525
 34719 |    458 | 2020-03-12 14:23:58   |       13.1275 |       18.2068 |        11.634 |             4.232 |             1.842 |              4.69 |              0.87
 34719 |    459 | 2020-03-12 14:24:08   |       13.1377 |       18.2092 |       11.9963 |            4.3609 |            1.9026 |            4.8336 |            0.8992
 34719 |    460 | 2020-03-12 14:24:18   |        13.087 |       18.2165 |        12.143 |             4.426 |             1.916 |               4.9 |             0.901
 34719 |    461 | 2020-03-12 14:24:30   |       13.1285 |       18.2072 |        12.217 |              4.44 |             1.938 |             4.924 |             0.915
 34719 |    462 | 2020-03-12 14:24:42.5 |       13.1312 |       18.2106 |       11.2804 |            4.1048 |            1.7846 |            4.5506 |            0.8404
 34719 |    463 | 2020-03-12 14:24:53.5 |       13.1262 |       18.2081 |       11.4066 |            4.1504 |            1.8034 |            4.6019 |             0.851
 34719 |    464 | 2020-03-12 14:25:03.5 |        13.127 |        18.207 |       11.7184 |            4.2622 |            1.8557 |            4.7241 |            0.8763
 34719 |    465 | 2020-03-12 14:25:15.5 |       13.1287 |       18.2111 |       12.2816 |            4.4763 |            1.9393 |            4.9536 |            0.9124
 34719 |    466 | 2020-03-12 14:25:28   |       13.1315 |        18.207 |       12.3407 |            4.4855 |            1.9581 |            4.9721 |            0.9249
 34719 |    467 | 2020-03-12 14:25:38.5 |        13.135 |       18.2083 |        11.043 |            4.0157 |            1.7482 |            4.4579 |            0.8213
 34719 |    468 | 2020-03-12 14:25:48.5 |       13.1268 |       18.2062 |       11.2364 |            4.0947 |             1.772 |            4.5349 |            0.8348
 34719 |    469 | 2020-03-12 14:25:58   |        13.128 |        18.207 |        11.662 |             4.241 |             1.847 |             4.702 |             0.872
 34719 |    470 | 2020-03-12 14:26:08   |       13.1331 |       18.2071 |       12.1532 |            4.4194 |            1.9272 |            4.8954 |            0.9112
 34719 |    471 | 2020-03-12 14:26:18   |        13.134 |       18.2097 |       12.1146 |            4.4051 |            1.9216 |            4.8806 |            0.9073
 34719 |    472 | 2020-03-12 14:26:30   |         13.13 |        18.208 |        12.274 |              4.46 |             1.948 |             4.946 |              0.92
 34719 |    473 | 2020-03-12 14:26:42.5 |       13.1354 |       18.2087 |       11.2434 |            4.0886 |            1.7813 |            4.5349 |            0.8386
 34719 |    474 | 2020-03-12 14:26:53   |        13.127 |       18.2068 |        11.371 |            4.1346 |            1.8005 |            4.5868 |            0.8491
 34719 |    475 | 2020-03-12 14:27:03   |       13.1301 |       18.2048 |       11.8661 |            4.3143 |            1.8805 |            4.7829 |            0.8884
 34719 |    476 | 2020-03-12 14:27:13   |       13.1335 |       18.1988 |       12.1367 |            4.4156 |            1.9247 |            4.8879 |            0.9086
 34719 |    477 | 2020-03-12 14:27:23   |        13.124 |       18.2072 |        11.947 |             4.349 |              1.89 |             4.815 |             0.893
 34719 |    478 | 2020-03-12 14:27:36   |       13.1184 |       18.2084 |       10.5675 |            3.8433 |            1.6681 |             4.273 |            0.7831
 34719 |    479 | 2020-03-12 14:27:49   |        13.128 |       18.2096 |       11.2273 |            4.0849 |            1.7756 |            4.5295 |            0.8372
 34719 |    480 | 2020-03-12 14:27:59   |       13.1289 |       18.2072 |        11.733 |            4.2672 |            1.8584 |            4.7297 |            0.8777
 34719 |    481 | 2020-03-12 14:28:10   |       13.1333 |       18.2099 |       12.2122 |            4.4413 |            1.9364 |            4.9194 |            0.9151
 34719 |    482 | 2020-03-12 14:28:20.5 |        13.116 |       18.2109 |       12.1101 |            4.4061 |             1.918 |            4.8819 |            0.9041
 34719 |    483 | 2020-03-12 14:28:32   |       13.1203 |       18.2052 |       11.6542 |            4.2353 |            1.8457 |            4.7028 |            0.8705
 34719 |    484 | 2020-03-12 14:28:46   |       13.1338 |       18.2107 |       11.2744 |            4.1021 |            1.7844 |            4.5476 |            0.8403
 34719 |    485 | 2020-03-12 14:28:57   |       13.1281 |        18.208 |       11.6255 |            4.2287 |            1.8404 |            4.6874 |             0.869
 34719 |    486 | 2020-03-12 14:29:05.5 |       13.1301 |       18.2058 |       11.9702 |            4.3529 |            1.8971 |            4.8237 |            0.8965
 34719 |    487 | 2020-03-12 14:29:14   |       13.1114 |       18.2121 |       12.3267 |            4.4932 |            1.9468 |            4.9691 |            0.9175
 34719 |    488 | 2020-03-12 14:29:23   |        13.126 |       18.2077 |        12.032 |             4.374 |             1.907 |              4.85 |             0.901
 34719 |    489 | 2020-03-12 14:29:36   |       13.1122 |       18.2084 |       10.4898 |            3.8153 |            1.6547 |            4.2432 |            0.7766
 34719 |    490 | 2020-03-12 14:29:48.5 |       13.1244 |       18.2139 |       11.2583 |            4.1021 |            1.7763 |            4.5453 |            0.8346
 34719 |    491 | 2020-03-12 14:29:58   |       13.1287 |       18.2079 |       11.6741 |            4.2452 |            1.8493 |            4.7059 |            0.8737
 34719 |    492 | 2020-03-12 14:30:08   |       13.1257 |       18.2074 |       11.8076 |            4.2939 |            1.8702 |            4.7602 |            0.8833
 34719 |    493 | 2020-03-12 14:30:18   |       13.1268 |       18.2088 |       11.9323 |            4.3383 |            1.8906 |            4.8097 |            0.8937
 34719 |    494 | 2020-03-12 14:30:30   |       13.1326 |        18.205 |       12.4483 |            4.5229 |            1.9769 |            5.0145 |             0.934
 34719 |    495 | 2020-03-12 14:30:43   |        13.134 |       18.2105 |        11.286 |             4.106 |             1.787 |             4.552 |             0.841
 34719 |    496 | 2020-03-12 14:30:57   |        13.129 |        18.208 |         11.63 |              4.23 |            1.8416 |             4.689 |            0.8694
(497 rows)

