  run  | subrun |         time          | step1_voltage | step2_voltage | total_current | pos_2step_current | pos_1step_current | neg_2step_current | neg_1step_current 
-------+--------+-----------------------+---------------+---------------+---------------+-------------------+-------------------+-------------------+-------------------
 34713 |      0 | 2020-03-12 08:28:14.5 |       13.1257 |       18.2103 |       10.9669 |            3.9903 |            1.7325 |            4.4294 |            0.8147
 34713 |      1 | 2020-03-12 08:28:25   |       13.1302 |       18.2071 |       11.6357 |            4.2322 |            1.8423 |            4.6919 |            0.8693
 34713 |      2 | 2020-03-12 08:28:35   |        13.094 |       18.1982 |         11.97 |             4.368 |             1.885 |             4.829 |             0.888
 34713 |      3 | 2020-03-12 08:28:45   |       13.1307 |       18.2099 |       11.9199 |            4.3336 |            1.8893 |            4.8046 |            0.8923
 34713 |      4 | 2020-03-12 08:28:55   |        13.132 |       18.2087 |        12.322 |             4.479 |             1.955 |             4.964 |             0.924
 34713 |      5 | 2020-03-12 08:29:07.5 |       13.1097 |       18.2095 |       10.1431 |            3.6898 |            1.5962 |            4.1085 |            0.7486
 34713 |      6 | 2020-03-12 08:29:25.5 |        13.131 |       18.2093 |       11.6564 |            4.2398 |             1.846 |            4.6995 |            0.8711
 34713 |      7 | 2020-03-12 08:29:40   |       13.1232 |       18.2087 |       11.7236 |            4.2634 |            1.8554 |            4.7281 |            0.8767
 34713 |      8 | 2020-03-12 08:29:49   |       13.1291 |       18.2092 |       12.0965 |            4.3984 |            1.9176 |            4.8748 |            0.9057
 34713 |      9 | 2020-03-12 08:29:59   |       13.1385 |       18.2118 |        12.478 |             4.538 |             1.981 |             5.025 |             0.934
 34713 |     10 | 2020-03-12 08:30:08.5 |       13.1325 |        18.212 |       10.3786 |            3.7747 |            1.6403 |            4.1965 |            0.7671
 34713 |     11 | 2020-03-12 08:30:18   |       13.1294 |       18.2103 |        11.233 |            4.0867 |            1.7767 |            4.5321 |            0.8376
 34713 |     12 | 2020-03-12 08:30:28   |       13.1324 |       18.2108 |       11.8289 |            4.3037 |            1.8741 |            4.7664 |            0.8847
 34713 |     13 | 2020-03-12 08:30:38   |       13.1257 |       18.2094 |       11.7843 |            4.2861 |             1.866 |            4.7507 |            0.8815
 34713 |     14 | 2020-03-12 08:30:47.5 |       13.1273 |       18.2081 |       12.0024 |            4.3639 |            1.9022 |            4.8376 |            0.8986
 34713 |     15 | 2020-03-12 08:30:57.5 |       13.1336 |       18.2126 |       12.4423 |            4.5234 |            1.9752 |             5.011 |            0.9327
 34713 |     16 | 2020-03-12 08:31:09   |       13.1152 |       18.1985 |        10.239 |            3.7237 |            1.6143 |            4.1442 |            0.7568
 34713 |     17 | 2020-03-12 08:31:20   |       13.1294 |       18.2083 |       11.3659 |            4.1348 |            1.7986 |            4.5848 |            0.8476
 34713 |     18 | 2020-03-12 08:31:30   |        13.124 |       18.2189 |       11.8631 |            4.3265 |            1.8696 |            4.7854 |            0.8815
 34713 |     19 | 2020-03-12 08:31:40   |        13.125 |        18.212 |        11.772 |            4.2805 |            1.8649 |            4.7467 |            0.8799
 34713 |     20 | 2020-03-12 08:31:49.5 |       13.1304 |       18.2082 |       12.1755 |            4.4271 |            1.9301 |            4.9062 |            0.9122
 34713 |     21 | 2020-03-12 08:32:01.5 |        13.122 |       18.2115 |       12.1292 |             4.416 |            1.9173 |            4.8917 |            0.9043
 34713 |     22 | 2020-03-12 08:32:14.5 |        13.128 |       18.2089 |       10.9987 |            4.0006 |             1.739 |            4.4407 |            0.8184
 34713 |     23 | 2020-03-12 08:32:25   |       13.1467 |       18.2121 |       11.7406 |            4.2705 |            1.8607 |            4.7311 |            0.8782
 34713 |     24 | 2020-03-12 08:32:35   |         13.11 |       18.1962 |        11.645 |             4.246 |             1.834 |             4.699 |             0.866
 34713 |     25 | 2020-03-12 08:32:46   |       13.1297 |       18.2079 |       12.0701 |            4.3878 |            1.9136 |            4.8648 |            0.9039
 34713 |     26 | 2020-03-12 08:33:03   |       13.1235 |       18.2085 |        12.002 |             4.363 |             1.902 |             4.839 |             0.898
 34713 |     27 | 2020-03-12 08:33:19   |       13.1305 |       18.2067 |        11.354 |              4.13 |             1.797 |              4.58 |             0.847
 34713 |     28 | 2020-03-12 08:33:28   |       13.1388 |       18.2122 |       11.8454 |            4.3092 |            1.8772 |            4.7726 |            0.8865
 34713 |     29 | 2020-03-12 08:33:37.5 |       13.0968 |        18.211 |       11.7391 |            4.2754 |             1.853 |            4.7355 |            0.8752
 34713 |     30 | 2020-03-12 08:33:48.5 |       13.1321 |       18.2069 |       12.1986 |            4.4344 |            1.9351 |            4.9144 |            0.9147
 34713 |     31 | 2020-03-12 08:33:58   |       13.1326 |       18.1868 |       12.2294 |            4.4506 |            1.9372 |            4.9268 |            0.9147
 34713 |     32 | 2020-03-12 08:34:06   |       13.1065 |       18.2096 |       10.5856 |             3.849 |             1.669 |            4.2826 |            0.7851
 34713 |     33 | 2020-03-12 08:34:15.5 |       13.1274 |       18.2085 |       11.0871 |            4.0321 |            1.7538 |            4.4758 |            0.8254
 34713 |     34 | 2020-03-12 08:34:25.5 |        13.135 |       18.2112 |       11.8086 |            4.2981 |             1.871 |            4.7575 |             0.882
 34713 |     35 | 2020-03-12 08:34:35   |       13.1245 |       18.2087 |         11.64 |             4.234 |             1.842 |             4.694 |              0.87
 34713 |     36 | 2020-03-12 08:34:45   |       13.1278 |       18.2076 |       12.0646 |             4.387 |            1.9121 |            4.8623 |            0.9033
 34713 |     37 | 2020-03-12 08:34:55   |        13.082 |        18.197 |        12.377 |             4.514 |             1.953 |              4.99 |              0.92
 34713 |     38 | 2020-03-12 08:35:07.5 |       13.1094 |       18.2077 |       10.2212 |            3.7176 |            1.6107 |            4.1379 |             0.755
 34713 |     39 | 2020-03-12 08:35:20   |       13.1318 |       18.2084 |       11.5114 |            4.1878 |            1.8224 |            4.6418 |            0.8594
 34713 |     40 | 2020-03-12 08:35:30   |       13.1292 |       18.2083 |       11.7185 |            4.2626 |             1.856 |             4.724 |             0.876
 34713 |     41 | 2020-03-12 08:35:40.5 |       13.1438 |       18.2119 |       12.2134 |            4.4445 |            1.9367 |            4.9204 |            0.9118
 34713 |     42 | 2020-03-12 08:35:50.5 |       13.1285 |       18.2078 |       11.9212 |             4.334 |             1.889 |            4.8058 |            0.8924
 34713 |     43 | 2020-03-12 08:36:02.5 |       13.1217 |       18.2067 |         11.96 |            4.3479 |            1.8949 |            4.8223 |            0.8949
 34713 |     44 | 2020-03-12 08:36:16.5 |       13.0906 |       18.2019 |       11.0242 |            4.0259 |            1.7285 |            4.4561 |            0.8137
 34713 |     45 | 2020-03-12 08:36:30   |         13.13 |       18.2086 |       11.7321 |            4.2672 |            1.8583 |            4.7286 |             0.878
 34713 |     46 | 2020-03-12 08:36:42.5 |       13.1315 |       18.2083 |       12.1108 |            4.4025 |            1.9217 |            4.8785 |            0.9081
 34713 |     47 | 2020-03-12 08:36:52   |       13.1377 |       18.2097 |       12.1779 |            4.4273 |            1.9317 |            4.9064 |            0.9125
 34713 |     48 | 2020-03-12 08:37:00.5 |       13.1317 |       18.2095 |       12.3353 |             4.484 |            1.9572 |            4.9697 |            0.9244
 34713 |     49 | 2020-03-12 08:37:10.5 |       13.1309 |       18.2093 |       10.7211 |            3.8996 |            1.6943 |            4.3326 |            0.7946
 34713 |     50 | 2020-03-12 08:37:21   |       13.1265 |       18.2085 |        11.239 |             4.089 |             1.777 |             4.535 |             0.838
 34713 |     51 | 2020-03-12 08:37:31   |       13.1245 |       18.2085 |        11.499 |             4.183 |             1.819 |             4.639 |             0.858
 34713 |     52 | 2020-03-12 08:37:41   |       13.1335 |       18.2115 |        11.974 |             4.355 |             1.898 |             4.825 |             0.896
 34713 |     53 | 2020-03-12 08:37:51.5 |       13.1326 |       18.2105 |       12.3152 |            4.4775 |            1.9544 |            4.9597 |            0.9236
 34713 |     54 | 2020-03-12 08:38:05.5 |        13.113 |        18.208 |       10.9812 |            3.9926 |            1.7347 |            4.4376 |            0.8163
 34713 |     55 | 2020-03-12 08:38:19.5 |       13.1325 |       18.2097 |       11.4614 |            4.1694 |            1.8145 |            4.6221 |            0.8554
 34713 |     56 | 2020-03-12 08:38:30   |       13.1271 |       18.2093 |       11.5409 |            4.1991 |             1.826 |            4.6545 |            0.8613
 34713 |     57 | 2020-03-12 08:38:40.5 |       13.1295 |       18.2085 |       11.9802 |            4.3561 |            1.8981 |            4.8286 |            0.8973
 34713 |     58 | 2020-03-12 08:38:50.5 |       13.1326 |       18.2115 |        12.362 |            4.4957 |            1.9617 |            4.9786 |             0.926
 34713 |     59 | 2020-03-12 08:39:00   |       13.1255 |       18.2088 |       12.1215 |             4.406 |            1.9213 |            4.8863 |            0.9079
 34713 |     60 | 2020-03-12 08:39:12   |       13.1324 |       18.2084 |       10.9785 |            3.9918 |            1.7366 |            4.4339 |            0.8162
 34713 |     61 | 2020-03-12 08:39:24.5 |       13.1181 |       18.2033 |        11.586 |            4.2203 |            1.8296 |            4.6739 |            0.8622
 34713 |     62 | 2020-03-12 08:39:34.5 |       13.1276 |       18.2092 |       11.7199 |            4.2627 |            1.8564 |            4.7249 |            0.8759
 34713 |     63 | 2020-03-12 08:39:47   |        13.133 |         18.21 |        12.258 |             4.458 |             1.944 |             4.937 |             0.919
 34713 |     64 | 2020-03-12 08:40:01.5 |       13.1254 |       18.2079 |        12.132 |            4.4092 |            1.9238 |            4.8899 |            0.9091
 34713 |     65 | 2020-03-12 08:40:13.5 |       13.1293 |       18.2082 |       10.9631 |            3.9871 |            1.7336 |            4.4267 |            0.8158
 34713 |     66 | 2020-03-12 08:40:24   |       13.1295 |       18.2085 |        11.497 |             4.182 |              1.82 |             4.636 |             0.859
 34713 |     67 | 2020-03-12 08:40:34   |       13.1302 |       18.2104 |       12.0205 |            4.3734 |             1.905 |            4.8423 |            0.8998
 34713 |     68 | 2020-03-12 08:40:44.5 |       13.1248 |       18.2097 |       11.8441 |            4.3087 |            1.8747 |            4.7761 |            0.8846
 34713 |     69 | 2020-03-12 08:40:54   |       13.1296 |        18.208 |       12.1912 |            4.4313 |            1.9335 |             4.913 |            0.9134
 34713 |     70 | 2020-03-12 08:41:03   |       13.1189 |       18.2093 |       11.9193 |            4.3323 |            1.8882 |            4.8065 |            0.8923
 34713 |     71 | 2020-03-12 08:41:14   |       13.1242 |       18.2082 |       10.7826 |             3.921 |            1.7039 |            4.3555 |            0.8022
 34713 |     72 | 2020-03-12 08:41:24.5 |       13.1305 |       18.2068 |        11.551 |            4.2009 |            1.8285 |            4.6588 |            0.8628
 34713 |     73 | 2020-03-12 08:41:34   |       13.1215 |       18.2093 |       12.0647 |            4.3927 |            1.9094 |            4.8615 |             0.901
 34713 |     74 | 2020-03-12 08:41:44   |       13.1282 |        18.204 |         11.81 |            4.2941 |            1.8711 |            4.7605 |            0.8843
 34713 |     75 | 2020-03-12 08:41:54   |       13.1305 |       18.2066 |       12.2213 |            4.4419 |            1.9389 |            4.9245 |             0.916
 34713 |     76 | 2020-03-12 08:42:07   |        13.109 |        18.209 |        10.438 |             3.796 |             1.645 |             4.224 |             0.773
 34713 |     77 | 2020-03-12 08:42:20   |        13.104 |       18.2125 |       11.4539 |            4.1711 |            1.8097 |            4.6218 |            0.8512
 34713 |     78 | 2020-03-12 08:42:30   |       13.1299 |       18.2104 |       11.7384 |              4.27 |            1.8588 |            4.7317 |            0.8778
 34713 |     79 | 2020-03-12 08:42:39.5 |       13.1194 |       18.2088 |       11.9873 |            4.3604 |             1.898 |            4.8328 |            0.8961
 34713 |     80 | 2020-03-12 08:42:49   |        13.128 |       18.2085 |        12.056 |             4.383 |             1.911 |             4.859 |             0.903
 34713 |     81 | 2020-03-12 08:43:01   |       13.1269 |       18.2088 |       12.1897 |            4.4316 |            1.9326 |            4.9128 |            0.9128
 34713 |     82 | 2020-03-12 08:43:16.5 |        13.124 |       18.2143 |       11.3417 |            4.1268 |             1.794 |            4.5763 |            0.8446
 34713 |     83 | 2020-03-12 08:43:31.5 |       13.1258 |       18.2085 |        11.607 |            4.2229 |            1.8366 |            4.6808 |            0.8667
 34713 |     84 | 2020-03-12 08:43:43   |        13.133 |        18.211 |        12.187 |             4.432 |             1.933 |             4.909 |             0.913
 34713 |     85 | 2020-03-12 08:43:52   |       13.1307 |       18.2121 |       12.1179 |            4.4067 |            1.9228 |            4.8821 |            0.9062
 34713 |     86 | 2020-03-12 08:44:01   |       13.1298 |       18.2088 |       12.3255 |            4.4797 |            1.9555 |            4.9665 |            0.9237
 34713 |     87 | 2020-03-12 08:44:10.5 |       13.1281 |       18.2075 |       10.8169 |            3.9335 |            1.7099 |            4.3707 |            0.8028
 34713 |     88 | 2020-03-12 08:44:20   |       13.1096 |       18.2023 |       11.4727 |            4.1874 |            1.8062 |            4.6308 |            0.8483
 34713 |     89 | 2020-03-12 08:44:30   |       13.1254 |       18.2084 |       11.5739 |            4.2103 |            1.8313 |            4.6673 |             0.865
 34713 |     90 | 2020-03-12 08:44:40   |        13.131 |       18.2083 |       12.0706 |            4.3886 |             1.914 |            4.8643 |            0.9038
 34713 |     91 | 2020-03-12 08:44:50   |       13.0808 |       18.2183 |       12.2188 |            4.4529 |              1.93 |            4.9278 |             0.908
 34713 |     92 | 2020-03-12 08:45:02   |       13.1265 |       18.2082 |       12.3723 |            4.4968 |            1.9626 |            4.9856 |            0.9273
 34713 |     93 | 2020-03-12 08:45:14.5 |       13.1331 |       18.2124 |       11.2401 |            4.0886 |             1.779 |            4.5352 |            0.8374
 34713 |     94 | 2020-03-12 08:45:25   |       13.1231 |       18.2128 |        11.436 |            4.1674 |            1.8035 |            4.6169 |            0.8482
 34713 |     95 | 2020-03-12 08:45:35   |        13.127 |       18.2087 |        11.749 |             4.273 |             1.861 |             4.737 |             0.878
 34713 |     96 | 2020-03-12 08:45:45   |       13.0966 |       18.2167 |       12.1707 |            4.4309 |            1.9247 |            4.9055 |            0.9096
 34713 |     97 | 2020-03-12 08:45:55   |       13.1255 |       18.2083 |        11.992 |              4.36 |               1.9 |             4.835 |             0.897
 34713 |     98 | 2020-03-12 08:46:08   |        13.111 |       18.2082 |       10.3906 |            3.7784 |            1.6387 |            4.2052 |            0.7684
 34713 |     99 | 2020-03-12 08:46:21   |       13.1282 |       18.2099 |       11.2205 |            4.0825 |            1.7749 |            4.5272 |            0.8358
 34713 |    100 | 2020-03-12 08:46:31   |        13.128 |       18.2087 |        11.661 |             4.242 |             1.846 |             4.702 |             0.871
 34713 |    101 | 2020-03-12 08:46:41.5 |        13.133 |       18.2102 |       12.1677 |            4.4252 |            1.9295 |            4.9014 |            0.9117
 34713 |    102 | 2020-03-12 08:46:56   |       13.1263 |       18.2089 |       12.0402 |            4.3774 |            1.9091 |            4.8533 |            0.9005
 34713 |    103 | 2020-03-12 08:47:10   |        13.131 |       18.2086 |       10.7385 |            3.9051 |            1.6985 |            4.3385 |            0.7964
 34713 |    104 | 2020-03-12 08:47:19   |        13.137 |       18.2127 |        11.303 |             4.114 |             1.789 |              4.56 |              0.84
 34713 |    105 | 2020-03-12 08:47:28.5 |       13.1267 |       18.2146 |       11.8049 |            4.3027 |            1.8622 |            4.7634 |            0.8765
 34713 |    106 | 2020-03-12 08:47:38   |       13.1278 |         18.21 |       11.9223 |            4.3376 |            1.8881 |            4.8051 |            0.8914
 34713 |    107 | 2020-03-12 08:47:47.5 |        13.132 |       18.2106 |        12.097 |            4.3987 |            1.9179 |            4.8748 |            0.9056
 34713 |    108 | 2020-03-12 08:47:56.5 |       13.1267 |       18.2146 |       12.3041 |            4.4856 |            1.9425 |            4.9608 |            0.9153
 34713 |    109 | 2020-03-12 08:48:09.5 |       13.1222 |       18.2095 |       10.6686 |            3.8803 |            1.6847 |            4.3126 |             0.791
 34713 |    110 | 2020-03-12 08:48:22.5 |       13.1255 |       18.2086 |       11.2692 |            4.1004 |            1.7816 |            4.5479 |            0.8392
 34713 |    111 | 2020-03-12 08:48:32   |       13.1298 |        18.209 |       11.7949 |            4.2902 |            1.8676 |             4.755 |            0.8822
 34713 |    112 | 2020-03-12 08:48:42   |       13.0931 |       18.2038 |       12.0587 |            4.3978 |            1.8991 |             4.865 |            0.8968
 34713 |    113 | 2020-03-12 08:48:52   |       13.1236 |       18.2083 |       11.9707 |            4.3531 |            1.8962 |            4.8259 |            0.8955
 34713 |    114 | 2020-03-12 08:49:03.5 |       13.1283 |       18.2078 |       12.1799 |            4.4268 |            1.9321 |            4.9096 |            0.9114
 34713 |    115 | 2020-03-12 08:49:16   |       13.1304 |       18.2111 |       11.0189 |            4.0086 |            1.7427 |            4.4479 |            0.8197
 34713 |    116 | 2020-03-12 08:49:27   |        13.128 |       18.2085 |        11.543 |             4.199 |             1.827 |             4.655 |             0.862
 34713 |    117 | 2020-03-12 08:49:36.5 |       13.1363 |        18.212 |       12.0426 |             4.379 |            1.9101 |            4.8508 |            0.9028
 34713 |    118 | 2020-03-12 08:49:46   |       13.1164 |       18.2064 |       11.8922 |            4.3294 |            1.8807 |            4.7952 |             0.887
 34713 |    119 | 2020-03-12 08:49:56   |       13.1284 |       18.2083 |       12.1204 |             4.406 |             1.922 |            4.8853 |            0.9071
 34713 |    120 | 2020-03-12 08:50:09.5 |       13.1151 |       18.2082 |       10.4281 |            3.7918 |            1.6446 |            4.2197 |             0.772
 34713 |    121 | 2020-03-12 08:50:27   |       13.1285 |       18.2083 |        11.525 |             4.192 |             1.824 |             4.648 |             0.861
 34713 |    122 | 2020-03-12 08:50:40.5 |       13.1306 |       18.2144 |       12.1276 |            4.4173 |            1.9169 |            4.8899 |            0.9034
 34713 |    123 | 2020-03-12 08:50:49.5 |       13.1237 |       18.2083 |       11.8747 |            4.3179 |            1.8806 |            4.7879 |            0.8883
 34713 |    124 | 2020-03-12 08:50:59   |       13.1305 |        18.207 |        12.284 |             4.465 |             1.949 |             4.949 |             0.921
 34713 |    125 | 2020-03-12 08:51:08   |        13.115 |       18.2094 |        10.572 |            3.8455 |            1.6682 |            4.2752 |             0.783
 34713 |    126 | 2020-03-12 08:51:17.5 |       13.1226 |       18.2108 |       10.9963 |             4.005 |            1.7342 |             4.442 |            0.8151
 34713 |    127 | 2020-03-12 08:51:27.5 |       13.1298 |       18.2086 |       11.6148 |             4.225 |            1.8386 |            4.6829 |            0.8684
 34713 |    128 | 2020-03-12 08:51:37   |       13.1408 |       18.2105 |       12.1013 |            4.4021 |            1.9196 |            4.8729 |            0.9068
 34713 |    129 | 2020-03-12 08:51:47   |       13.1235 |       18.2082 |         11.84 |             4.311 |             1.872 |             4.773 |             0.884
 34713 |    130 | 2020-03-12 08:51:57   |       13.1296 |        18.208 |        12.183 |            4.4287 |            1.9323 |            4.9092 |            0.9128
 34713 |    131 | 2020-03-12 08:52:10   |       13.1297 |       18.2108 |       10.8367 |            3.9389 |            1.7148 |            4.3774 |            0.8055
 34713 |    132 | 2020-03-12 08:52:23   |       13.1275 |       18.2082 |        11.349 |             4.129 |             1.795 |             4.578 |             0.847
 34713 |    133 | 2020-03-12 08:52:32.5 |       13.1325 |       18.2099 |       11.9035 |            4.3304 |            1.8863 |             4.796 |            0.8908
 34713 |    134 | 2020-03-12 08:52:42   |       13.1299 |       18.2182 |       11.9904 |            4.3735 |            1.8898 |            4.8364 |            0.8907
 34713 |    135 | 2020-03-12 08:52:52   |       13.1288 |        18.209 |       12.0908 |            4.3956 |            1.9167 |            4.8732 |            0.9054
 34713 |    136 | 2020-03-12 08:53:05   |       13.1177 |       18.2093 |       11.5365 |            4.1944 |            1.8252 |            4.6563 |            0.8607
 34713 |    137 | 2020-03-12 08:53:18   |       13.1169 |       18.2105 |       11.0722 |            4.0296 |            1.7491 |            4.4706 |            0.8228
 34713 |    138 | 2020-03-12 08:53:28   |       13.1308 |       18.2065 |       11.6761 |            4.2462 |            1.8492 |             4.708 |            0.8728
 34713 |    139 | 2020-03-12 08:53:38   |       13.1328 |       18.2101 |        11.902 |            4.3279 |            1.8871 |            4.7954 |            0.8916
 34713 |    140 | 2020-03-12 08:53:53   |       13.1289 |       18.2088 |        12.148 |            4.4161 |             1.926 |            4.8962 |            0.9096
 34713 |    141 | 2020-03-12 08:54:07   |       13.1085 |       18.2085 |        10.709 |             3.894 |              1.69 |             4.331 |             0.794
 34713 |    142 | 2020-03-12 08:54:15   |        13.124 |       18.2082 |        10.808 |             3.932 |             1.707 |             4.366 |             0.803
 34713 |    143 | 2020-03-12 08:54:24.5 |       13.1291 |       18.2073 |       11.4879 |            4.1784 |            1.8184 |            4.6332 |            0.8578
 34713 |    144 | 2020-03-12 08:54:34   |       13.1408 |       18.2141 |       12.0035 |            4.3648 |            1.9043 |            4.8349 |            0.8995
 34713 |    145 | 2020-03-12 08:54:43   |        13.124 |       18.2087 |         11.76 |             4.277 |             1.862 |             4.742 |             0.879
 34713 |    146 | 2020-03-12 08:54:53   |       13.1292 |       18.2073 |       12.1366 |            4.4121 |            1.9241 |            4.8914 |             0.909
 34713 |    147 | 2020-03-12 08:55:05.5 |        13.116 |       18.2085 |       11.4118 |            4.1486 |            1.8049 |            4.6076 |            0.8506
 34713 |    148 | 2020-03-12 08:55:18   |       13.1239 |       18.2085 |       10.9594 |            3.9869 |            1.7314 |            4.4256 |            0.8157
 34713 |    149 | 2020-03-12 08:55:28   |       13.1332 |       18.2109 |       11.6076 |             4.223 |            1.8382 |             4.679 |            0.8674
 34713 |    150 | 2020-03-12 08:55:38   |       13.1288 |       18.2084 |        11.871 |            4.3175 |            1.8809 |            4.7844 |            0.8883
 34713 |    151 | 2020-03-12 08:55:48   |        13.134 |       18.2102 |       12.2995 |            4.4723 |            1.9511 |            4.9537 |            0.9224
 34713 |    152 | 2020-03-12 08:55:58   |       13.1245 |       18.1919 |       11.9809 |            4.3553 |            1.8987 |            4.8307 |            0.8963
 34713 |    153 | 2020-03-12 08:56:11   |       13.1299 |        18.208 |       10.7105 |            3.8947 |            1.6941 |            4.3274 |            0.7943
 34713 |    154 | 2020-03-12 08:56:24   |       13.1028 |       18.2082 |       11.4862 |            4.1822 |            1.8161 |            4.6318 |            0.8561
 34713 |    155 | 2020-03-12 08:56:34   |       13.1278 |       18.2083 |        11.727 |            4.2651 |            1.8565 |            4.7281 |            0.8773
 34713 |    156 | 2020-03-12 08:56:43.5 |       13.1263 |       18.2094 |       11.8779 |            4.3196 |            1.8816 |            4.7877 |            0.8889
 34713 |    157 | 2020-03-12 08:56:53   |        13.126 |       18.2115 |        12.362 |             4.507 |             1.951 |             4.985 |             0.919
 34713 |    158 | 2020-03-12 08:57:06   |       13.1079 |       18.2078 |       11.0955 |            4.0343 |            1.7522 |            4.4831 |             0.826
 34713 |    159 | 2020-03-12 08:57:23   |        13.128 |       18.2082 |        11.375 |             4.138 |               1.8 |             4.588 |             0.849
 34713 |    160 | 2020-03-12 08:57:36.5 |       13.1161 |       18.2047 |       11.8587 |            4.3148 |            1.8766 |            4.7814 |             0.886
 34713 |    161 | 2020-03-12 08:57:45.5 |       13.1344 |       18.2113 |       12.2183 |            4.4418 |            1.9393 |            4.9205 |            0.9168
 34713 |    162 | 2020-03-12 08:57:55   |       13.1315 |       18.2085 |        12.281 |             4.464 |             1.948 |             4.948 |             0.921
 34713 |    163 | 2020-03-12 08:58:07.5 |       13.1093 |       18.2085 |       10.6791 |            3.8839 |            1.6843 |            4.3187 |            0.7923
 34713 |    164 | 2020-03-12 08:58:20   |       13.1285 |       18.2074 |        11.255 |            4.0943 |            1.7806 |            4.5408 |            0.8393
 34713 |    165 | 2020-03-12 08:58:30   |       13.1319 |       18.2105 |       11.8952 |             4.328 |            1.8845 |             4.793 |            0.8897
 34713 |    166 | 2020-03-12 08:58:39.5 |       13.0729 |       18.1943 |       11.8308 |            4.3183 |            1.8621 |            4.7739 |            0.8766
 34713 |    167 | 2020-03-12 08:58:49   |       13.1252 |        18.207 |       12.0096 |            4.3669 |            1.9029 |            4.8407 |            0.8992
 34713 |    168 | 2020-03-12 08:58:58   |       13.1322 |       18.2103 |        12.354 |            4.4915 |              1.96 |            4.9762 |            0.9262
 34713 |    169 | 2020-03-12 08:59:08.5 |       13.1131 |       18.2086 |       10.5231 |             3.827 |            1.6599 |            4.2573 |            0.7789
 34713 |    170 | 2020-03-12 08:59:19   |        13.128 |       18.2087 |        11.198 |             4.074 |             1.771 |             4.519 |             0.834
 34713 |    171 | 2020-03-12 08:59:29   |       13.1319 |       18.2102 |       11.8314 |            4.3044 |            1.8746 |            4.7677 |            0.8847
 34713 |    172 | 2020-03-12 08:59:39   |        13.124 |       18.2085 |        11.676 |             4.247 |             1.848 |             4.708 |             0.873
 34713 |    173 | 2020-03-12 08:59:48.5 |       13.1283 |       18.2089 |       12.0545 |             4.383 |            1.9108 |            4.8581 |            0.9026
 34713 |    174 | 2020-03-12 08:59:58.5 |       13.1336 |       18.2112 |       12.4073 |            4.5118 |            1.9694 |            4.9968 |            0.9293
 34713 |    175 | 2020-03-12 09:00:11.5 |       13.1517 |       18.2385 |       11.2771 |            4.0975 |            1.7896 |            4.5527 |            0.8372
 34713 |    176 | 2020-03-12 09:00:24   |       13.1291 |       18.2074 |        11.456 |            4.1676 |            1.8132 |            4.6201 |            0.8551
 34713 |    177 | 2020-03-12 09:00:34   |       13.1469 |       18.2102 |         11.96 |            4.3477 |            1.8975 |            4.8182 |            0.8966
 34713 |    178 | 2020-03-12 09:00:46   |       13.1288 |        18.211 |       11.8991 |            4.3289 |            1.8833 |            4.7976 |            0.8893
 34713 |    179 | 2020-03-12 09:01:00.5 |       13.1361 |       18.2105 |       12.6046 |            4.5812 |            2.0024 |            5.0748 |            0.9462
 34713 |    180 | 2020-03-12 09:01:12.5 |       13.1337 |       18.2112 |       10.8239 |            3.9368 |            1.7122 |            4.3718 |            0.8031
 34713 |    181 | 2020-03-12 09:01:22   |       13.1291 |        18.209 |       11.3634 |            4.1337 |            1.7982 |            4.5837 |            0.8478
 34713 |    182 | 2020-03-12 09:01:31   |       13.1305 |       18.2089 |       11.8479 |            4.3093 |            1.8772 |            4.7754 |             0.886
 34713 |    183 | 2020-03-12 09:01:40   |       13.0939 |       18.2144 |       11.9263 |            4.3441 |            1.8847 |            4.8101 |            0.8874
 34713 |    184 | 2020-03-12 09:01:49.5 |        13.128 |       18.2073 |       12.0874 |            4.3939 |            1.9163 |            4.8721 |            0.9051
 34713 |    185 | 2020-03-12 09:01:59.5 |       13.1299 |       18.2071 |       12.2362 |             4.448 |            1.9413 |            4.9304 |            0.9164
 34713 |    186 | 2020-03-12 09:02:12   |       13.1292 |       18.2092 |       10.8072 |            3.9301 |            1.7092 |            4.3661 |            0.8018
 34713 |    187 | 2020-03-12 09:02:24.5 |       13.1326 |       18.2065 |       11.2523 |            4.0921 |            1.7809 |            4.5393 |            0.8401
 34713 |    188 | 2020-03-12 09:02:34.5 |       13.1308 |       18.2115 |       11.8442 |            4.3086 |             1.876 |            4.7733 |            0.8864
 34713 |    189 | 2020-03-12 09:02:44   |       13.1289 |       18.2102 |       11.9703 |            4.3538 |             1.897 |            4.8247 |            0.8948
 34713 |    190 | 2020-03-12 09:02:54   |        13.127 |       18.2093 |       12.0415 |            4.3775 |            1.9086 |            4.8538 |            0.9016
 34713 |    191 | 2020-03-12 09:03:06.5 |        13.119 |       18.2094 |        11.284 |            4.1022 |            1.7854 |            4.5563 |            0.8401
 34713 |    192 | 2020-03-12 09:03:19   |        13.127 |        18.213 |        11.362 |            4.1373 |            1.7954 |            4.5854 |             0.844
 34713 |    193 | 2020-03-12 09:03:29   |        13.127 |       18.2085 |        11.541 |             4.198 |             1.826 |             4.655 |             0.862
 34713 |    194 | 2020-03-12 09:03:39   |       13.1308 |       18.2077 |       11.9961 |            4.3625 |            1.9009 |            4.8339 |            0.8988
 34713 |    195 | 2020-03-12 09:03:49   |        13.127 |       18.2155 |        12.118 |             4.416 |             1.913 |             4.888 |             0.901
 34713 |    196 | 2020-03-12 09:03:59   |       13.1407 |        18.207 |       12.1308 |            4.4072 |            1.9247 |            4.8885 |            0.9104
 34713 |    197 | 2020-03-12 09:04:12.5 |       13.1363 |       18.2088 |       10.8292 |            3.9372 |            1.7141 |            4.3732 |            0.8047
 34713 |    198 | 2020-03-12 09:04:29   |       13.1261 |       18.2082 |       11.4602 |            4.1693 |            1.8135 |            4.6223 |            0.8551
 34713 |    199 | 2020-03-12 09:04:42   |        13.131 |       18.2082 |        12.053 |             4.383 |              1.91 |             4.857 |             0.903
 34713 |    200 | 2020-03-12 09:04:51.5 |       13.1246 |       18.2113 |       12.0011 |            4.3701 |            1.8969 |            4.8397 |            0.8945
 34713 |    201 | 2020-03-12 09:05:01   |       13.1282 |       18.2091 |       12.1211 |            4.4067 |            1.9219 |             4.886 |            0.9065
 34713 |    202 | 2020-03-12 09:05:10   |        13.134 |       18.2125 |        10.712 |             3.896 |             1.695 |             4.328 |             0.793
 34713 |    203 | 2020-03-12 09:05:19   |       13.0566 |       18.1899 |       11.2484 |            4.1086 |            1.7661 |            4.5442 |            0.8295
 34713 |    204 | 2020-03-12 09:05:29.5 |       13.1292 |       18.2092 |       11.5349 |            4.1953 |            1.8265 |             4.652 |            0.8612
 34713 |    205 | 2020-03-12 09:05:39.5 |       13.1313 |        18.208 |       12.0909 |            4.3977 |            1.9167 |            4.8707 |            0.9058
 34713 |    206 | 2020-03-12 09:05:49   |       13.1069 |       18.2037 |       12.0515 |            4.3977 |            1.8991 |            4.8603 |            0.8944
 34713 |    207 | 2020-03-12 09:05:59   |       13.1293 |       18.2066 |       12.2436 |            4.4502 |            1.9418 |            4.9343 |            0.9173
 34713 |    208 | 2020-03-12 09:06:12   |       13.0892 |       18.2158 |       10.9586 |            3.9953 |            1.7256 |            4.4317 |            0.8061
 34713 |    209 | 2020-03-12 09:06:24.5 |       13.1257 |       18.2086 |       11.3387 |             4.125 |             1.793 |            4.5752 |            0.8455
 34713 |    210 | 2020-03-12 09:06:34.5 |       13.1371 |       18.2072 |       11.8878 |            4.3226 |            1.8844 |              4.79 |            0.8908
 34713 |    211 | 2020-03-12 09:06:44.5 |       13.1286 |        18.214 |       12.0827 |            4.3959 |            1.9156 |            4.8674 |            0.9037
 34713 |    212 | 2020-03-12 09:06:54   |       13.1268 |       18.2095 |       12.0319 |            4.3743 |            1.9069 |            4.8504 |            0.9003
 34713 |    213 | 2020-03-12 09:07:06.5 |       13.1151 |       18.2095 |       11.5532 |             4.202 |            1.8266 |            4.6639 |            0.8607
 34713 |    214 | 2020-03-12 09:07:19.5 |          13.1 |       18.2132 |       11.1016 |            4.0443 |            1.7511 |            4.4839 |            0.8224
 34713 |    215 | 2020-03-12 09:07:29   |       13.1276 |       18.2091 |       11.5749 |            4.2105 |            1.8315 |            4.6681 |            0.8647
 34713 |    216 | 2020-03-12 09:07:39   |       13.1343 |       18.2115 |       12.1324 |            4.4117 |            1.9253 |            4.8852 |            0.9102
 34713 |    217 | 2020-03-12 09:07:54   |        13.125 |       18.2085 |        11.963 |             4.349 |             1.896 |             4.823 |             0.895
 34713 |    218 | 2020-03-12 09:08:11.5 |       13.1447 |       18.2135 |       10.4543 |            3.8012 |            1.6535 |            4.2253 |            0.7743
 34713 |    219 | 2020-03-12 09:08:23   |       13.1379 |       18.2114 |       11.2063 |            4.0753 |            1.7737 |            4.5213 |            0.8359
 34713 |    220 | 2020-03-12 09:08:32   |       13.1297 |       18.2091 |       11.7503 |            4.2742 |            1.8609 |             4.737 |            0.8783
 34713 |    221 | 2020-03-12 09:08:41.5 |       13.0958 |       18.2187 |       12.1796 |            4.4395 |            1.9231 |            4.9114 |            0.9057
 34713 |    222 | 2020-03-12 09:08:51   |       13.1288 |       18.2107 |       11.9477 |            4.3429 |            1.8948 |            4.8152 |            0.8949
 34713 |    223 | 2020-03-12 09:09:00.5 |       13.1318 |       18.2076 |       12.2651 |            4.4579 |            1.9454 |            4.9423 |            0.9195
 34713 |    224 | 2020-03-12 09:09:10   |       13.1285 |       18.2177 |         10.41 |             3.799 |             1.634 |             4.215 |             0.762
 34713 |    225 | 2020-03-12 09:09:20   |       13.1244 |       18.2087 |       10.9951 |            4.0005 |            1.7373 |            4.4392 |            0.8181
 34713 |    226 | 2020-03-12 09:09:29.5 |       13.1296 |       18.2068 |       11.6437 |            4.2348 |            1.8443 |             4.695 |            0.8696
 34713 |    227 | 2020-03-12 09:09:39   |       13.1274 |       18.2135 |       12.0955 |            4.4037 |             1.916 |            4.8738 |             0.902
 34713 |    228 | 2020-03-12 09:09:49.5 |       13.1261 |       18.2082 |       11.9391 |            4.3412 |            1.8918 |            4.8126 |            0.8936
 34713 |    229 | 2020-03-12 09:09:59.5 |       13.1312 |       18.2075 |       12.2364 |            4.4473 |            1.9411 |            4.9307 |            0.9174
 34713 |    230 | 2020-03-12 09:10:12   |       13.0873 |       18.2051 |       10.5891 |            3.8583 |             1.667 |            4.2829 |            0.7808
 34713 |    231 | 2020-03-12 09:10:25   |       13.1267 |       18.2089 |       11.4001 |            4.1468 |            1.8036 |            4.5988 |            0.8509
 34713 |    232 | 2020-03-12 09:10:35   |        13.132 |       18.2093 |       11.9291 |            4.3394 |            1.8898 |             4.807 |             0.893
 34713 |    233 | 2020-03-12 09:10:44.5 |       13.1271 |       18.2104 |       11.8195 |            4.2985 |            1.8717 |            4.7648 |            0.8845
 34713 |    234 | 2020-03-12 09:10:54.5 |       13.1291 |       18.2086 |       12.1423 |            4.4141 |            1.9249 |            4.8939 |            0.9094
 34713 |    235 | 2020-03-12 09:11:08   |       13.1349 |       18.2117 |       11.1111 |            4.0377 |            1.7597 |            4.4866 |             0.827
 34713 |    236 | 2020-03-12 09:11:25.5 |        13.129 |       18.2089 |       11.4557 |            4.1668 |            1.8132 |              4.62 |            0.8556
 34713 |    237 | 2020-03-12 09:11:39.5 |       13.0861 |        18.193 |       11.9249 |            4.3544 |            1.8755 |            4.8117 |            0.8833
 34713 |    238 | 2020-03-12 09:11:49   |       13.1268 |       18.2092 |       11.9636 |            4.3496 |            1.8962 |            4.8218 |             0.896
 34713 |    239 | 2020-03-12 09:12:00   |       13.1324 |       18.2084 |        12.331 |            4.4826 |            1.9569 |            4.9673 |            0.9241
 34713 |    240 | 2020-03-12 09:12:10   |        13.109 |       18.2087 |        10.233 |             3.722 |             1.612 |             4.142 |             0.757
 34713 |    241 | 2020-03-12 09:12:19   |        13.125 |       18.2085 |       10.9878 |             3.997 |             1.737 |            4.4361 |            0.8177
 34713 |    242 | 2020-03-12 09:12:29   |       13.1293 |       18.2078 |       11.6016 |            4.2187 |            1.8366 |            4.6783 |             0.868
 34713 |    243 | 2020-03-12 09:12:38   |        13.133 |       18.2115 |        11.852 |             4.311 |             1.878 |             4.776 |             0.887
 34713 |    244 | 2020-03-12 09:12:47.5 |       13.1271 |       18.2122 |       11.9263 |            4.3357 |            1.8903 |            4.8077 |            0.8926
 34713 |    245 | 2020-03-12 09:12:59.5 |       13.1323 |        18.208 |       12.3049 |             4.473 |            1.9521 |            4.9574 |            0.9223
 34713 |    246 | 2020-03-12 09:13:12   |       13.1156 |        18.209 |       10.2624 |            3.7327 |            1.6177 |             4.153 |             0.759
 34713 |    247 | 2020-03-12 09:13:21.5 |       13.1286 |       18.2091 |       11.2449 |            4.0905 |            1.7785 |            4.5373 |            0.8386
 34713 |    248 | 2020-03-12 09:13:31   |       13.1326 |       18.2102 |       11.8439 |            4.3088 |            1.8768 |            4.7721 |            0.8861
 34713 |    249 | 2020-03-12 09:13:41   |       13.1278 |       18.2095 |       11.7468 |            4.2743 |            1.8594 |            4.7361 |            0.8771
 34713 |    250 | 2020-03-12 09:13:51   |       13.1289 |       18.2081 |       12.0839 |            4.3934 |            1.9155 |            4.8698 |            0.9052
 34713 |    251 | 2020-03-12 09:14:01   |       13.1342 |       18.2118 |       12.4111 |            4.5116 |            1.9702 |            4.9991 |            0.9302
 34713 |    252 | 2020-03-12 09:14:14   |        13.125 |        18.209 |        10.666 |             3.879 |             1.685 |              4.31 |             0.792
 34713 |    253 | 2020-03-12 09:14:26.5 |       13.1322 |       18.2096 |       11.6283 |            4.2304 |            1.8419 |            4.6872 |            0.8689
 34713 |    254 | 2020-03-12 09:14:36   |       13.1282 |       18.2132 |       11.6482 |            4.2404 |            1.8423 |             4.695 |            0.8705
 34713 |    255 | 2020-03-12 09:14:51   |       13.1305 |       18.2086 |       12.1101 |            4.4025 |            1.9198 |            4.8808 |             0.907
 34713 |    256 | 2020-03-12 09:15:06   |       13.1175 |       18.2082 |        11.728 |             4.264 |             1.856 |             4.732 |             0.876
 34713 |    257 | 2020-03-12 09:15:15   |        13.134 |       18.2107 |        10.973 |            3.9921 |            1.7349 |            4.4294 |            0.8165
 34713 |    258 | 2020-03-12 09:15:23   |       13.1286 |       18.2081 |       11.3057 |            4.1122 |            1.7887 |            4.5614 |            0.8433
 34713 |    259 | 2020-03-12 09:15:32   |       13.1352 |       18.2125 |       11.8444 |            4.3106 |            1.8765 |            4.7713 |             0.886
 34713 |    260 | 2020-03-12 09:15:42   |       13.1265 |       18.2082 |        11.809 |             4.295 |              1.87 |             4.761 |             0.883
 34713 |    261 | 2020-03-12 09:15:52   |       13.1288 |       18.2069 |       12.1834 |            4.4297 |            1.9319 |            4.9088 |            0.9131
 34713 |    262 | 2020-03-12 09:16:01   |        13.064 |       18.2006 |       12.2801 |            4.4773 |            1.9358 |            4.9532 |            0.9139
 34713 |    263 | 2020-03-12 09:16:13.5 |       13.1241 |       18.2088 |       10.6433 |            3.8711 |            1.6811 |            4.3013 |            0.7897
 34713 |    264 | 2020-03-12 09:16:27   |       13.1347 |       18.2121 |       11.7307 |            4.2677 |            1.8593 |            4.7266 |            0.8771
 34713 |    265 | 2020-03-12 09:16:36.5 |       13.1247 |       18.2093 |        11.647 |            4.2431 |            1.8388 |            4.6984 |            0.8667
 34713 |    266 | 2020-03-12 09:16:46   |       13.1295 |       18.2085 |        12.016 |             4.369 |             1.904 |             4.843 |               0.9
 34713 |    267 | 2020-03-12 09:16:56   |       13.1135 |       18.2035 |       12.3577 |             4.501 |            1.9549 |            4.9784 |            0.9234
 34713 |    268 | 2020-03-12 09:17:09   |       13.1104 |       18.2082 |       10.6335 |            3.8665 |            1.6777 |            4.3003 |             0.789
 34713 |    269 | 2020-03-12 09:17:21.5 |       13.1308 |       18.2086 |       11.3752 |            4.1382 |               1.8 |            4.5881 |            0.8489
 34713 |    270 | 2020-03-12 09:17:31   |       13.0589 |       18.1968 |        11.732 |            4.2843 |            1.8446 |            4.7347 |            0.8683
 34713 |    271 | 2020-03-12 09:17:41   |       13.1316 |       18.2078 |       11.8256 |            4.3007 |            1.8734 |            4.7663 |            0.8851
 34713 |    272 | 2020-03-12 09:17:51   |       13.1315 |       18.2085 |        12.223 |            4.4433 |            1.9391 |            4.9246 |             0.916
 34713 |    273 | 2020-03-12 09:18:03.5 |       13.1318 |       18.2099 |       12.3115 |            4.4749 |            1.9536 |              4.96 |             0.923
 34713 |    274 | 2020-03-12 09:18:21   |       13.1302 |       18.2066 |       11.2705 |            4.0986 |            1.7833 |            4.5476 |             0.841
 34713 |    275 | 2020-03-12 09:18:36   |          13.1 |       18.2025 |       11.6458 |            4.2455 |            1.8354 |            4.6993 |            0.8657
 34713 |    276 | 2020-03-12 09:18:46.5 |       13.1304 |       18.2062 |       12.0697 |            4.3881 |            1.9135 |            4.8638 |            0.9043
 34713 |    277 | 2020-03-12 09:18:56.5 |       13.1365 |       18.2098 |       12.2504 |            4.4527 |            1.9448 |            4.9341 |            0.9188
 34713 |    278 | 2020-03-12 09:19:05.5 |       13.1251 |       18.2103 |       12.2377 |            4.4503 |            1.9398 |             4.932 |            0.9156
 34713 |    279 | 2020-03-12 09:19:16.5 |       13.1311 |       18.2084 |       11.0425 |            4.0156 |            1.7473 |             4.458 |            0.8216
 34713 |    280 | 2020-03-12 09:19:28   |       13.1341 |        18.213 |       11.6993 |            4.2572 |            1.8534 |            4.7149 |            0.8738
 34713 |    281 | 2020-03-12 09:19:37.5 |       13.1255 |       18.2086 |       11.6702 |            4.2449 |            1.8469 |            4.7059 |            0.8726
 34713 |    282 | 2020-03-12 09:19:47   |       13.1313 |       18.2066 |       12.0915 |            4.3961 |            1.9176 |             4.872 |            0.9058
 34713 |    283 | 2020-03-12 09:19:57   |       13.1364 |       18.2137 |       12.2101 |            4.4406 |            1.9362 |            4.9189 |            0.9144
 34713 |    284 | 2020-03-12 09:20:10   |        13.109 |       18.2087 |        10.347 |             3.763 |             1.631 |             4.187 |             0.766
 34713 |    285 | 2020-03-12 09:20:23   |        13.134 |       18.2135 |       11.5103 |            4.1908 |            1.8203 |            4.6415 |            0.8577
 34713 |    286 | 2020-03-12 09:20:32.5 |       13.1112 |       18.2025 |       11.5026 |            4.1889 |            1.8158 |            4.6416 |            0.8563
 34713 |    287 | 2020-03-12 09:20:42.5 |       13.1294 |       18.2084 |       11.9477 |            4.3446 |            1.8937 |            4.8146 |            0.8948
 34713 |    288 | 2020-03-12 09:20:52   |       13.1343 |       18.2112 |       12.3276 |            4.4813 |             1.957 |            4.9639 |            0.9255
 34713 |    289 | 2020-03-12 09:21:04.5 |       13.1287 |       18.2079 |        12.297 |            4.4686 |            1.9516 |            4.9544 |            0.9224
 34713 |    290 | 2020-03-12 09:21:17.5 |       13.1317 |        18.208 |       11.1546 |            4.0564 |            1.7651 |            4.5021 |            0.8309
 34713 |    291 | 2020-03-12 09:21:28   |       13.1243 |       18.1944 |       11.5094 |             4.198 |            1.8139 |            4.6429 |            0.8546
 34713 |    292 | 2020-03-12 09:21:38   |        13.128 |       18.2092 |        11.779 |             4.284 |             1.865 |             4.749 |             0.881
 34713 |    293 | 2020-03-12 09:21:53.5 |       13.0635 |       18.2003 |       12.1953 |            4.4458 |            1.9217 |            4.9201 |            0.9077
 34713 |    294 | 2020-03-12 09:22:08   |       13.1139 |       18.2082 |       11.3155 |            4.1132 |            1.7892 |              4.57 |             0.843
 34713 |    295 | 2020-03-12 09:22:17.5 |       13.1314 |       18.2068 |       11.1343 |            4.0487 |            1.7617 |            4.4942 |            0.8298
 34713 |    296 | 2020-03-12 09:22:28   |       13.1278 |       18.2096 |       11.3717 |            4.1369 |            1.7989 |             4.587 |            0.8489
 34713 |    297 | 2020-03-12 09:22:37.5 |       13.1283 |       18.2084 |       11.7718 |            4.2816 |            1.8641 |            4.7448 |            0.8812
 34713 |    298 | 2020-03-12 09:22:47   |       13.1354 |       18.2108 |       12.1807 |            4.4287 |             1.933 |            4.9057 |            0.9132
 34713 |    299 | 2020-03-12 09:22:56.5 |       13.1109 |       18.2031 |        12.045 |            4.3856 |            1.9032 |            4.8578 |            0.8983
 34713 |    300 | 2020-03-12 09:23:08.5 |        13.114 |       18.2087 |       11.0697 |            4.0246 |            1.7491 |            4.4729 |            0.8232
 34713 |    301 | 2020-03-12 09:23:21.5 |       13.1327 |       18.2104 |       11.4466 |            4.1641 |            1.8125 |            4.6157 |            0.8543
 34713 |    302 | 2020-03-12 09:23:31   |       13.1235 |       18.2081 |       11.4086 |            4.1504 |             1.804 |            4.6028 |            0.8514
 34713 |    303 | 2020-03-12 09:23:40.5 |       13.1303 |       18.2078 |       11.9322 |            4.3388 |            1.8905 |            4.8094 |            0.8936
 34713 |    304 | 2020-03-12 09:23:51.5 |       13.1343 |       18.2122 |       12.2637 |            4.4603 |            1.9449 |            4.9394 |             0.919
 34713 |    305 | 2020-03-12 09:24:01.5 |       13.1236 |       18.2088 |       11.9679 |            4.3509 |            1.8962 |            4.8261 |            0.8948
 34713 |    306 | 2020-03-12 09:24:13   |       13.1242 |       18.2073 |       10.7047 |            3.8929 |            1.6912 |             4.327 |            0.7935
 34713 |    307 | 2020-03-12 09:24:25   |        13.123 |       18.2072 |       11.4699 |            4.1775 |            1.8129 |            4.6256 |            0.8539
 34713 |    308 | 2020-03-12 09:24:35   |        13.128 |       18.2087 |       11.6789 |            4.2487 |            1.8486 |            4.7088 |            0.8728
 34713 |    309 | 2020-03-12 09:24:45   |       13.1318 |       18.2087 |       12.1028 |            4.4016 |            1.9186 |            4.8756 |             0.907
 34713 |    310 | 2020-03-12 09:24:54.5 |       13.1319 |       18.2108 |       12.0935 |            4.3977 |            1.9174 |             4.873 |            0.9054
 34713 |    311 | 2020-03-12 09:25:07.5 |       13.1173 |       18.2083 |       11.4998 |              4.18 |            1.8199 |            4.6418 |             0.858
 34713 |    312 | 2020-03-12 09:25:25   |       13.1298 |       18.2161 |       11.4063 |            4.1631 |            1.7947 |            4.6044 |            0.8441
 34713 |    313 | 2020-03-12 09:25:38   |        13.129 |        18.209 |        11.806 |             4.294 |              1.87 |             4.759 |             0.883
 34713 |    314 | 2020-03-12 09:25:47   |       13.1363 |       18.2128 |        12.215 |            4.4454 |            1.9349 |            4.9211 |            0.9136
 34713 |    315 | 2020-03-12 09:25:57   |       13.1109 |       18.2109 |       12.0263 |            4.3742 |            1.9047 |            4.8487 |            0.8988
 34713 |    316 | 2020-03-12 09:26:06.5 |        13.127 |       18.2096 |       12.0825 |            4.3912 |            1.9158 |            4.8713 |            0.9042
 34713 |    317 | 2020-03-12 09:26:15.5 |       13.1342 |       18.2143 |       11.1471 |            4.0533 |            1.7652 |             4.499 |            0.8297
 34713 |    318 | 2020-03-12 09:26:25   |       13.0925 |       18.2056 |       11.4066 |            4.1659 |            1.7942 |            4.6039 |            0.8427
 34713 |    319 | 2020-03-12 09:26:35   |       13.1266 |       18.2099 |        11.689 |            4.2519 |            1.8503 |            4.7128 |             0.874
 34713 |    320 | 2020-03-12 09:26:45   |       13.1398 |       18.2144 |       12.1917 |            4.4335 |            1.9345 |            4.9094 |            0.9142
 34713 |    321 | 2020-03-12 09:26:55   |       13.1309 |       18.2203 |       12.1437 |            4.4215 |            1.9208 |            4.8974 |            0.9039
 34713 |    322 | 2020-03-12 09:27:07.5 |       13.1208 |       18.2082 |       11.6287 |            4.2274 |            1.8409 |            4.6925 |             0.868
 34713 |    323 | 2020-03-12 09:27:20   |       13.1345 |        18.213 |       11.3048 |            4.1129 |            1.7896 |            4.5596 |            0.8427
 34713 |    324 | 2020-03-12 09:27:30   |       13.1255 |       18.2087 |        11.432 |             4.159 |             1.809 |             4.611 |             0.853
 34713 |    325 | 2020-03-12 09:27:40   |       13.1282 |       18.2087 |       11.9339 |            4.3402 |            1.8906 |              4.81 |            0.8931
 34713 |    326 | 2020-03-12 09:27:50   |        13.064 |       18.2005 |        12.115 |              4.42 |             1.907 |             4.888 |               0.9
 34713 |    327 | 2020-03-12 09:28:01   |       13.1246 |       18.2105 |       12.0323 |            4.3738 |            1.9073 |            4.8511 |            0.9001
 34713 |    328 | 2020-03-12 09:28:13.5 |       13.1284 |       18.2071 |       10.8049 |            3.9282 |            1.7086 |            4.3659 |            0.8022
 34713 |    329 | 2020-03-12 09:28:25   |       13.1264 |       18.2094 |       11.2163 |              4.08 |             1.774 |            4.5262 |            0.8361
 34713 |    330 | 2020-03-12 09:28:35   |       13.1289 |       18.2075 |       11.7393 |            4.2698 |             1.859 |            4.7328 |            0.8777
 34713 |    331 | 2020-03-12 09:28:47.5 |       13.1335 |       18.2123 |       12.2287 |             4.448 |            1.9403 |            4.9247 |            0.9157
 34713 |    332 | 2020-03-12 09:29:02.5 |       13.1281 |        18.209 |       12.1784 |            4.4266 |            1.9314 |             4.908 |            0.9124
 34713 |    333 | 2020-03-12 09:29:14.5 |       13.1292 |       18.2091 |       11.0668 |            4.0263 |            1.7509 |            4.4675 |            0.8221
 34713 |    334 | 2020-03-12 09:29:24   |       13.1001 |       18.2146 |       11.2533 |            4.0966 |            1.7784 |            4.5423 |             0.836
 34713 |    335 | 2020-03-12 09:29:34   |        13.129 |       18.2087 |        11.716 |             4.261 |             1.856 |             4.723 |             0.876
 34713 |    336 | 2020-03-12 09:29:43.5 |       13.1328 |       18.2106 |       12.1496 |             4.418 |            1.9264 |            4.8943 |            0.9108
 34713 |    337 | 2020-03-12 09:29:52.5 |       13.1299 |       18.2101 |       11.9689 |            4.3525 |            1.8974 |            4.8247 |            0.8944
 34713 |    338 | 2020-03-12 09:30:02   |       13.1265 |       18.2077 |        12.082 |             4.391 |             1.916 |             4.871 |             0.904
 34713 |    339 | 2020-03-12 09:30:13.5 |       13.1292 |       18.2095 |        10.857 |            3.9479 |            1.7172 |            4.3854 |            0.8064
 34713 |    340 | 2020-03-12 09:30:25   |       13.1252 |         18.21 |       11.2434 |            4.0914 |            1.7779 |            4.5372 |            0.8368
 34713 |    341 | 2020-03-12 09:30:35   |       13.1295 |       18.2081 |       11.7753 |            4.2825 |            1.8647 |             4.747 |            0.8811
 34713 |    342 | 2020-03-12 09:30:45   |       13.1322 |       18.1977 |       12.1702 |            4.4369 |            1.9209 |            4.9069 |            0.9054
 34713 |    343 | 2020-03-12 09:30:55   |       13.1311 |       18.2076 |       11.9577 |            4.3468 |            1.8946 |            4.8208 |            0.8955
 34713 |    344 | 2020-03-12 09:31:08   |       13.1181 |       18.2079 |        11.423 |            4.1521 |            1.8079 |            4.6111 |            0.8519
 34713 |    345 | 2020-03-12 09:31:20.5 |       13.1161 |       18.2015 |       11.1953 |            4.0836 |            1.7623 |            4.5213 |            0.8282
 34713 |    346 | 2020-03-12 09:31:30.5 |       13.1284 |       18.2082 |        11.549 |            4.2015 |            1.8278 |            4.6574 |            0.8623
 34713 |    347 | 2020-03-12 09:31:40   |       13.1323 |       18.2093 |       12.0231 |            4.3723 |            1.9061 |            4.8442 |            0.9006
 34713 |    348 | 2020-03-12 09:31:50.5 |       13.1224 |        18.202 |       11.9408 |            4.3557 |            1.8801 |            4.8188 |            0.8862
 34713 |    349 | 2020-03-12 09:32:01   |       13.1274 |       18.2087 |       12.0874 |            4.3939 |            1.9162 |             4.872 |            0.9053
 34713 |    350 | 2020-03-12 09:32:14   |       13.1345 |       18.2122 |        11.036 |             4.015 |             1.747 |             4.454 |              0.82
 34713 |    351 | 2020-03-12 09:32:29.5 |       13.1276 |       18.2083 |       11.4855 |            4.1776 |            1.8184 |            4.6317 |            0.8578
 34713 |    352 | 2020-03-12 09:32:42   |        13.134 |       18.2122 |        12.145 |             4.418 |             1.926 |             4.891 |              0.91
 34713 |    353 | 2020-03-12 09:32:51   |        13.091 |       18.1992 |       11.9483 |            4.3578 |            1.8819 |            4.8215 |            0.8871
 34713 |    354 | 2020-03-12 09:33:03   |       13.1314 |       18.2085 |       12.3804 |            4.4994 |            1.9653 |            4.9873 |            0.9283
 34713 |    355 | 2020-03-12 09:33:15.5 |       13.1072 |       18.2091 |       11.1231 |            4.0565 |            1.7514 |             4.495 |            0.8202
 34713 |    356 | 2020-03-12 09:33:25.5 |       13.1252 |       18.2091 |       11.2513 |            4.0935 |            1.7791 |            4.5396 |            0.8391
 34713 |    357 | 2020-03-12 09:33:35   |       13.1301 |       18.2074 |       11.8217 |            4.2996 |            1.8727 |            4.7652 |            0.8843
 34713 |    358 | 2020-03-12 09:33:44.5 |       13.1424 |       18.2123 |       12.2824 |            4.4692 |            1.9486 |            4.9465 |            0.9181
 34713 |    359 | 2020-03-12 09:33:54   |       13.1265 |       18.2087 |        11.999 |             4.362 |             1.902 |             4.837 |             0.898
 34713 |    360 | 2020-03-12 09:34:04   |       13.1342 |         18.21 |       12.5061 |            4.5456 |             1.986 |            5.0358 |            0.9387
 34713 |    361 | 2020-03-12 09:34:15   |       13.1306 |       18.2125 |       11.1214 |            4.0484 |            1.7581 |            4.4896 |            0.8252
 34713 |    362 | 2020-03-12 09:34:25.5 |       13.1272 |       18.2088 |       11.2974 |            4.1092 |            1.7868 |            4.5583 |             0.843
 34713 |    363 | 2020-03-12 09:34:35   |       13.1316 |       18.2087 |       11.8681 |            4.3162 |            1.8803 |            4.7835 |            0.8882
 34713 |    364 | 2020-03-12 09:34:45.5 |       13.1282 |       18.2171 |       12.0461 |            4.3897 |            1.9029 |            4.8584 |             0.895
 34713 |    365 | 2020-03-12 09:34:55   |       13.1278 |       18.2088 |       12.0775 |            4.3919 |            1.9143 |            4.8675 |            0.9038
 34713 |    366 | 2020-03-12 09:35:08   |       13.1143 |       18.2086 |       11.3876 |            4.1405 |            1.8005 |             4.598 |            0.8486
 34713 |    367 | 2020-03-12 09:35:21   |       13.1077 |       18.2099 |       10.9831 |            3.9989 |            1.7323 |            4.4365 |            0.8154
 34713 |    368 | 2020-03-12 09:35:31   |       13.1286 |       18.2085 |       11.6461 |            4.2359 |            1.8442 |            4.6954 |            0.8706
 34713 |    369 | 2020-03-12 09:35:40.5 |        13.055 |       18.2011 |       11.9983 |            4.3704 |            1.8967 |            4.8358 |            0.8954
 34713 |    370 | 2020-03-12 09:35:55   |       13.1274 |       18.2081 |        12.084 |             4.394 |            1.9153 |            4.8699 |            0.9048
 34713 |    371 | 2020-03-12 09:36:09   |       13.1114 |       18.2088 |       11.0904 |            4.0327 |            1.7518 |            4.4812 |            0.8247
 34713 |    372 | 2020-03-12 09:36:18   |       13.1255 |        18.213 |        11.079 |             4.035 |             1.751 |             4.473 |              0.82
 34713 |    373 | 2020-03-12 09:36:28   |       13.1288 |       18.2076 |       11.5072 |            4.1856 |            1.8216 |            4.6409 |            0.8592
 34713 |    374 | 2020-03-12 09:36:37   |       13.1336 |       18.2113 |       12.0295 |            4.3769 |            1.9068 |            4.8457 |               0.9
 34713 |    375 | 2020-03-12 09:36:46   |       13.1235 |        18.212 |        11.785 |             4.295 |             1.859 |             4.753 |             0.878
 34713 |    376 | 2020-03-12 09:36:55   |       13.1282 |       18.2084 |        12.093 |             4.397 |            1.9172 |            4.8738 |             0.905
 34713 |    377 | 2020-03-12 09:37:08   |       13.1194 |         18.21 |       11.5767 |            4.2078 |            1.8331 |            4.6716 |            0.8642
 34713 |    378 | 2020-03-12 09:37:21   |       13.1253 |       18.2081 |       11.0248 |            4.0098 |             1.743 |            4.4507 |            0.8213
 34713 |    379 | 2020-03-12 09:37:31   |       13.1306 |        18.207 |       11.6994 |            4.2554 |            1.8533 |            4.7157 |             0.875
 34713 |    380 | 2020-03-12 09:37:41   |       13.1349 |       18.2121 |       11.9582 |            4.3512 |            1.8953 |            4.8174 |            0.8943
 34713 |    381 | 2020-03-12 09:37:51   |       13.1272 |       18.2088 |       11.9796 |             4.356 |            1.8988 |            4.8285 |            0.8962
 34713 |    382 | 2020-03-12 09:38:03   |       13.1324 |       18.2069 |       12.3901 |            4.5032 |            1.9667 |            4.9915 |            0.9287
 34713 |    383 | 2020-03-12 09:38:15.5 |       13.1391 |       18.2118 |       10.8593 |            3.9519 |            1.7176 |            4.3864 |            0.8033
 34713 |    384 | 2020-03-12 09:38:26   |       13.1285 |        18.208 |        11.406 |             4.149 |             1.805 |             4.601 |             0.851
 34713 |    385 | 2020-03-12 09:38:36   |       13.1374 |       18.2108 |       12.0036 |            4.3684 |            1.9022 |            4.8366 |            0.8965
 34713 |    386 | 2020-03-12 09:38:46   |        13.124 |        18.209 |        11.771 |             4.281 |             1.864 |             4.746 |              0.88
 34713 |    387 | 2020-03-12 09:38:56   |       13.1299 |       18.2073 |       12.1859 |            4.4303 |            1.9323 |            4.9106 |            0.9128
 34713 |    388 | 2020-03-12 09:39:08.5 |       13.1148 |       18.2093 |       11.3695 |             4.134 |            1.7975 |            4.5908 |            0.8472
 34713 |    389 | 2020-03-12 09:39:25.5 |       13.1293 |       18.2089 |       11.3994 |            4.1461 |            1.8038 |            4.5982 |            0.8513
 34713 |    390 | 2020-03-12 09:39:40   |       13.1339 |       18.2128 |        12.038 |            4.3801 |            1.9086 |            4.8485 |            0.9007
 34713 |    391 | 2020-03-12 09:39:49.5 |       13.1265 |       18.2082 |       11.9484 |            4.3451 |            1.8929 |            4.8164 |             0.894
 34713 |    392 | 2020-03-12 09:39:59.5 |       13.1298 |       18.2081 |       12.2143 |            4.4407 |            1.9371 |            4.9212 |            0.9152
 34713 |    393 | 2020-03-12 09:40:09   |       13.1128 |       18.2068 |       11.0887 |            4.0307 |            1.7528 |            4.4796 |            0.8256
 34713 |    394 | 2020-03-12 09:40:18   |       13.1255 |       18.2082 |        10.864 |             3.952 |             1.717 |             4.388 |             0.807
 34713 |    395 | 2020-03-12 09:40:27.5 |        13.129 |       18.2075 |       11.5509 |            4.2011 |            1.8284 |            4.6582 |            0.8632
 34713 |    396 | 2020-03-12 09:40:36.5 |       13.0884 |       18.1947 |        11.963 |            4.3605 |            1.8885 |            4.8229 |            0.8911
 34713 |    397 | 2020-03-12 09:40:46.5 |       13.1254 |       18.2068 |       11.8227 |            4.2982 |            1.8732 |            4.7661 |            0.8853
 34713 |    398 | 2020-03-12 09:40:56.5 |       13.1302 |       18.2077 |       12.2343 |            4.4476 |              1.94 |            4.9298 |            0.9169
 34713 |    399 | 2020-03-12 09:41:08.5 |       13.1032 |       18.2064 |        11.312 |            4.1188 |            1.7824 |            4.5706 |            0.8402
 34713 |    400 | 2020-03-12 09:41:21.5 |       13.1276 |       18.2091 |       11.1483 |            4.0554 |            1.7628 |            4.4992 |            0.8309
 34713 |    401 | 2020-03-12 09:41:31.5 |       13.1327 |       18.2103 |       11.8033 |            4.2944 |             1.869 |            4.7573 |            0.8827
 34713 |    402 | 2020-03-12 09:41:41   |       13.1256 |       18.2095 |       11.6866 |            4.2508 |            1.8493 |            4.7125 |             0.874
 34713 |    403 | 2020-03-12 09:41:51   |        13.128 |       18.2084 |       12.0296 |            4.3732 |             1.907 |            4.8481 |            0.9013
 34713 |    404 | 2020-03-12 09:42:01   |       13.1319 |       18.2129 |       12.3517 |            4.4898 |            1.9599 |            4.9757 |            0.9262
 34713 |    405 | 2020-03-12 09:42:13.5 |       13.1253 |       18.2099 |       10.5157 |            3.8241 |            1.6609 |             4.252 |            0.7787
 34713 |    406 | 2020-03-12 09:42:26   |        13.131 |       18.2075 |        11.494 |             4.181 |             1.819 |             4.636 |             0.858
 34713 |    407 | 2020-03-12 09:42:36   |       13.1063 |       18.2027 |       11.8536 |             4.321 |            1.8712 |            4.7801 |            0.8813
 34713 |    408 | 2020-03-12 09:42:50.5 |       13.1292 |       18.2083 |       12.0577 |            4.3844 |            1.9109 |             4.859 |            0.9034
 34713 |    409 | 2020-03-12 09:43:08   |       13.1184 |       18.2104 |       11.5618 |            4.2043 |              1.83 |            4.6655 |             0.862
 34713 |    410 | 2020-03-12 09:43:21   |       13.1284 |       18.2083 |       11.1702 |            4.0631 |            1.7664 |            4.5079 |            0.8328
 34713 |    411 | 2020-03-12 09:43:30.5 |       13.1328 |       18.2081 |       11.6967 |            4.2537 |            1.8532 |            4.7147 |            0.8752
 34713 |    412 | 2020-03-12 09:43:40.5 |       13.1164 |       18.2111 |       11.7688 |            4.2844 |            1.8596 |            4.7473 |            0.8775
 34713 |    413 | 2020-03-12 09:43:49   |       13.1288 |       18.2095 |         12.04 |            4.3781 |            1.9083 |            4.8525 |            0.9011
 34713 |    414 | 2020-03-12 09:43:58.5 |       13.1329 |        18.211 |       12.3565 |            4.4922 |            1.9605 |            4.9775 |            0.9263
 34713 |    415 | 2020-03-12 09:44:07.5 |        13.123 |       18.2102 |       11.7801 |            4.2835 |             1.866 |            4.7508 |            0.8798
 34713 |    416 | 2020-03-12 09:44:16.5 |       13.1301 |       18.2081 |       10.8222 |            3.9354 |            1.7108 |            4.3716 |            0.8044
 34713 |    417 | 2020-03-12 09:44:27   |       13.1365 |       18.2092 |       11.6206 |            4.2264 |             1.841 |             4.684 |            0.8691
 34713 |    418 | 2020-03-12 09:44:36.5 |       13.1006 |       18.1862 |       11.6321 |            4.2371 |            1.8362 |            4.6928 |            0.8659
 34713 |    419 | 2020-03-12 09:44:47   |        13.129 |       18.2065 |       11.9822 |            4.3571 |            1.8991 |            4.8292 |            0.8968
 34713 |    420 | 2020-03-12 09:44:59   |       13.1335 |       18.2111 |       12.3793 |            4.5014 |            1.9643 |            4.9863 |            0.9273
 34713 |    421 | 2020-03-12 09:45:14   |        13.128 |       18.2085 |        10.579 |             3.847 |             1.672 |             4.276 |             0.784
 34713 |    422 | 2020-03-12 09:45:29.5 |        13.134 |       18.2112 |       11.7789 |            4.2854 |             1.867 |            4.7451 |            0.8814
 34713 |    423 | 2020-03-12 09:45:42.5 |       13.1263 |       18.2079 |       11.7905 |            4.2886 |             1.867 |            4.7536 |            0.8813
 34713 |    424 | 2020-03-12 09:45:55.5 |       13.1343 |       18.2102 |       12.3279 |            4.4828 |            1.9562 |             4.965 |             0.924
 34713 |    425 | 2020-03-12 09:46:11   |       13.1123 |       18.2073 |       10.7199 |            3.8977 |            1.6921 |            4.3341 |            0.7959
 34713 |    426 | 2020-03-12 09:46:27.5 |       13.1151 |       18.2006 |       11.6188 |            4.2322 |            1.8358 |            4.6854 |            0.8654
 34713 |    427 | 2020-03-12 09:46:40   |       13.1245 |       18.2069 |        11.689 |            4.2514 |            1.8499 |            4.7136 |            0.8741
 34713 |    428 | 2020-03-12 09:46:49.5 |       13.1304 |       18.2077 |        12.127 |            4.4097 |            1.9233 |            4.8859 |            0.9082
 34713 |    429 | 2020-03-12 09:46:59   |       13.1216 |       18.2225 |       12.3495 |            4.5033 |              1.95 |            4.9784 |            0.9178
 34713 |    430 | 2020-03-12 09:47:08   |       13.1133 |       18.2083 |       11.5006 |            4.1811 |            1.8187 |            4.6425 |            0.8583
 34713 |    431 | 2020-03-12 09:47:18.5 |       13.1288 |       18.2074 |        11.067 |            4.0249 |            1.7504 |            4.4672 |            0.8243
 34713 |    432 | 2020-03-12 09:47:29   |       13.1011 |        18.221 |       11.7669 |            4.2924 |            1.8558 |            4.7454 |            0.8732
 34713 |    433 | 2020-03-12 09:47:38.5 |       13.1295 |       18.2093 |       11.6533 |            4.2371 |            1.8459 |            4.6984 |             0.872
 34713 |    434 | 2020-03-12 09:47:48.5 |       13.1297 |       18.2072 |       12.0602 |            4.3856 |            1.9115 |            4.8597 |            0.9034
 34713 |    435 | 2020-03-12 09:47:58.5 |       13.1174 |       18.2233 |       12.3464 |             4.503 |             1.948 |            4.9769 |            0.9185
 34713 |    436 | 2020-03-12 09:48:11.5 |       13.1152 |       18.2069 |       10.6771 |            3.8825 |            1.6857 |            4.3171 |            0.7918
 34713 |    437 | 2020-03-12 09:48:24   |        13.134 |       18.2096 |       11.5194 |            4.1908 |            1.8243 |            4.6439 |            0.8604
 34713 |    438 | 2020-03-12 09:48:34   |        13.124 |       18.2077 |        11.453 |             4.167 |             1.812 |             4.619 |             0.855
 34713 |    439 | 2020-03-12 09:48:44.5 |        13.129 |       18.2076 |       11.9421 |            4.3425 |            1.8925 |            4.8131 |            0.8939
 34713 |    440 | 2020-03-12 09:48:54   |       13.1335 |        18.211 |         12.34 |             4.488 |             1.958 |             4.969 |             0.925
 34713 |    441 | 2020-03-12 09:49:06   |        13.126 |        18.208 |        12.098 |             4.398 |             1.918 |             4.876 |             0.906
 34713 |    442 | 2020-03-12 09:49:18.5 |       13.1316 |       18.2065 |       11.1127 |            4.0416 |            1.7581 |            4.4857 |            0.8273
 34713 |    443 | 2020-03-12 09:49:29   |       13.1235 |       18.2129 |       11.6324 |            4.2353 |            1.8412 |            4.6891 |            0.8667
 34713 |    444 | 2020-03-12 09:49:39   |       13.1276 |       18.2078 |       11.7406 |            4.2696 |            1.8596 |            4.7333 |            0.8781
 34713 |    445 | 2020-03-12 09:49:54.5 |       13.0785 |       18.1939 |       12.2658 |            4.4737 |            1.9349 |            4.9458 |            0.9114
 34713 |    446 | 2020-03-12 09:50:09   |        13.115 |       18.2091 |       11.3646 |            4.1325 |            1.7968 |            4.5885 |            0.8468
 34713 |    447 | 2020-03-12 09:50:18   |       13.1315 |       18.2075 |        11.094 |             4.035 |             1.755 |             4.478 |             0.826
 34713 |    448 | 2020-03-12 09:50:27   |       13.1367 |       18.2126 |        11.695 |            4.2566 |            1.8527 |            4.7133 |            0.8725
 34713 |    449 | 2020-03-12 09:50:36   |       13.1238 |       18.2076 |       11.5952 |            4.2177 |            1.8349 |            4.6756 |             0.867
 34713 |    450 | 2020-03-12 09:50:45.5 |       13.1309 |       18.2074 |       12.0618 |            4.3859 |            1.9119 |              4.86 |             0.904
 34713 |    451 | 2020-03-12 09:50:54.5 |       13.1055 |       18.2074 |       12.2769 |              4.48 |            1.9354 |            4.9501 |            0.9114
 34713 |    452 | 2020-03-12 09:51:06   |        13.127 |       18.2077 |        12.143 |             4.414 |             1.926 |             4.894 |             0.909
 34713 |    453 | 2020-03-12 09:51:19   |       13.1306 |       18.2115 |       11.2002 |            4.0734 |            1.7728 |            4.5196 |            0.8344
 34713 |    454 | 2020-03-12 09:51:29.5 |       13.1034 |       18.1908 |       11.3484 |            4.1394 |             1.786 |            4.5806 |            0.8425
 34713 |    455 | 2020-03-12 09:51:39   |       13.1271 |        18.208 |       11.7675 |            4.2803 |            1.8632 |            4.7438 |            0.8801
 34713 |    456 | 2020-03-12 09:51:49   |       13.1308 |       18.2081 |       12.2161 |            4.4432 |            1.9368 |            4.9206 |            0.9155
 34713 |    457 | 2020-03-12 09:51:59   |       13.0668 |       18.1997 |       11.9562 |            4.3593 |             1.882 |            4.8268 |            0.8881
 34713 |    458 | 2020-03-12 09:52:12   |       13.1192 |       18.2079 |       10.7298 |            3.9018 |            1.6945 |            4.3373 |            0.7962
 34713 |    459 | 2020-03-12 09:52:25   |       13.1368 |       18.2124 |       11.4369 |            4.1625 |            1.8105 |            4.6114 |            0.8525
 34713 |    460 | 2020-03-12 09:52:35   |       13.1263 |       18.2091 |        11.588 |            4.2153 |            1.8339 |            4.6725 |            0.8662
 34713 |    461 | 2020-03-12 09:52:44.5 |       13.1302 |       18.2082 |       12.0549 |            4.3831 |            1.9109 |            4.8567 |            0.9041
 34713 |    462 | 2020-03-12 09:52:54   |       13.1335 |       18.2125 |        12.114 |             4.405 |             1.921 |             4.881 |             0.907
 34713 |    463 | 2020-03-12 09:53:06.5 |       13.1262 |       18.2084 |        12.103 |            4.3992 |            1.9191 |            4.8785 |            0.9063
 34713 |    464 | 2020-03-12 09:53:23.5 |       13.1332 |       18.2169 |       11.4744 |            4.1823 |            1.8107 |            4.6312 |            0.8502
 34713 |    465 | 2020-03-12 09:53:38   |       13.1285 |       18.2082 |        11.749 |             4.273 |             1.861 |             4.736 |             0.879
 34713 |    466 | 2020-03-12 09:53:48   |       13.1281 |       18.2129 |       12.2336 |            4.4522 |            1.9378 |            4.9292 |            0.9144
 34713 |    467 | 2020-03-12 09:53:57   |       13.1276 |       18.2096 |       11.9939 |             4.361 |            1.9013 |            4.8341 |            0.8975
 34713 |    468 | 2020-03-12 09:54:06   |        13.128 |       18.2085 |        12.197 |             4.433 |             1.934 |             4.916 |             0.914
 34713 |    469 | 2020-03-12 09:54:15.5 |        13.145 |       18.2104 |       10.9093 |            3.9674 |             1.727 |            4.4046 |            0.8103
 34713 |    470 | 2020-03-12 09:54:25   |       13.1023 |       18.2181 |       11.2869 |            4.1227 |            1.7719 |            4.5588 |            0.8335
 34713 |    471 | 2020-03-12 09:54:34.5 |       13.1277 |       18.2093 |       11.6162 |            4.2262 |            1.8382 |            4.6842 |            0.8675
 34713 |    472 | 2020-03-12 09:54:45   |       13.1322 |       18.2154 |       12.1194 |            4.4075 |            1.9214 |            4.8822 |            0.9083
 34713 |    473 | 2020-03-12 09:54:54.5 |        13.125 |       18.2224 |       11.9982 |             4.376 |            1.8901 |            4.8404 |            0.8916
 34713 |    474 | 2020-03-12 09:55:06.5 |       13.1281 |       18.2093 |       12.0594 |            4.3822 |            1.9127 |            4.8609 |            0.9035
 34713 |    475 | 2020-03-12 09:55:19.5 |       13.1224 |       18.2104 |       11.2552 |            4.0993 |            1.7765 |             4.543 |            0.8364
 34713 |    476 | 2020-03-12 09:55:30   |       13.1265 |       18.2085 |        11.402 |             4.148 |             1.804 |             4.599 |             0.851
 34713 |    477 | 2020-03-12 09:55:39.5 |       13.1322 |       18.2071 |       11.9259 |             4.337 |            1.8905 |            4.8056 |            0.8928
 34713 |    478 | 2020-03-12 09:55:49.5 |       13.1397 |       18.2115 |         12.08 |            4.3934 |            1.9164 |            4.8656 |            0.9046
 34713 |    479 | 2020-03-12 09:56:00   |       13.1349 |       18.2072 |       11.9847 |            4.3556 |            1.9003 |            4.8307 |            0.8981
 34713 |    480 | 2020-03-12 09:56:12.5 |        13.068 |         18.21 |       10.6218 |            3.8713 |            1.6685 |            4.2989 |            0.7832
 34713 |    481 | 2020-03-12 09:56:25   |       13.1251 |       18.2092 |       11.1643 |            4.0621 |            1.7654 |            4.5051 |            0.8316
 34713 |    482 | 2020-03-12 09:56:35   |       13.1295 |       18.2084 |       11.7145 |            4.2608 |            1.8548 |            4.7226 |            0.8763
 34713 |    483 | 2020-03-12 09:56:47   |       13.1342 |        18.213 |       12.2057 |            4.4404 |            1.9356 |            4.9161 |            0.9136
 34713 |    484 | 2020-03-12 09:57:01   |       13.1271 |       18.2088 |       12.0922 |            4.3958 |            1.9167 |             4.874 |            0.9058
 34713 |    485 | 2020-03-12 09:57:12.5 |       13.1213 |       18.2098 |       10.6344 |            3.8682 |            1.6787 |            4.2996 |             0.788
 34713 |    486 | 2020-03-12 09:57:21.5 |        13.095 |        18.201 |       11.0491 |            4.0335 |            1.7341 |            4.4665 |             0.815
 34713 |    487 | 2020-03-12 09:57:31   |       13.1268 |       18.2079 |       11.5165 |              4.19 |            1.8224 |             4.644 |            0.8601
 34713 |    488 | 2020-03-12 09:57:41.5 |       13.1325 |       18.2105 |       12.0727 |             4.392 |            1.9141 |            4.8629 |            0.9036
 34713 |    489 | 2020-03-12 09:57:53.5 |        13.122 |       18.2073 |       11.8985 |            4.3289 |            1.8831 |            4.7975 |             0.889
 34713 |    490 | 2020-03-12 09:58:09   |       13.1122 |       18.2087 |       11.5248 |            4.1892 |             1.823 |            4.6519 |            0.8607
 34713 |    491 | 2020-03-12 09:58:23   |       13.1237 |        18.209 |       10.9913 |            3.9988 |            1.7363 |            4.4382 |             0.818
 34713 |    492 | 2020-03-12 09:58:32.5 |       13.1288 |       18.2072 |       11.6152 |            4.2244 |            1.8393 |            4.6835 |             0.868
 34713 |    493 | 2020-03-12 09:58:42   |       13.1335 |       18.2125 |        12.132 |             4.414 |             1.924 |             4.886 |             0.908
 34713 |    494 | 2020-03-12 09:58:52   |       13.1242 |        18.208 |       11.8618 |            4.3136 |            1.8782 |            4.7826 |            0.8873
 34713 |    495 | 2020-03-12 09:59:02   |       13.1305 |        18.206 |        12.247 |             4.452 |             1.943 |             4.934 |             0.918
 34713 |    496 | 2020-03-12 09:59:17.5 |       13.1314 |       18.2118 |        10.932 |            3.9789 |            1.7279 |            4.4141 |            0.8112
(497 rows)

