  run  | subrun |         time          | step1_voltage | step2_voltage | total_current | pos_2step_current | pos_1step_current | neg_2step_current | neg_1step_current 
-------+--------+-----------------------+---------------+---------------+---------------+-------------------+-------------------+-------------------+-------------------
 34732 |      0 | 2020-03-13 03:44:03.5 |       13.1334 |       18.2102 |       12.2882 |            4.4679 |            1.9499 |             4.949 |            0.9214
 34732 |      1 | 2020-03-13 03:44:13   |       13.1263 |       18.2107 |       12.2055 |            4.4486 |            1.9271 |            4.9224 |            0.9074
 34732 |      2 | 2020-03-13 03:44:26   |       13.1315 |       18.2052 |       10.8131 |            3.9311 |            1.7103 |            4.3683 |            0.8034
 34732 |      3 | 2020-03-13 03:44:38.5 |       13.1329 |       18.2119 |       11.5523 |            4.2036 |            1.8298 |            4.6559 |            0.8629
 34732 |      4 | 2020-03-13 03:44:50   |       13.1281 |       18.2095 |       11.8127 |            4.2967 |            1.8707 |            4.7613 |             0.884
 34732 |      5 | 2020-03-13 03:45:02   |       13.1347 |       18.2061 |       12.1847 |            4.4295 |            1.9331 |            4.9075 |            0.9146
 34732 |      6 | 2020-03-13 03:45:11.5 |       13.1227 |       18.1934 |       12.0058 |            4.3734 |             1.897 |            4.8399 |            0.8956
 34732 |      7 | 2020-03-13 03:45:22.5 |       13.1253 |       18.2058 |       10.7651 |             3.914 |            1.7019 |            4.3504 |            0.7989
 34732 |      8 | 2020-03-13 03:45:34   |       13.1331 |       18.2087 |       11.4927 |            4.1804 |              1.82 |            4.6333 |             0.859
 34732 |      9 | 2020-03-13 03:45:44   |       13.1241 |       18.2066 |       11.4819 |            4.1765 |            1.8168 |            4.6305 |            0.8582
 34732 |     10 | 2020-03-13 03:45:53.5 |       13.1291 |       18.2131 |       11.9465 |            4.3503 |            1.8897 |            4.8172 |            0.8894
 34732 |     11 | 2020-03-13 03:46:03.5 |       13.1271 |       18.2077 |       11.9976 |            4.3622 |            1.9008 |            4.8358 |            0.8989
 34732 |     12 | 2020-03-13 03:46:14   |        13.133 |       18.2087 |        12.387 |             4.503 |             1.966 |             4.989 |             0.929
 34732 |     13 | 2020-03-13 03:46:26.5 |       13.1012 |        18.212 |       10.8247 |             3.947 |            1.7035 |            4.3771 |            0.7971
 34732 |     14 | 2020-03-13 03:46:39   |       13.1313 |       18.2061 |       11.5688 |            4.2071 |            1.8322 |            4.6644 |            0.8652
 34732 |     15 | 2020-03-13 03:46:49   |       13.1325 |         18.19 |         11.79 |             4.289 |             1.868 |             4.751 |             0.882
 34732 |     16 | 2020-03-13 03:46:59   |       13.1239 |       18.2061 |       11.8055 |             4.293 |            1.8694 |            4.7593 |            0.8837
 34732 |     17 | 2020-03-13 03:47:08.5 |       13.1285 |       18.2065 |       12.2499 |            4.4531 |            1.9432 |            4.9352 |            0.9184
 34732 |     18 | 2020-03-13 03:47:21.5 |       13.1138 |       18.2055 |       10.5894 |            3.8519 |            1.6693 |            4.2835 |            0.7848
 34732 |     19 | 2020-03-13 03:47:34.5 |       13.1282 |       18.2075 |        11.224 |            4.0831 |             1.775 |             4.529 |            0.8369
 34732 |     20 | 2020-03-13 03:47:44   |       13.1331 |       18.2091 |       11.8487 |            4.3102 |            1.8774 |             4.774 |             0.887
 34732 |     21 | 2020-03-13 03:47:54   |        13.124 |       18.1882 |        11.694 |             4.261 |             1.846 |             4.715 |             0.872
 34732 |     22 | 2020-03-13 03:48:05.5 |       13.1276 |       18.2074 |       12.0308 |            4.3744 |            1.9069 |            4.8485 |             0.901
 34732 |     23 | 2020-03-13 03:48:19   |       13.1282 |       18.2115 |       12.1486 |            4.4178 |            1.9266 |             4.895 |            0.9092
 34732 |     24 | 2020-03-13 03:48:31.5 |       13.1263 |       18.2099 |       11.0187 |            4.0075 |             1.742 |            4.4483 |            0.8209
 34732 |     25 | 2020-03-13 03:48:41   |       13.1315 |       18.2067 |       11.6452 |            4.2358 |             1.844 |            4.6942 |            0.8711
 34732 |     26 | 2020-03-13 03:48:49.5 |       13.1332 |       18.2103 |       11.8349 |            4.3049 |            1.8758 |            4.7682 |             0.886
 34732 |     27 | 2020-03-13 03:48:59   |       13.1258 |       18.2074 |       11.8449 |            4.3058 |             1.877 |            4.7742 |            0.8879
 34732 |     28 | 2020-03-13 03:49:09.5 |         13.13 |       18.2045 |       12.2007 |            4.4344 |            1.9356 |            4.9153 |            0.9153
 34732 |     29 | 2020-03-13 03:49:22   |        13.109 |       18.2072 |        10.814 |             3.932 |             1.707 |             4.372 |             0.803
 34732 |     30 | 2020-03-13 03:49:35   |       13.1284 |       18.2076 |        11.255 |            4.0935 |            1.7808 |            4.5408 |            0.8399
 34732 |     31 | 2020-03-13 03:49:45   |       13.1167 |       18.2121 |       11.9149 |            4.3426 |            1.8804 |            4.8059 |             0.886
 34732 |     32 | 2020-03-13 03:49:55   |       13.1243 |       18.2077 |       11.7315 |            4.2673 |            1.8567 |            4.7303 |            0.8772
 34732 |     33 | 2020-03-13 03:50:05   |       13.1314 |       18.2101 |       12.0586 |            4.3849 |            1.9121 |            4.8586 |            0.9029
 34732 |     34 | 2020-03-13 03:50:17   |       13.1362 |       18.2099 |       12.5774 |            4.5723 |            1.9978 |            5.0629 |            0.9443
 34732 |     35 | 2020-03-13 03:50:29.5 |        13.128 |       18.2073 |       10.8858 |            3.9588 |            1.7215 |            4.3964 |            0.8091
 34732 |     36 | 2020-03-13 03:50:40   |       13.1318 |       18.2136 |       11.6332 |            4.2313 |            1.8422 |            4.6897 |              0.87
 34732 |     37 | 2020-03-13 03:50:50   |       13.1195 |       18.2142 |        11.773 |             4.298 |             1.853 |             4.749 |             0.873
 34732 |     38 | 2020-03-13 03:51:00   |       13.1277 |       18.2082 |        11.964 |             4.351 |            1.8952 |            4.8221 |            0.8958
 34732 |     39 | 2020-03-13 03:51:10   |       13.1325 |       18.2082 |        12.317 |             4.478 |             1.954 |             4.961 |             0.924
 34732 |     40 | 2020-03-13 03:51:23   |        13.112 |       18.2069 |       10.6236 |            3.8621 |            1.6772 |            4.2952 |            0.7891
 34732 |     41 | 2020-03-13 03:51:36   |       13.1326 |       18.2082 |       11.4154 |            4.1514 |            1.8076 |            4.6038 |            0.8526
 34732 |     42 | 2020-03-13 03:51:46.5 |       13.1227 |       18.2116 |       11.6814 |            4.2516 |            1.8485 |            4.7084 |            0.8729
 34732 |     43 | 2020-03-13 03:51:59   |       13.1258 |       18.2081 |       11.9392 |             4.342 |             1.891 |            4.8122 |             0.894
 34732 |     44 | 2020-03-13 03:52:10   |        13.134 |       18.2097 |        12.362 |             4.494 |             1.962 |             4.978 |             0.928
 34732 |     45 | 2020-03-13 03:52:19.5 |       13.1231 |       18.2089 |       11.7573 |            4.2737 |            1.8624 |            4.7417 |            0.8795
 34732 |     46 | 2020-03-13 03:52:30.5 |       13.1282 |       18.2077 |       11.0198 |            4.0077 |            1.7433 |            4.4481 |            0.8208
 34732 |     47 | 2020-03-13 03:52:41   |       13.1349 |        18.211 |       11.7297 |            4.2664 |            1.8596 |            4.7255 |            0.8782
 34732 |     48 | 2020-03-13 03:52:51   |       13.1241 |       18.2078 |       11.5608 |            4.2032 |            1.8308 |             4.662 |            0.8649
 34732 |     49 | 2020-03-13 03:53:03   |       13.1303 |       18.2075 |       12.1044 |            4.4006 |            1.9192 |             4.877 |            0.9076
 34732 |     50 | 2020-03-13 03:53:13.5 |       13.1337 |       18.2106 |       12.2266 |            4.4459 |            1.9398 |             4.925 |            0.9158
 34732 |     51 | 2020-03-13 03:53:24   |       13.1187 |       18.2082 |       10.6257 |            3.8635 |             1.678 |             4.296 |            0.7882
 34732 |     52 | 2020-03-13 03:53:36   |       13.1381 |       18.2065 |       11.4537 |            4.1647 |            1.8152 |             4.617 |            0.8568
 34732 |     53 | 2020-03-13 03:53:46   |       13.1325 |       18.2115 |        11.734 |              4.27 |             1.859 |             4.728 |             0.877
 34732 |     54 | 2020-03-13 03:53:56.5 |       13.1277 |       18.2094 |        11.874 |            4.3173 |            1.8818 |            4.7854 |            0.8895
 34732 |     55 | 2020-03-13 03:54:06   |        13.132 |       18.2077 |        12.246 |             4.452 |             1.943 |             4.932 |             0.919
 34732 |     56 | 2020-03-13 03:54:18   |        13.125 |       18.2072 |        12.039 |             4.376 |             1.908 |             4.853 |             0.902
 34732 |     57 | 2020-03-13 03:54:31   |       13.1292 |       18.2069 |       11.1036 |            4.0381 |            1.7566 |            4.4815 |            0.8274
 34732 |     58 | 2020-03-13 03:54:41.5 |       13.1266 |       18.2164 |       11.8056 |             4.301 |            1.8649 |            4.7617 |             0.878
 34732 |     59 | 2020-03-13 03:54:51   |       13.1261 |       18.2066 |       11.6635 |            4.2408 |            1.8474 |            4.7027 |            0.8726
 34732 |     60 | 2020-03-13 03:55:01   |       13.1289 |       18.2075 |       12.0169 |            4.3692 |             1.905 |             4.842 |            0.9006
 34732 |     61 | 2020-03-13 03:55:11   |       13.1353 |       18.2121 |       12.3714 |            4.4984 |            1.9649 |             4.981 |            0.9272
 34732 |     62 | 2020-03-13 03:55:23.5 |       13.1191 |       18.2105 |       10.6505 |            3.8702 |            1.6826 |            4.3065 |             0.791
 34732 |     63 | 2020-03-13 03:55:36.5 |       13.1328 |       18.2083 |        11.487 |            4.1787 |            1.8188 |            4.6312 |            0.8582
 34732 |     64 | 2020-03-13 03:55:47   |       13.1235 |       18.2106 |       11.4851 |            4.1853 |             1.811 |            4.6333 |            0.8556
 34732 |     65 | 2020-03-13 03:55:57   |       13.1294 |       18.2066 |       11.9703 |            4.3528 |            1.8967 |            4.8247 |            0.8961
 34732 |     66 | 2020-03-13 03:56:07   |        13.136 |       18.2065 |       12.2661 |             4.459 |            1.9462 |            4.9406 |            0.9203
 34732 |     67 | 2020-03-13 03:56:18.5 |       13.1283 |       18.2072 |       11.9805 |            4.3537 |            1.8995 |              4.83 |            0.8973
 34732 |     68 | 2020-03-13 03:56:30.5 |       13.1297 |       18.2061 |       11.0936 |            4.0346 |            1.7553 |            4.4776 |            0.8262
 34732 |     69 | 2020-03-13 03:56:41.5 |       13.0965 |       18.2156 |       11.8271 |            4.3098 |            1.8688 |             4.769 |            0.8794
 34732 |     70 | 2020-03-13 03:56:51.5 |       13.1253 |       18.2092 |       11.7194 |            4.2631 |            1.8553 |            4.7246 |            0.8764
 34732 |     71 | 2020-03-13 03:57:01   |       13.1291 |       18.2035 |       12.0792 |            4.3918 |            1.9154 |            4.8673 |            0.9047
 34732 |     72 | 2020-03-13 03:57:11   |       13.0947 |       18.1902 |        12.226 |            4.4587 |            1.9285 |            4.9302 |            0.9086
 34732 |     73 | 2020-03-13 03:57:23.5 |       13.1158 |       18.2072 |       10.7134 |            3.8959 |            1.6913 |             4.331 |            0.7951
 34732 |     74 | 2020-03-13 03:57:36   |       13.1333 |       18.2101 |       11.5507 |            4.2028 |            1.8297 |            4.6557 |            0.8625
 34732 |     75 | 2020-03-13 03:57:46   |       13.1245 |       18.2077 |        11.469 |             4.172 |             1.814 |             4.626 |             0.857
 34732 |     76 | 2020-03-13 03:57:56   |       13.1292 |        18.208 |       11.9398 |            4.3417 |            1.8917 |            4.8119 |            0.8945
 34732 |     77 | 2020-03-13 03:58:07.5 |       13.1316 |       18.2104 |       12.3158 |            4.4824 |            1.9501 |             4.962 |            0.9213
 34732 |     78 | 2020-03-13 03:58:19.5 |       13.1192 |       18.2065 |        11.721 |            4.2587 |            1.8575 |            4.7282 |            0.8766
 34732 |     79 | 2020-03-13 03:58:30.5 |       13.1311 |       18.2064 |       11.1157 |            4.0419 |             1.759 |            4.4872 |            0.8275
 34732 |     80 | 2020-03-13 03:58:41   |       13.1351 |       18.2106 |        11.618 |            4.2277 |            1.8406 |             4.682 |            0.8677
 34732 |     81 | 2020-03-13 03:58:54   |       13.1275 |        18.208 |        11.819 |             4.298 |             1.872 |             4.764 |             0.885
 34732 |     82 | 2020-03-13 03:59:06   |        13.133 |       18.2095 |        12.301 |             4.473 |             1.952 |             4.953 |             0.923
 34732 |     83 | 2020-03-13 03:59:14.5 |       13.1257 |       18.2062 |       12.0039 |            4.3627 |            1.9031 |            4.8391 |            0.8991
 34732 |     84 | 2020-03-13 03:59:25   |       13.1262 |        18.208 |        10.689 |            3.8868 |            1.6897 |            4.3195 |             0.793
 34732 |     85 | 2020-03-13 03:59:36   |       13.1337 |       18.2085 |       11.5175 |            4.1901 |             1.824 |             4.643 |            0.8605
 34732 |     86 | 2020-03-13 03:59:46   |        13.124 |       18.1885 |        11.457 |             4.171 |             1.812 |             4.619 |             0.855
 34732 |     87 | 2020-03-13 03:59:56   |       13.1302 |       18.2067 |       11.9899 |            4.3601 |               1.9 |            4.8315 |            0.8983
 34732 |     88 | 2020-03-13 04:00:06   |       13.1285 |       18.2072 |        12.087 |             4.394 |             1.916 |             4.871 |             0.906
 34732 |     89 | 2020-03-13 04:00:18   |       13.1255 |       18.2077 |        12.075 |             4.389 |             1.914 |             4.868 |             0.904
 34732 |     90 | 2020-03-13 04:00:31   |       13.1293 |       18.2081 |        11.118 |            4.0438 |            1.7585 |            4.4872 |            0.8285
 34732 |     91 | 2020-03-13 04:00:42   |        13.135 |        18.211 |        11.604 |             4.223 |             1.838 |             4.677 |             0.866
 34732 |     92 | 2020-03-13 04:00:52   |       13.1284 |       18.2082 |       11.8111 |            4.2955 |            1.8707 |            4.7603 |            0.8845
 34732 |     93 | 2020-03-13 04:01:02   |        13.131 |       18.2062 |        12.138 |             4.413 |             1.925 |              4.89 |              0.91
 34732 |     94 | 2020-03-13 04:01:12   |       13.1236 |       18.2137 |       12.0865 |             4.402 |            1.9087 |             4.875 |            0.9008
 34732 |     95 | 2020-03-13 04:01:24   |       13.1188 |       18.2073 |       10.7114 |            3.8944 |             1.692 |            4.3296 |            0.7954
 34732 |     96 | 2020-03-13 04:01:36   |       13.1135 |       18.2023 |       11.5092 |            4.1938 |            1.8171 |            4.6424 |            0.8559
 34732 |     97 | 2020-03-13 04:01:46.5 |       13.1248 |       18.2064 |       11.5305 |            4.1936 |            1.8252 |              4.65 |            0.8617
 34732 |     98 | 2020-03-13 04:01:56.5 |       13.1309 |       18.2076 |         12.03 |            4.3746 |            1.9075 |            4.8463 |            0.9016
 34732 |     99 | 2020-03-13 04:02:06   |        13.134 |       18.2107 |        12.338 |             4.486 |             1.958 |             4.968 |             0.926
 34732 |    100 | 2020-03-13 04:02:18.5 |       13.1235 |       18.2074 |       11.9786 |            4.3545 |             1.898 |            4.8299 |            0.8962
 34732 |    101 | 2020-03-13 04:02:31.5 |       13.1306 |       18.2086 |       11.2803 |            4.1044 |            1.7847 |            4.5504 |            0.8408
 34732 |    102 | 2020-03-13 04:02:41.5 |        13.073 |       18.1992 |       11.3898 |            4.1588 |            1.7874 |            4.5999 |            0.8436
 34732 |    103 | 2020-03-13 04:02:51   |       13.1266 |       18.2076 |       11.7802 |            4.2846 |             1.865 |            4.7488 |            0.8818
 34732 |    104 | 2020-03-13 04:03:02   |       13.1325 |       18.2087 |         12.21 |              4.44 |             1.936 |             4.918 |             0.916
 34732 |    105 | 2020-03-13 04:03:12   |       13.1291 |       18.2118 |       12.0924 |            4.3963 |            1.9177 |            4.8728 |            0.9056
 34732 |    106 | 2020-03-13 04:03:24   |       13.1194 |       18.2087 |       10.7748 |            3.9186 |             1.702 |            4.3545 |            0.7997
 34732 |    107 | 2020-03-13 04:03:36.5 |       13.1294 |       18.2006 |       11.5996 |              4.23 |            1.8295 |            4.6794 |            0.8606
 34732 |    108 | 2020-03-13 04:03:46   |       13.1265 |       18.2082 |        11.551 |             4.202 |             1.828 |             4.658 |             0.863
 34732 |    109 | 2020-03-13 04:03:56   |       13.1311 |        18.206 |       12.0236 |            4.3718 |            1.9065 |            4.8448 |            0.9006
 34732 |    110 | 2020-03-13 04:04:06   |       13.1335 |       18.2097 |        12.301 |             4.473 |             1.951 |             4.954 |             0.923
 34732 |    111 | 2020-03-13 04:04:18   |       13.1285 |       18.2077 |        12.195 |             4.432 |             1.934 |             4.915 |             0.914
 34732 |    112 | 2020-03-13 04:04:31   |       13.1323 |       18.2115 |        11.258 |            4.0949 |             1.782 |            4.5422 |            0.8389
 34732 |    113 | 2020-03-13 04:04:41.5 |       13.1251 |       18.2043 |       11.3225 |            4.1197 |            1.7902 |            4.5674 |            0.8452
 34732 |    114 | 2020-03-13 04:04:51   |       13.1286 |       18.2078 |        11.798 |            4.2908 |            1.8688 |             4.756 |            0.8824
 34732 |    115 | 2020-03-13 04:05:01.5 |       13.1305 |       18.2059 |       12.1069 |            4.4012 |            1.9197 |            4.8787 |            0.9074
 34732 |    116 | 2020-03-13 04:05:11.5 |       13.1229 |       18.2071 |       11.8891 |            4.3221 |             1.883 |            4.7943 |            0.8897
 34732 |    117 | 2020-03-13 04:05:24.5 |       13.1238 |       18.2091 |       10.7595 |            3.9133 |            1.7004 |            4.3472 |            0.7985
 34732 |    118 | 2020-03-13 04:05:37   |       13.1339 |       18.2112 |       11.3433 |            4.1293 |            1.7937 |             4.575 |            0.8453
 34732 |    119 | 2020-03-13 04:05:47.5 |       13.1272 |       18.2089 |       11.6268 |            4.2292 |            1.8405 |            4.6882 |             0.869
 34732 |    120 | 2020-03-13 04:06:00   |        13.134 |       18.2161 |       12.2454 |            4.4525 |            1.9429 |            4.9316 |            0.9184
 34732 |    121 | 2020-03-13 04:06:11   |       13.1238 |       18.2123 |       11.9352 |             4.338 |            1.8919 |            4.8116 |            0.8937
 34732 |    122 | 2020-03-13 04:06:20.5 |        13.115 |       18.2074 |        11.511 |            4.1836 |             1.821 |            4.6464 |            0.8599
 34732 |    123 | 2020-03-13 04:06:31.5 |       13.1373 |       18.2101 |       11.3112 |            4.1128 |            1.7919 |            4.5616 |            0.8449
 34732 |    124 | 2020-03-13 04:06:42   |         13.11 |        18.223 |        11.553 |             4.218 |             1.818 |             4.662 |             0.855
 34732 |    125 | 2020-03-13 04:06:52   |       13.1302 |       18.2082 |       11.9043 |             4.329 |            1.8861 |            4.7975 |            0.8916
 34732 |    126 | 2020-03-13 04:07:02   |        13.133 |       18.2117 |        12.297 |             4.473 |             1.951 |             4.951 |             0.922
 34732 |    127 | 2020-03-13 04:07:12   |        13.128 |       18.2082 |        12.006 |             4.362 |            1.9046 |            4.8389 |            0.9005
 34732 |    128 | 2020-03-13 04:07:25   |       13.1279 |       18.2105 |       10.7905 |            3.9246 |            1.7062 |            4.3591 |            0.8006
 34732 |    129 | 2020-03-13 04:07:37.5 |       13.1253 |       18.2079 |       11.1412 |            4.0532 |            1.7614 |            4.4966 |            0.8301
 34732 |    130 | 2020-03-13 04:07:47   |       13.1291 |       18.2071 |       11.6716 |            4.2456 |            1.8481 |            4.7046 |            0.8733
 34732 |    131 | 2020-03-13 04:07:58   |        13.134 |       18.2105 |        12.199 |             4.437 |             1.935 |             4.912 |             0.915
 34732 |    132 | 2020-03-13 04:08:09.5 |       13.1242 |       18.2082 |        11.919 |            4.3346 |            1.8874 |            4.8052 |            0.8918
 34732 |    133 | 2020-03-13 04:08:21   |       13.1099 |       18.2067 |       11.4079 |            4.1472 |            1.8029 |             4.606 |            0.8519
 34732 |    134 | 2020-03-13 04:08:32.5 |       13.1345 |       18.2113 |       11.2441 |             4.089 |            1.7811 |            4.5345 |            0.8394
 34732 |    135 | 2020-03-13 04:08:42.5 |       13.1271 |       18.2074 |       11.4151 |            4.1515 |            1.8064 |             4.604 |            0.8532
 34732 |    136 | 2020-03-13 04:08:52   |       13.1304 |       18.2064 |       11.8816 |            4.3201 |            1.8825 |            4.7886 |            0.8903
 34732 |    137 | 2020-03-13 04:09:02   |       13.1325 |       18.2095 |        12.033 |             4.376 |             1.908 |             4.848 |             0.901
 34732 |    138 | 2020-03-13 04:09:12.5 |       13.1272 |       18.2072 |       12.0952 |            4.3961 |             1.918 |            4.8746 |            0.9065
 34732 |    139 | 2020-03-13 04:09:26   |       13.1155 |        18.197 |        10.733 |             3.916 |             1.686 |             4.342 |             0.789
 34732 |    140 | 2020-03-13 04:09:38.5 |        13.124 |       18.1998 |       11.1675 |            4.0625 |            1.7654 |             4.506 |            0.8336
 34732 |    141 | 2020-03-13 04:09:48   |       13.1292 |       18.2071 |       11.7448 |            4.2716 |            1.8601 |            4.7337 |            0.8794
 34732 |    142 | 2020-03-13 04:09:58   |        13.134 |       18.2107 |         12.21 |             4.441 |             1.937 |             4.916 |             0.916
 34732 |    143 | 2020-03-13 04:10:07.5 |       13.1304 |       18.2087 |       12.1977 |            4.4352 |            1.9351 |            4.9131 |            0.9144
 34732 |    144 | 2020-03-13 04:10:19.5 |       13.1204 |       18.2067 |       11.8828 |            4.3189 |            1.8822 |            4.7925 |            0.8891
 34732 |    145 | 2020-03-13 04:10:32   |       13.1099 |       18.2131 |       11.2824 |             4.111 |            1.7801 |            4.5551 |            0.8362
 34732 |    146 | 2020-03-13 04:10:43   |       13.1252 |       18.2074 |       11.4596 |            4.1693 |             1.813 |            4.6215 |            0.8558
 34732 |    147 | 2020-03-13 04:10:52.5 |         13.13 |       18.2077 |       11.9411 |            4.3432 |            1.8916 |            4.8118 |            0.8945
 34732 |    148 | 2020-03-13 04:11:02   |       13.1025 |       18.1992 |        12.166 |             4.438 |             1.917 |             4.907 |             0.904
 34732 |    149 | 2020-03-13 04:11:12   |       13.1264 |       18.2074 |       12.0798 |            4.3917 |            1.9154 |            4.8683 |            0.9044
 34732 |    150 | 2020-03-13 04:11:25   |       13.0818 |        18.199 |        10.648 |            3.8828 |            1.6715 |            4.3091 |            0.7846
 34732 |    151 | 2020-03-13 04:11:38   |       13.1255 |       18.2077 |        11.209 |             4.078 |             1.772 |             4.523 |             0.836
 34732 |    152 | 2020-03-13 04:11:48   |       13.1281 |       18.2061 |       11.7721 |            4.2814 |            1.8651 |            4.7451 |            0.8804
 34732 |    153 | 2020-03-13 04:11:58   |        13.077 |       18.1977 |        12.101 |             4.415 |             1.907 |              4.88 |             0.899
 34732 |    154 | 2020-03-13 04:12:07.5 |        13.122 |        18.207 |       11.9056 |            4.3294 |            1.8857 |            4.7998 |            0.8906
 34732 |    155 | 2020-03-13 04:12:19   |       13.1238 |       18.2075 |       12.0374 |            4.3758 |            1.9084 |            4.8524 |            0.9009
 34732 |    156 | 2020-03-13 04:12:32   |       13.0634 |       18.1969 |       11.0101 |            4.0119 |            1.7352 |            4.4462 |            0.8168
 34732 |    157 | 2020-03-13 04:12:43.5 |       13.1248 |       18.2066 |        11.539 |            4.1971 |            1.8264 |            4.6535 |            0.8619
 34732 |    158 | 2020-03-13 04:12:59.5 |       13.0587 |       18.1928 |       12.0147 |            4.3756 |            1.8993 |            4.8422 |            0.8975
 34732 |    159 | 2020-03-13 04:13:14   |       13.1285 |       18.2067 |        12.169 |             4.424 |              1.93 |             4.903 |             0.912
 34732 |    160 | 2020-03-13 04:13:22.5 |       13.1129 |       18.2078 |       11.0588 |            4.0211 |            1.7472 |            4.4683 |            0.8222
 34732 |    161 | 2020-03-13 04:13:30.5 |       13.0745 |       18.1984 |       11.0894 |            4.0488 |            1.7403 |            4.4822 |            0.8181
 34732 |    162 | 2020-03-13 04:13:38.5 |        13.126 |       18.2066 |       11.2679 |            4.0981 |            1.7836 |            4.5454 |            0.8408
 34732 |    163 | 2020-03-13 04:13:48   |       13.1319 |       18.2065 |       11.8417 |            4.3068 |            1.8768 |            4.7716 |            0.8865
 34732 |    164 | 2020-03-13 04:13:58   |        13.133 |       18.2107 |        11.972 |             4.355 |             1.898 |             4.823 |             0.896
 34732 |    165 | 2020-03-13 04:14:07.5 |        13.124 |       18.2076 |       11.9027 |            4.3277 |            1.8854 |            4.7986 |             0.891
 34732 |    166 | 2020-03-13 04:14:19.5 |       13.1201 |       18.2073 |       11.9211 |            4.3333 |            1.8883 |            4.8073 |            0.8921
 34732 |    167 | 2020-03-13 04:14:32.5 |       13.1269 |       18.2084 |       10.9905 |            3.9987 |            1.7373 |             4.437 |            0.8176
 34732 |    168 | 2020-03-13 04:14:43   |       13.1286 |       18.2078 |       11.5516 |             4.202 |            1.8283 |            4.6577 |            0.8636
 34732 |    169 | 2020-03-13 04:14:53   |       13.1295 |       18.2072 |       12.0108 |            4.3679 |             1.903 |            4.8396 |            0.9004
 34732 |    170 | 2020-03-13 04:15:03   |       13.0689 |       18.2129 |       12.1052 |            4.4118 |            1.9092 |            4.8825 |            0.9017
 34732 |    171 | 2020-03-13 04:15:12.5 |       13.1247 |       18.2071 |       12.0756 |            4.3898 |             1.914 |            4.8676 |            0.9042
 34732 |    172 | 2020-03-13 04:15:25   |       13.1249 |       18.2116 |       10.3976 |            3.7865 |            1.6367 |            4.2061 |            0.7682
 34732 |    173 | 2020-03-13 04:15:38   |        13.127 |        18.208 |        11.271 |               4.1 |             1.783 |             4.547 |             0.841
 34732 |    174 | 2020-03-13 04:15:48   |        13.133 |       18.2061 |       11.8339 |            4.3023 |            1.8765 |            4.7682 |            0.8869
 34732 |    175 | 2020-03-13 04:15:58   |       13.1325 |         18.21 |        11.958 |             4.349 |             1.896 |             4.818 |             0.895
 34732 |    176 | 2020-03-13 04:16:08   |       13.1337 |       18.2077 |       11.9947 |            4.3587 |             1.902 |            4.8346 |            0.8993
 34732 |    177 | 2020-03-13 04:16:20.5 |       13.1126 |       18.2069 |       11.7423 |            4.2696 |            1.8574 |            4.7375 |            0.8778
 34732 |    178 | 2020-03-13 04:16:33   |       13.1238 |       18.2058 |       10.9667 |            3.9932 |            1.7301 |            4.4292 |            0.8142
 34732 |    179 | 2020-03-13 04:16:43   |       13.1296 |       18.2073 |        11.589 |            4.2155 |             1.835 |            4.6723 |            0.8662
 34732 |    180 | 2020-03-13 04:16:53.5 |       13.1334 |       18.2079 |       12.0532 |             4.383 |            1.9116 |            4.8547 |            0.9039
 34732 |    181 | 2020-03-13 04:17:03.5 |       13.1267 |       18.2124 |       12.0728 |            4.3951 |            1.9098 |            4.8675 |            0.9004
 34732 |    182 | 2020-03-13 04:17:13   |       13.1299 |       18.2072 |       12.2417 |            4.4502 |            1.9418 |             4.932 |            0.9177
 34732 |    183 | 2020-03-13 04:17:26   |        13.125 |       18.2072 |        10.347 |             3.762 |             1.634 |             4.185 |             0.766
 34732 |    184 | 2020-03-13 04:17:39   |       13.1261 |       18.2076 |       11.3806 |            4.1396 |            1.8006 |            4.5907 |            0.8497
 34732 |    185 | 2020-03-13 04:17:49   |       13.1331 |       18.2113 |       11.9706 |            4.3557 |            1.8975 |            4.8216 |            0.8959
 34732 |    186 | 2020-03-13 04:17:59   |       13.1232 |       18.2117 |       11.7589 |             4.284 |            1.8555 |            4.7423 |            0.8773
 34732 |    187 | 2020-03-13 04:18:09.5 |       13.1299 |       18.2083 |       12.1619 |            4.4213 |            1.9286 |            4.9007 |            0.9113
 34732 |    188 | 2020-03-13 04:18:22   |        13.107 |        18.207 |        11.281 |             4.102 |             1.782 |             4.556 |             0.841
 34732 |    189 | 2020-03-13 04:18:34   |       13.1265 |        18.207 |        11.049 |             4.019 |             1.747 |              4.46 |             0.823
 34732 |    190 | 2020-03-13 04:18:44   |       13.1311 |        18.208 |       11.6819 |            4.2498 |            1.8502 |            4.7085 |            0.8734
 34732 |    191 | 2020-03-13 04:18:54   |        13.133 |       18.2097 |        11.876 |              4.32 |             1.882 |             4.785 |             0.889
 34732 |    192 | 2020-03-13 04:19:04   |       13.1271 |       18.2076 |       11.9565 |             4.346 |            1.8954 |            4.8191 |             0.896
 34732 |    193 | 2020-03-13 04:19:13.5 |       13.1324 |        18.209 |       12.3291 |            4.4823 |            1.9565 |            4.9654 |            0.9249
 34732 |    194 | 2020-03-13 04:19:26   |       13.1255 |       18.2075 |        10.366 |             3.769 |             1.637 |             4.193 |             0.767
 34732 |    195 | 2020-03-13 04:19:39   |       13.1296 |       18.2075 |       11.4329 |             4.159 |            1.8093 |            4.6108 |            0.8537
 34732 |    196 | 2020-03-13 04:19:50.5 |       13.0915 |       18.2112 |        12.017 |            4.3848 |            1.8934 |            4.8475 |            0.8912
 34732 |    197 | 2020-03-13 04:20:02   |        13.133 |       18.2103 |        12.054 |             4.383 |             1.912 |             4.856 |             0.903
 34732 |    198 | 2020-03-13 04:20:11.5 |       13.1484 |       18.2089 |        12.189 |            4.4281 |            1.9356 |            4.9101 |            0.9152
 34732 |    199 | 2020-03-13 04:20:22.5 |       13.1074 |       18.2081 |       11.1302 |            4.0469 |            1.7581 |             4.496 |            0.8293
 34732 |    200 | 2020-03-13 04:20:34.5 |       13.1274 |       18.2119 |       11.1089 |            4.0401 |            1.7569 |            4.4843 |            0.8276
 34732 |    201 | 2020-03-13 04:20:44.5 |       13.1338 |       18.2128 |        11.819 |            4.2988 |            1.8732 |            4.7621 |            0.8849
 34732 |    202 | 2020-03-13 04:20:53.5 |       13.1391 |       18.2074 |       11.9119 |            4.3324 |            1.8893 |            4.7985 |            0.8917
 34732 |    203 | 2020-03-13 04:21:03   |       13.1367 |       18.2063 |       11.9489 |            4.3434 |            1.8949 |            4.8153 |            0.8953
 34732 |    204 | 2020-03-13 04:21:13   |        13.132 |       18.2085 |       12.2999 |            4.4705 |            1.9513 |            4.9553 |            0.9228
 34732 |    205 | 2020-03-13 04:21:26   |       13.1255 |        18.208 |         10.37 |              3.77 |             1.638 |             4.194 |             0.768
 34732 |    206 | 2020-03-13 04:21:39   |        13.129 |       18.2053 |       11.4607 |            4.1682 |            1.8142 |            4.6227 |            0.8557
 34732 |    207 | 2020-03-13 04:21:49   |       13.0371 |       18.2073 |       11.8178 |             4.308 |            1.8637 |            4.7663 |            0.8798
 34732 |    208 | 2020-03-13 04:21:59   |       13.1213 |       18.2065 |       11.7923 |            4.2888 |            1.8673 |            4.7543 |             0.882
 34732 |    209 | 2020-03-13 04:22:08.5 |       13.1306 |       18.2055 |       12.1903 |            4.4307 |            1.9338 |             4.912 |            0.9137
 34732 |    210 | 2020-03-13 04:22:21.5 |       13.1106 |        18.207 |       11.5434 |            4.1968 |             1.825 |            4.6597 |            0.8618
 34732 |    211 | 2020-03-13 04:22:34.5 |       13.1289 |       18.2073 |       11.1607 |            4.0592 |            1.7654 |            4.5043 |            0.8318
 34732 |    212 | 2020-03-13 04:22:44   |        13.133 |       18.2092 |       11.7955 |            4.2894 |            1.8731 |            4.7508 |            0.8823
 34732 |    213 | 2020-03-13 04:22:54   |        13.128 |       18.2135 |        11.817 |             4.311 |             1.863 |             4.767 |             0.876
 34732 |    214 | 2020-03-13 04:23:06   |        13.131 |        18.206 |        12.164 |             4.421 |             1.931 |               4.9 |             0.912
 34732 |    215 | 2020-03-13 04:23:18   |       13.1335 |       18.2117 |        12.262 |             4.458 |             1.947 |             4.939 |             0.918
 34732 |    216 | 2020-03-13 04:23:30   |        13.126 |       18.2077 |        10.792 |             3.925 |             1.706 |             4.359 |             0.802
 34732 |    217 | 2020-03-13 04:23:41   |       13.1357 |       18.2085 |       11.6413 |            4.2334 |            1.8457 |            4.6914 |            0.8708
 34732 |    218 | 2020-03-13 04:23:49.5 |       13.1315 |       18.2102 |       11.7967 |            4.2922 |            1.8684 |            4.7543 |            0.8819
 34732 |    219 | 2020-03-13 04:23:59   |       13.1276 |       18.2066 |       11.8727 |            4.3171 |             1.881 |            4.7858 |            0.8888
 34732 |    220 | 2020-03-13 04:24:09   |       13.1304 |       18.2066 |       12.1963 |            4.4341 |            1.9347 |            4.9135 |             0.914
 34732 |    221 | 2020-03-13 04:24:21.5 |       13.1105 |       18.2075 |       11.5726 |            4.2071 |            1.8308 |             4.671 |            0.8637
 34732 |    222 | 2020-03-13 04:24:34   |       13.1275 |       18.2077 |        11.089 |             4.034 |             1.754 |             4.475 |             0.826
 34732 |    223 | 2020-03-13 04:24:45   |       13.1315 |       18.1738 |       11.6204 |            4.2337 |            1.8359 |            4.6846 |            0.8662
 34732 |    224 | 2020-03-13 04:24:54.5 |       13.1263 |       18.2069 |       11.7156 |            4.2613 |            1.8549 |            4.7228 |            0.8766
 34732 |    225 | 2020-03-13 04:25:04   |       13.1263 |       18.2078 |       11.9144 |            4.3321 |            1.8883 |            4.8018 |            0.8922
 34732 |    226 | 2020-03-13 04:25:14   |        13.134 |        18.211 |        12.421 |             4.516 |             1.972 |             5.001 |             0.932
 34732 |    227 | 2020-03-13 04:25:26.5 |       13.1307 |       18.2076 |       10.4872 |            3.8127 |             1.658 |            4.2395 |             0.777
 34732 |    228 | 2020-03-13 04:25:39   |         13.13 |       18.2079 |       11.5225 |            4.1914 |            1.8249 |            4.6457 |            0.8605
 34732 |    229 | 2020-03-13 04:25:49   |       13.0337 |       18.2117 |       11.5929 |            4.2281 |            1.8251 |            4.6776 |            0.8621
 34732 |    230 | 2020-03-13 04:25:59   |       13.1253 |        18.208 |       11.9287 |            4.3381 |            1.8898 |            4.8075 |            0.8933
 34732 |    231 | 2020-03-13 04:26:09   |       13.1341 |       18.2097 |       12.3737 |            4.4986 |            1.9641 |            4.9828 |            0.9283
 34732 |    232 | 2020-03-13 04:26:22   |       13.1115 |        18.208 |        11.478 |             4.173 |             1.815 |             4.633 |             0.857
 34732 |    233 | 2020-03-13 04:26:35   |       13.1308 |       18.2077 |       11.2446 |            4.0899 |            1.7793 |            4.5368 |            0.8386
 34732 |    234 | 2020-03-13 04:26:45   |       13.1346 |         18.21 |        11.714 |            4.2626 |            1.8562 |            4.7202 |             0.875
 34732 |    235 | 2020-03-13 04:26:57.5 |       13.1281 |       18.2042 |       11.9002 |            4.3274 |            1.8856 |            4.7964 |            0.8908
 34732 |    236 | 2020-03-13 04:27:09   |       13.1324 |       18.2085 |       12.3453 |            4.4887 |            1.9592 |            4.9718 |            0.9257
 34732 |    237 | 2020-03-13 04:27:17   |       13.0998 |       18.1938 |       12.2573 |            4.4688 |            1.9352 |            4.9415 |            0.9118
 34732 |    238 | 2020-03-13 04:27:27.5 |       13.1305 |       18.2073 |       10.5631 |            3.8409 |            1.6695 |            4.2698 |             0.783
 34732 |    239 | 2020-03-13 04:27:39.5 |       13.1333 |       18.2117 |       11.6092 |            4.2239 |            1.8386 |            4.6789 |            0.8678
 34732 |    240 | 2020-03-13 04:27:49   |       13.1265 |        18.202 |       11.5692 |            4.2091 |            1.8312 |            4.6644 |            0.8645
 34732 |    241 | 2020-03-13 04:27:59.5 |       13.1295 |        18.208 |       11.9807 |            4.3559 |             1.899 |            4.8281 |            0.8978
 34732 |    242 | 2020-03-13 04:28:10   |        13.134 |       18.2105 |        12.363 |             4.495 |             1.962 |             4.979 |             0.927
 34732 |    243 | 2020-03-13 04:28:22.5 |       13.1122 |       18.2068 |       11.3138 |            4.1135 |            1.7889 |            4.5684 |            0.8429
 34732 |    244 | 2020-03-13 04:28:35   |       13.1324 |       18.2077 |       11.3259 |            4.1205 |            1.7925 |            4.5684 |            0.8446
 34732 |    245 | 2020-03-13 04:28:45   |       13.1263 |       18.2148 |       11.5838 |            4.2261 |            1.8232 |            4.6752 |            0.8593
 34732 |    246 | 2020-03-13 04:28:55   |       13.1283 |       18.2075 |       11.8455 |            4.3083 |            1.8762 |             4.774 |            0.8869
 34732 |    247 | 2020-03-13 04:29:04.5 |       13.1356 |       18.2062 |       12.1997 |             4.435 |            1.9356 |            4.9136 |            0.9153
 34732 |    248 | 2020-03-13 04:29:14   |        13.082 |        18.193 |        12.142 |             4.429 |             1.914 |             4.898 |             0.901
 34732 |    249 | 2020-03-13 04:29:27   |       13.1326 |       18.2056 |       10.5582 |            3.8382 |            1.6693 |            4.2683 |            0.7824
 34732 |    250 | 2020-03-13 04:29:40   |       13.1331 |       18.2023 |       11.5212 |             4.193 |             1.824 |            4.6442 |              0.86
 34732 |    251 | 2020-03-13 04:29:49.5 |       13.1267 |       18.2082 |       11.6174 |            4.2262 |            1.8391 |             4.684 |             0.868
 34732 |    252 | 2020-03-13 04:29:59.5 |       13.1298 |       18.2061 |       12.0156 |            4.3688 |            1.9045 |            4.8422 |            0.9002
 34732 |    253 | 2020-03-13 04:30:09   |        13.132 |       18.2093 |       12.2739 |            4.4625 |            1.9468 |            4.9441 |            0.9205
 34732 |    254 | 2020-03-13 04:30:22   |        13.112 |        18.207 |        11.497 |              4.18 |             1.818 |             4.641 |             0.858
 34732 |    255 | 2020-03-13 04:30:35   |       13.1331 |        18.209 |       11.3796 |            4.1403 |            1.8016 |            4.5884 |            0.8493
 34732 |    256 | 2020-03-13 04:30:45   |       13.1264 |       18.2081 |       11.4342 |            4.1597 |            1.8087 |            4.6122 |            0.8536
 34732 |    257 | 2020-03-13 04:30:55   |       13.1289 |       18.2075 |       11.8761 |             4.319 |            1.8816 |            4.7862 |            0.8894
 34732 |    258 | 2020-03-13 04:31:05   |       13.1318 |       18.2081 |       12.2224 |            4.4435 |            1.9383 |            4.9237 |            0.9169
 34732 |    259 | 2020-03-13 04:31:15   |       13.1245 |       18.2093 |       11.9809 |            4.3601 |            1.8973 |            4.8273 |            0.8961
 34732 |    260 | 2020-03-13 04:31:28   |       13.1331 |       18.2067 |       10.6947 |            3.8879 |            1.6917 |            4.3213 |            0.7938
 34732 |    261 | 2020-03-13 04:31:41   |       13.1308 |       18.2119 |       11.5527 |            4.2056 |            1.8273 |             4.659 |            0.8608
 34732 |    262 | 2020-03-13 04:31:50.5 |       13.1274 |       18.2079 |       11.6907 |            4.2528 |             1.851 |            4.7127 |            0.8741
 34732 |    263 | 2020-03-13 04:32:00   |       13.1307 |       18.2055 |       12.0474 |            4.3807 |            1.9099 |            4.8545 |            0.9022
 34732 |    264 | 2020-03-13 04:32:10   |        13.134 |       18.2112 |        12.177 |             4.428 |             1.932 |             4.905 |             0.912
 34732 |    265 | 2020-03-13 04:32:22.5 |       13.1157 |        18.207 |       11.4608 |             4.167 |            1.8124 |            4.6266 |            0.8548
 34732 |    266 | 2020-03-13 04:32:36   |       13.1309 |       18.2123 |       11.4398 |            4.1679 |            1.8064 |            4.6153 |            0.8503
 34732 |    267 | 2020-03-13 04:32:45.5 |       13.1252 |       18.2084 |        11.439 |            4.1626 |            1.8088 |             4.614 |            0.8536
 34732 |    268 | 2020-03-13 04:32:55   |       13.1296 |       18.2067 |       11.8946 |            4.3254 |            1.8847 |            4.7931 |            0.8913
 34732 |    269 | 2020-03-13 04:33:07   |       13.1345 |       18.2109 |       12.3127 |            4.4772 |            1.9541 |            4.9582 |            0.9232
 34732 |    270 | 2020-03-13 04:33:17.5 |       13.1272 |       18.2074 |       12.0991 |            4.3977 |            1.9189 |            4.8765 |            0.9059
 34732 |    271 | 2020-03-13 04:33:28.5 |       13.1337 |       18.2079 |       10.8091 |            3.9309 |            1.7097 |            4.3662 |            0.8023
 34732 |    272 | 2020-03-13 04:33:41.5 |       13.1327 |       18.2115 |       11.5143 |            4.1907 |            1.8221 |            4.6427 |            0.8588
 34732 |    273 | 2020-03-13 04:33:52.5 |       13.1294 |       18.2079 |        11.808 |            4.2938 |            1.8705 |            4.7595 |            0.8841
 34732 |    274 | 2020-03-13 04:34:04.5 |       13.1312 |       18.2085 |       12.2556 |            4.4564 |             1.944 |            4.9359 |            0.9193
 34732 |    275 | 2020-03-13 04:34:14.5 |       13.1251 |       18.2074 |       12.0275 |            4.3723 |            1.9068 |            4.8478 |            0.9007
 34732 |    276 | 2020-03-13 04:34:25.5 |       13.1296 |       18.2068 |       10.6632 |            3.8759 |            1.6869 |            4.3094 |             0.791
 34732 |    277 | 2020-03-13 04:34:37   |       13.1344 |       18.2098 |       11.3554 |            4.1306 |            1.7982 |            4.5794 |            0.8472
 34732 |    278 | 2020-03-13 04:34:47   |        13.127 |       18.2069 |       11.5565 |            4.2036 |            1.8294 |            4.6601 |            0.8635
 34732 |    279 | 2020-03-13 04:34:56.5 |       13.1316 |       18.2081 |       12.0217 |            4.3721 |            1.9063 |             4.843 |            0.9003
 34732 |    280 | 2020-03-13 04:35:06   |        13.133 |       18.2106 |       12.2382 |            4.4488 |            1.9419 |            4.9297 |            0.9179
 34732 |    281 | 2020-03-13 04:35:16   |       13.1283 |       18.2127 |       12.4108 |             4.515 |            1.9675 |            5.0004 |            0.9278
 34732 |    282 | 2020-03-13 04:35:28.5 |       13.1267 |       18.2079 |       10.5752 |            3.8458 |            1.6715 |            4.2729 |            0.7849
 34732 |    283 | 2020-03-13 04:35:41   |       13.1034 |       18.2093 |       11.2696 |            4.1027 |            1.7792 |             4.548 |            0.8396
 34732 |    284 | 2020-03-13 04:35:51   |       13.1307 |       18.2072 |       11.7899 |            4.2881 |            1.8678 |            4.7515 |            0.8824
 34732 |    285 | 2020-03-13 04:36:01   |       13.1332 |       18.2124 |       12.2138 |            4.4413 |            1.9379 |            4.9187 |            0.9159
 34732 |    286 | 2020-03-13 04:36:11   |       13.1318 |       18.2134 |       12.1549 |            4.4188 |            1.9289 |            4.8965 |            0.9107
 34732 |    287 | 2020-03-13 04:36:24   |       13.1238 |       18.2092 |       11.1331 |            4.0474 |            1.7616 |            4.4954 |            0.8287
 34732 |    288 | 2020-03-13 04:36:36.5 |       13.1346 |       18.2123 |       11.4023 |            4.1491 |            1.8056 |            4.5971 |            0.8505
 34732 |    289 | 2020-03-13 04:36:46   |       13.1275 |       18.2075 |        11.541 |             4.198 |             1.827 |             4.654 |             0.862
 34732 |    290 | 2020-03-13 04:36:56.5 |       13.1311 |       18.2062 |       12.0009 |            4.3645 |            1.9022 |            4.8356 |            0.8986
 34732 |    291 | 2020-03-13 04:37:06.5 |       13.1321 |       18.2096 |       12.0509 |             4.382 |            1.9109 |            4.8554 |            0.9026
 34732 |    292 | 2020-03-13 04:37:17   |       13.1291 |       18.2073 |       12.1578 |            4.4196 |            1.9279 |            4.8995 |            0.9107
 34732 |    293 | 2020-03-13 04:37:30   |       13.1335 |       18.2105 |        11.089 |             4.033 |             1.755 |             4.475 |             0.826
 34732 |    294 | 2020-03-13 04:37:42.5 |       13.1283 |       18.2083 |       11.3298 |            4.1195 |            1.7936 |            4.5702 |            0.8465
 34732 |    295 | 2020-03-13 04:37:51.5 |         13.13 |       18.2059 |         11.82 |            4.2986 |            1.8725 |             4.764 |            0.8849
 34732 |    296 | 2020-03-13 04:38:02.5 |       13.1322 |       18.2114 |       12.2213 |            4.4459 |            1.9375 |            4.9226 |            0.9153
 34732 |    297 | 2020-03-13 04:38:13   |       13.1272 |        18.207 |       12.0486 |            4.3791 |             1.911 |            4.8561 |            0.9025
 34732 |    298 | 2020-03-13 04:38:24.5 |       13.1234 |       18.2071 |       11.0127 |            4.0034 |            1.7422 |            4.4478 |            0.8193
 34732 |    299 | 2020-03-13 04:38:37   |       13.1257 |       18.2023 |       11.0858 |            4.0405 |            1.7475 |            4.4745 |            0.8233
 34732 |    300 | 2020-03-13 04:38:47   |       13.1287 |       18.2069 |       11.6171 |            4.2248 |            1.8394 |            4.6839 |             0.869
 34732 |    301 | 2020-03-13 04:38:56.5 |       13.1334 |       18.2086 |       12.0736 |            4.3909 |            1.9152 |            4.8625 |            0.9051
 34732 |    302 | 2020-03-13 04:39:06   |        13.111 |       18.2047 |        12.008 |             4.381 |             1.891 |             4.844 |             0.892
 34732 |    303 | 2020-03-13 04:39:16   |       13.1303 |       18.2087 |       12.1976 |            4.4328 |            1.9352 |            4.9151 |            0.9145
 34732 |    304 | 2020-03-13 04:39:29   |       13.1349 |       18.2104 |       10.9527 |            3.9836 |            1.7333 |            4.4214 |            0.8143
 34732 |    305 | 2020-03-13 04:39:42   |       13.1265 |       18.2075 |        11.359 |             4.132 |             1.797 |             4.582 |             0.848
 34732 |    306 | 2020-03-13 04:39:52   |       13.1298 |       18.2053 |       11.8116 |            4.2947 |            1.8711 |            4.7609 |            0.8849
 34732 |    307 | 2020-03-13 04:40:01.5 |       13.1332 |       18.2106 |       12.2216 |             4.445 |            1.9386 |            4.9217 |            0.9162
 34732 |    308 | 2020-03-13 04:40:11   |        13.096 |       18.2215 |        12.137 |             4.428 |             1.914 |             4.894 |             0.901
 34732 |    309 | 2020-03-13 04:40:24   |       13.1199 |       18.2088 |       11.0121 |            4.0043 |             1.741 |            4.4485 |            0.8182
 34732 |    310 | 2020-03-13 04:40:37   |        13.115 |       18.2105 |       11.0896 |            4.0367 |            1.7518 |            4.4768 |            0.8242
 34732 |    311 | 2020-03-13 04:40:47.5 |       13.1302 |       18.2063 |       11.6958 |            4.2538 |             1.852 |            4.7149 |            0.8752
 34732 |    312 | 2020-03-13 04:40:59.5 |       13.1331 |       18.2113 |        12.146 |            4.4174 |             1.927 |             4.892 |            0.9096
 34732 |    313 | 2020-03-13 04:41:10   |        13.127 |       18.2073 |        12.017 |             4.368 |             1.905 |             4.844 |               0.9
 34732 |    314 | 2020-03-13 04:41:18   |        13.131 |       18.2048 |        12.286 |             4.465 |              1.95 |              4.95 |             0.921
 34732 |    315 | 2020-03-13 04:41:29.5 |       13.1334 |       18.2145 |       10.9394 |            3.9916 |            1.7201 |            4.4214 |            0.8064
 34732 |    316 | 2020-03-13 04:41:42   |        13.127 |       18.2072 |        11.371 |             4.136 |             1.799 |             4.587 |             0.849
 34732 |    317 | 2020-03-13 04:41:52   |       13.1339 |       18.2068 |        11.963 |            4.3495 |            1.8979 |            4.8187 |            0.8969
 34732 |    318 | 2020-03-13 04:42:02   |        13.133 |       18.2114 |       12.0395 |             4.381 |            1.9064 |            4.8517 |            0.9004
 34732 |    319 | 2020-03-13 04:42:11.5 |       13.1282 |       18.2076 |       12.1063 |            4.4008 |            1.9198 |            4.8784 |            0.9074
 34732 |    320 | 2020-03-13 04:42:24.5 |       13.1271 |       18.2095 |       10.8509 |            3.9447 |            1.7158 |            4.3842 |            0.8062
 34732 |    321 | 2020-03-13 04:42:37   |       13.1254 |       18.2058 |       11.0762 |            4.0296 |            1.7507 |            4.4704 |            0.8255
 34732 |    322 | 2020-03-13 04:42:47   |       13.1313 |        18.206 |       11.7381 |            4.2689 |            1.8595 |            4.7314 |            0.8782
 34732 |    323 | 2020-03-13 04:42:57   |       13.1319 |       18.2086 |       11.9269 |            4.3376 |            1.8903 |            4.8057 |            0.8932
 34732 |    324 | 2020-03-13 04:43:09   |       13.1241 |       18.2074 |       11.9194 |            4.3332 |            1.8881 |            4.8052 |            0.8929
 34732 |    325 | 2020-03-13 04:43:19.5 |       13.1312 |       18.2083 |       12.2993 |            4.4693 |             1.952 |            4.9549 |             0.923
 34732 |    326 | 2020-03-13 04:43:30   |       13.1256 |       18.2091 |       11.0126 |            4.0089 |            1.7417 |            4.4449 |            0.8172
 34732 |    327 | 2020-03-13 04:43:42   |        13.129 |       18.2077 |         11.45 |             4.165 |             1.812 |             4.618 |             0.855
 34732 |    328 | 2020-03-13 04:43:52.5 |       13.1321 |       18.2108 |       12.0403 |            4.3805 |             1.909 |            4.8488 |             0.902
 34732 |    329 | 2020-03-13 04:44:04.5 |       13.1286 |       18.2089 |       11.9528 |            4.3461 |            1.8946 |            4.8177 |            0.8944
 34732 |    330 | 2020-03-13 04:44:19.5 |       13.1305 |       18.2075 |       12.2946 |            4.4676 |            1.9514 |            4.9531 |            0.9224
 34732 |    331 | 2020-03-13 04:44:34.5 |       13.1348 |       18.2112 |       11.1279 |            4.0477 |             1.761 |            4.4898 |            0.8294
 34732 |    332 | 2020-03-13 04:44:47.5 |       13.1299 |       18.2078 |       11.6706 |            4.2443 |            1.8485 |            4.7046 |            0.8733
 34732 |    333 | 2020-03-13 04:45:00.5 |       13.1297 |       18.2124 |       11.9441 |            4.3466 |            1.8916 |            4.8141 |            0.8919
 34732 |    334 | 2020-03-13 04:45:11.5 |       13.1262 |       18.2067 |       11.9658 |            4.3491 |            1.8969 |            4.8236 |            0.8961
 34732 |    335 | 2020-03-13 04:45:24   |        13.113 |       18.2038 |         11.18 |            4.0636 |            1.7673 |            4.5164 |            0.8327
 34732 |    336 | 2020-03-13 04:45:37   |        13.126 |       18.2076 |       11.0999 |            4.0363 |            1.7562 |            4.4798 |            0.8277
 34732 |    337 | 2020-03-13 04:45:47   |       13.1318 |       18.2064 |        11.759 |            4.2763 |            1.8634 |            4.7392 |            0.8801
 34732 |    338 | 2020-03-13 04:45:57   |       13.1336 |       18.2111 |       11.9992 |            4.3645 |            1.9026 |            4.8334 |            0.8988
 34732 |    339 | 2020-03-13 04:46:07   |       13.1255 |        18.207 |        11.909 |             4.329 |             1.887 |             4.802 |             0.891
 34732 |    340 | 2020-03-13 04:46:17   |       13.1331 |       18.2069 |       12.3758 |            4.4983 |            1.9647 |            4.9845 |            0.9283
 34732 |    341 | 2020-03-13 04:46:29.5 |       13.1294 |       18.2124 |       10.8261 |            3.9399 |             1.711 |            4.3725 |            0.8026
 34732 |    342 | 2020-03-13 04:46:42   |       13.1295 |       18.2075 |        11.493 |              4.18 |             1.819 |             4.635 |             0.859
 34732 |    343 | 2020-03-13 04:46:52   |        13.133 |       18.2082 |       11.9359 |            4.3396 |            1.8929 |            4.8092 |            0.8942
 34732 |    344 | 2020-03-13 04:47:02   |       13.1242 |        18.207 |       11.8023 |            4.2948 |            1.8665 |            4.7594 |            0.8815
 34732 |    345 | 2020-03-13 04:47:12   |       13.1283 |       18.2072 |       12.1006 |            4.3985 |            1.9191 |            4.8768 |            0.9062
 34732 |    346 | 2020-03-13 04:47:25   |       13.1041 |       18.1992 |       10.7032 |            3.8956 |             1.685 |            4.3294 |            0.7933
 34732 |    347 | 2020-03-13 04:47:38   |        13.128 |       18.2065 |         11.24 |             4.088 |             1.778 |             4.535 |             0.839
 34732 |    348 | 2020-03-13 04:47:48   |       13.1297 |       18.2083 |       11.7199 |             4.263 |            1.8561 |            4.7239 |            0.8769
 34732 |    349 | 2020-03-13 04:48:03.5 |       13.1297 |       18.2186 |       11.9992 |            4.3748 |            1.8923 |            4.8405 |            0.8915
 34732 |    350 | 2020-03-13 04:48:17.5 |       13.1326 |       18.2061 |       12.3263 |             4.479 |            1.9565 |             4.966 |            0.9248
 34732 |    351 | 2020-03-13 04:48:25.5 |        13.109 |       18.2074 |        10.359 |            3.7663 |            1.6332 |             4.193 |            0.7665
 34732 |    352 | 2020-03-13 04:48:34   |        13.126 |       18.2075 |        10.954 |             3.984 |             1.732 |             4.423 |             0.815
 34732 |    353 | 2020-03-13 04:48:42.5 |       13.1303 |       18.2075 |       11.5357 |            4.1952 |            1.8267 |            4.6514 |            0.8623
 34732 |    354 | 2020-03-13 04:48:52   |       13.1455 |       18.2147 |       12.1127 |            4.4042 |            1.9237 |            4.8763 |            0.9085
 34732 |    355 | 2020-03-13 04:49:02   |       13.1255 |       18.2068 |        11.846 |             4.307 |             1.877 |             4.776 |             0.886
 34732 |    356 | 2020-03-13 04:49:12   |       13.1298 |       18.2073 |       12.1554 |            4.4182 |            1.9281 |             4.898 |            0.9111
 34732 |    357 | 2020-03-13 04:49:25   |       13.1111 |       18.2065 |       10.6988 |              3.89 |            1.6888 |            4.3262 |            0.7938
 34732 |    358 | 2020-03-13 04:49:38   |       13.1285 |       18.2072 |        11.262 |             4.097 |             1.782 |             4.543 |              0.84
 34732 |    359 | 2020-03-13 04:49:47.5 |       13.1329 |       18.2091 |       11.8885 |            4.3244 |             1.884 |              4.79 |              0.89
 34732 |    360 | 2020-03-13 04:49:57   |       13.1261 |       18.2128 |       11.7225 |            4.2678 |            1.8543 |            4.7243 |            0.8761
 34732 |    361 | 2020-03-13 04:50:07   |        13.128 |       18.2162 |        12.334 |             4.493 |             1.949 |             4.973 |             0.919
 34732 |    362 | 2020-03-13 04:50:17   |       13.1317 |       18.2071 |       12.2897 |            4.4662 |            1.9499 |            4.9514 |            0.9223
 34732 |    363 | 2020-03-13 04:50:30.5 |       13.0872 |        18.198 |       10.7357 |            3.9196 |            1.6854 |            4.3412 |            0.7894
 34732 |    364 | 2020-03-13 04:50:43.5 |       13.1304 |       18.2054 |       11.5548 |            4.2012 |            1.8299 |            4.6591 |            0.8645
 34732 |    365 | 2020-03-13 04:50:53   |       13.0956 |       18.2154 |       11.9659 |            4.3575 |            1.8915 |            4.8234 |            0.8936
 34732 |    366 | 2020-03-13 04:51:03   |       13.1265 |        18.207 |        11.886 |             4.322 |             1.883 |             4.791 |              0.89
 34732 |    367 | 2020-03-13 04:51:12.5 |       13.1318 |       18.2055 |       12.2515 |            4.4529 |            1.9444 |            4.9357 |            0.9186
 34732 |    368 | 2020-03-13 04:51:25.5 |       13.1111 |       18.2071 |       10.7635 |            3.9136 |            1.6993 |            4.3512 |            0.7994
 34732 |    369 | 2020-03-13 04:51:38   |        13.128 |       18.2078 |       11.2038 |            4.0743 |            1.7725 |            4.5211 |            0.8359
 34732 |    370 | 2020-03-13 04:51:48   |       13.1335 |       18.2099 |       11.8499 |             4.311 |            1.8775 |            4.7744 |             0.887
 34732 |    371 | 2020-03-13 04:51:58   |       13.1268 |        18.208 |       11.8014 |            4.2923 |             1.869 |            4.7569 |            0.8833
 34732 |    372 | 2020-03-13 04:52:08   |         13.13 |       18.2073 |       12.1248 |            4.4082 |            1.9228 |            4.8853 |            0.9086
 34732 |    373 | 2020-03-13 04:52:20.5 |       13.1314 |       18.2098 |       12.4164 |            4.5135 |            1.9709 |             5.001 |             0.931
 34732 |    374 | 2020-03-13 04:52:33.5 |       13.1282 |       18.2081 |       10.9238 |            3.9734 |            1.7269 |            4.4108 |            0.8127
 34732 |    375 | 2020-03-13 04:52:44   |       13.1273 |       18.2074 |       11.4768 |            4.1748 |            1.8163 |            4.6279 |            0.8578
 34732 |    376 | 2020-03-13 04:52:53.5 |       13.0878 |       18.2166 |       11.9272 |             4.346 |            1.8833 |            4.8106 |            0.8873
 34732 |    377 | 2020-03-13 04:53:04   |       13.1259 |       18.2073 |       11.9626 |            4.3504 |            1.8955 |            4.8211 |            0.8955
 34732 |    378 | 2020-03-13 04:53:14   |       13.1304 |       18.2051 |       12.2137 |            4.4389 |            1.9379 |            4.9211 |            0.9158
 34732 |    379 | 2020-03-13 04:53:26   |       13.1098 |       18.2071 |       10.5694 |            3.8433 |            1.6676 |            4.2751 |            0.7835
 34732 |    380 | 2020-03-13 04:53:39   |         13.13 |       18.2077 |        11.325 |             4.119 |             1.792 |             4.569 |             0.845
 34732 |    381 | 2020-03-13 04:53:49   |       13.1474 |       18.2105 |       11.9327 |            4.3407 |            1.8924 |            4.8065 |            0.8931
 34732 |    382 | 2020-03-13 04:53:58.5 |       13.1138 |       18.2074 |       11.7819 |            4.2864 |            1.8643 |            4.7505 |            0.8807
 34732 |    383 | 2020-03-13 04:54:08   |       13.1312 |        18.207 |       12.1303 |              4.41 |            1.9236 |            4.8874 |            0.9093
 34732 |    384 | 2020-03-13 04:54:20.5 |       13.1312 |       18.2083 |       12.3949 |            4.5054 |            1.9671 |            4.9925 |            0.9298
 34732 |    385 | 2020-03-13 04:54:33.5 |       13.1297 |       18.2073 |       10.9773 |            3.9918 |            1.7367 |            4.4323 |            0.8164
 34732 |    386 | 2020-03-13 04:54:44   |       13.1331 |        18.209 |       11.6907 |            4.2528 |            1.8524 |            4.7108 |            0.8748
 34732 |    387 | 2020-03-13 04:54:56   |       13.1239 |       18.2071 |       11.6444 |            4.2353 |            1.8431 |            4.6953 |            0.8708
 34732 |    388 | 2020-03-13 04:55:08   |       13.1295 |       18.2074 |       12.1072 |            4.4021 |            1.9194 |            4.8785 |            0.9071
 34732 |    389 | 2020-03-13 04:55:16.5 |       13.1347 |       18.2107 |       12.4225 |            4.5162 |             1.972 |            5.0021 |            0.9321
 34732 |    390 | 2020-03-13 04:55:27.5 |       13.1102 |        18.207 |       10.2206 |            3.7167 |            1.6103 |            4.1373 |            0.7562
 34732 |    391 | 2020-03-13 04:55:39.5 |       13.1319 |       18.2064 |       11.4157 |            4.1514 |            1.8075 |            4.6042 |            0.8527
 34732 |    392 | 2020-03-13 04:55:49   |       13.1444 |       18.2127 |       11.8216 |             4.298 |            1.8759 |            4.7617 |            0.8859
 34732 |    393 | 2020-03-13 04:55:59   |        13.126 |       18.2075 |        11.777 |             4.283 |             1.865 |             4.748 |             0.881
 34732 |    394 | 2020-03-13 04:56:09   |       13.1332 |       18.2076 |       12.2386 |            4.4495 |            1.9415 |            4.9299 |            0.9178
 34732 |    395 | 2020-03-13 04:56:21   |       13.1313 |       18.2092 |       12.2967 |            4.4692 |            1.9516 |            4.9541 |            0.9218
 34732 |    396 | 2020-03-13 04:56:33.5 |       13.1293 |       18.2072 |       10.9652 |            3.9875 |            1.7346 |            4.4272 |            0.8159
 34732 |    397 | 2020-03-13 04:56:44   |       13.1357 |       18.2081 |       11.6393 |            4.2341 |            1.8437 |            4.6913 |            0.8701
 34732 |    398 | 2020-03-13 04:56:54   |       13.1128 |       18.2053 |       11.5727 |            4.2134 |            1.8279 |            4.6685 |            0.8629
 34732 |    399 | 2020-03-13 04:57:03.5 |       13.1275 |       18.2076 |       11.9325 |            4.3381 |            1.8908 |            4.8098 |            0.8938
 34732 |    400 | 2020-03-13 04:57:13.5 |       13.1326 |        18.175 |       12.2226 |            4.4489 |            1.9359 |            4.9235 |            0.9143
 34732 |    401 | 2020-03-13 04:57:26.5 |       13.1094 |       18.2073 |       10.5086 |            3.8219 |            1.6569 |            4.2507 |            0.7791
 34732 |    402 | 2020-03-13 04:57:39   |        13.132 |       18.2075 |        11.414 |             4.152 |             1.807 |             4.603 |             0.852
 34732 |    403 | 2020-03-13 04:57:49   |       13.1128 |       18.2146 |       11.6726 |             4.255 |             1.841 |            4.7087 |            0.8678
 34732 |    404 | 2020-03-13 04:57:59   |        13.128 |        18.207 |        11.878 |             4.319 |             1.882 |             4.787 |              0.89
 34732 |    405 | 2020-03-13 04:58:09.5 |       13.1313 |       18.2079 |       12.2674 |            4.4591 |            1.9471 |            4.9401 |            0.9211
 34732 |    406 | 2020-03-13 04:58:23.5 |       13.1275 |       18.2085 |       11.9015 |            4.3249 |            1.8866 |            4.7995 |            0.8905
 34732 |    407 | 2020-03-13 04:58:36.5 |       13.1312 |       18.2068 |       11.2547 |            4.0939 |             1.781 |            4.5407 |            0.8391
 34732 |    408 | 2020-03-13 04:58:45   |       13.1337 |       18.2118 |        11.632 |            4.2306 |            1.8422 |            4.6891 |              0.87
 34732 |    409 | 2020-03-13 04:58:54   |       13.1253 |       18.2002 |       11.6403 |            4.2341 |             1.842 |            4.6936 |            0.8706
 34732 |    410 | 2020-03-13 04:59:04   |       13.1309 |       18.2056 |       12.0972 |            4.3981 |            1.9183 |            4.8745 |            0.9064
 34732 |    411 | 2020-03-13 04:59:14   |       13.1341 |       18.2101 |       12.2291 |            4.4452 |            1.9414 |            4.9254 |             0.917
 34732 |    412 | 2020-03-13 04:59:26.5 |       13.1095 |       18.2067 |       10.5561 |            3.8379 |            1.6654 |            4.2696 |            0.7832
 34732 |    413 | 2020-03-13 04:59:39.5 |       13.1326 |       18.2073 |        11.458 |            4.1677 |            1.8144 |            4.6205 |            0.8554
 34732 |    414 | 2020-03-13 04:59:49.5 |       13.1375 |       18.2098 |        11.548 |            4.1988 |            1.8293 |            4.6555 |            0.8643
 34732 |    415 | 2020-03-13 04:59:59   |        13.129 |       18.2072 |        11.915 |             4.333 |             1.888 |             4.802 |             0.892
 34732 |    416 | 2020-03-13 05:00:09   |        13.132 |       18.2089 |       12.2102 |            4.4398 |            1.9368 |            4.9187 |            0.9149
 34732 |    417 | 2020-03-13 05:00:21   |       13.1267 |       18.2075 |       12.1837 |            4.4287 |            1.9322 |            4.9101 |            0.9127
 34732 |    418 | 2020-03-13 05:00:34   |       13.1294 |       18.2055 |       11.0757 |            4.0281 |            1.7521 |            4.4704 |            0.8251
 34732 |    419 | 2020-03-13 05:00:44.5 |       13.0817 |       18.1928 |       11.5242 |            4.2015 |            1.8165 |            4.6502 |            0.8559
 34732 |    420 | 2020-03-13 05:00:54   |        13.125 |       18.2062 |       11.6404 |            4.2341 |            1.8425 |            4.6931 |            0.8707
 34732 |    421 | 2020-03-13 05:01:04.5 |       13.1318 |       18.2078 |       12.1719 |            4.4262 |              1.93 |            4.9029 |            0.9128
 34732 |    422 | 2020-03-13 05:01:15   |       13.0965 |        18.197 |        12.116 |             4.419 |              1.91 |             4.887 |               0.9
 34732 |    423 | 2020-03-13 05:01:28   |       13.1122 |       18.2068 |        10.378 |            3.7742 |            1.6359 |            4.1995 |            0.7685
 34732 |    424 | 2020-03-13 05:01:42.5 |       13.1088 |       18.2118 |       11.6844 |            4.2625 |            1.8415 |            4.7148 |            0.8657
 34732 |    425 | 2020-03-13 05:01:56.5 |       13.1301 |       18.2072 |       11.8828 |            4.3213 |            1.8834 |            4.7888 |            0.8894
 34732 |    426 | 2020-03-13 05:02:09   |       13.1353 |       18.2118 |       12.2519 |            4.4561 |            1.9444 |            4.9336 |            0.9178
 34732 |    427 | 2020-03-13 05:02:23   |        13.129 |       18.2075 |        12.224 |             4.443 |             1.939 |             4.926 |             0.916
 34732 |    428 | 2020-03-13 05:02:39   |       13.1335 |       18.2102 |        11.518 |             4.191 |             1.825 |             4.643 |             0.859
 34732 |    429 | 2020-03-13 05:02:51   |        13.128 |       18.2072 |         11.64 |             4.234 |             1.843 |             4.693 |              0.87
 34732 |    430 | 2020-03-13 05:03:04   |       13.1318 |       18.2086 |       12.0864 |            4.3952 |            1.9162 |             4.869 |             0.906
 34732 |    431 | 2020-03-13 05:03:16   |       13.1249 |       18.2071 |        11.967 |            4.3507 |            1.8966 |            4.8242 |            0.8955
 34732 |    432 | 2020-03-13 05:03:31   |       13.1325 |       18.2085 |        10.953 |             3.983 |             1.733 |             4.422 |             0.815
 34732 |    433 | 2020-03-13 05:03:47.5 |       13.1265 |       18.2075 |       11.4742 |            4.1735 |             1.816 |            4.6276 |             0.857
 34732 |    434 | 2020-03-13 05:04:00   |       13.1326 |       18.2081 |       12.1058 |            4.4025 |            1.9192 |            4.8769 |            0.9072
 34732 |    435 | 2020-03-13 05:04:12.5 |       13.1308 |        18.209 |        12.115 |            4.4045 |            1.9217 |            4.8811 |            0.9077
 34732 |    436 | 2020-03-13 05:04:27.5 |       13.1109 |       18.2071 |       10.4949 |            3.8168 |            1.6554 |             4.245 |            0.7778
 34732 |    437 | 2020-03-13 05:04:42.5 |       13.1241 |       18.2076 |       11.2312 |            4.0867 |            1.7755 |             4.532 |             0.837
 34732 |    438 | 2020-03-13 05:04:55.5 |       13.1313 |       18.2067 |       11.9352 |            4.3403 |            1.8917 |             4.809 |            0.8943
 34732 |    439 | 2020-03-13 05:05:08   |       13.1312 |       18.2036 |       12.1585 |            4.4208 |            1.9285 |            4.8982 |             0.911
 34732 |    440 | 2020-03-13 05:05:23   |         13.13 |       18.2075 |        12.268 |             4.458 |             1.947 |             4.943 |              0.92
 34732 |    441 | 2020-03-13 05:05:38.5 |       13.0559 |       18.1987 |       11.0496 |            4.0361 |            1.7316 |            4.4671 |            0.8148
 34732 |    442 | 2020-03-13 05:05:51   |       13.0949 |       18.2108 |       11.7288 |            4.2746 |            1.8494 |            4.7315 |            0.8733
 34732 |    443 | 2020-03-13 05:06:03.5 |       13.1264 |       18.2097 |       11.9273 |            4.3371 |            1.8898 |            4.8072 |            0.8932
 34732 |    444 | 2020-03-13 05:06:16.5 |       13.1319 |       18.2093 |       12.1669 |            4.4237 |            1.9298 |            4.9017 |            0.9116
 34732 |    445 | 2020-03-13 05:06:32   |       13.1299 |       18.2077 |       10.7401 |            3.9058 |            1.6983 |            4.3387 |            0.7973
 34732 |    446 | 2020-03-13 05:06:47.5 |       13.1308 |        18.206 |       11.8761 |             4.329 |            1.8746 |            4.7893 |            0.8831
 34732 |    447 | 2020-03-13 05:07:00   |       13.1311 |       18.2085 |       12.0226 |            4.3726 |            1.9059 |            4.8432 |            0.9009
 34732 |    448 | 2020-03-13 05:07:12.5 |       13.1294 |       18.2055 |       12.1474 |            4.4155 |            1.9264 |            4.8948 |            0.9106
 34732 |    449 | 2020-03-13 05:07:28   |       13.1189 |       18.2073 |       10.4602 |            3.8026 |            1.6515 |            4.2312 |            0.7749
 34732 |    450 | 2020-03-13 05:07:43   |       13.1265 |       18.2072 |        11.296 |             4.109 |             1.787 |             4.557 |             0.843
 34732 |    451 | 2020-03-13 05:07:55.5 |       13.1306 |       18.2061 |       11.8935 |            4.3246 |            1.8853 |            4.7935 |            0.8901
 34732 |    452 | 2020-03-13 05:08:08.5 |       13.1238 |       18.2075 |       11.8305 |            4.3018 |            1.8739 |            4.7702 |            0.8845
 34732 |    453 | 2020-03-13 05:08:23.5 |       13.1038 |       18.2058 |       10.4728 |            3.8101 |            1.6505 |            4.2373 |            0.7749
 34732 |    454 | 2020-03-13 05:08:38   |       13.1282 |       18.2082 |       11.1831 |            4.0677 |            1.7687 |            4.5121 |            0.8346
 34732 |    455 | 2020-03-13 05:08:50.5 |        13.133 |       18.2096 |       11.9429 |            4.3447 |            1.8932 |            4.8107 |            0.8943
 34732 |    456 | 2020-03-13 05:09:03.5 |       13.1259 |       18.2071 |       11.8938 |            4.3242 |            1.8847 |            4.7947 |            0.8902
 34732 |    457 | 2020-03-13 05:09:16   |        13.133 |       18.2085 |       12.3708 |            4.4966 |            1.9636 |             4.983 |            0.9276
 34732 |    458 | 2020-03-13 05:09:28.5 |       13.1262 |       18.2013 |       12.1708 |            4.4361 |            1.9197 |            4.9103 |            0.9046
 34732 |    459 | 2020-03-13 05:09:41   |       13.1308 |       18.2057 |       12.4049 |            4.5065 |            1.9698 |            4.9981 |            0.9305
 34732 |    460 | 2020-03-13 05:09:53.5 |       13.0927 |       18.2079 |       12.4184 |            4.5187 |            1.9678 |             5.006 |            0.9258
 34732 |    461 | 2020-03-13 05:10:06   |       13.1233 |       18.2082 |       12.1761 |            4.4227 |            1.9319 |              4.91 |            0.9115
 34732 |    462 | 2020-03-13 05:10:18.5 |       13.1319 |       18.2104 |       12.6324 |            4.5898 |            2.0078 |            5.0886 |            0.9462
 34732 |    463 | 2020-03-13 05:10:33   |       13.1273 |       18.2073 |       10.6585 |            3.8725 |             1.686 |              4.31 |              0.79
 34732 |    464 | 2020-03-13 05:10:46   |       13.1309 |        18.208 |        11.708 |             4.257 |            1.8546 |            4.7217 |            0.8747
 34732 |    465 | 2020-03-13 05:10:56   |       13.0928 |       18.2137 |       11.9214 |            4.3508 |            1.8745 |            4.8121 |            0.8841
 34732 |    466 | 2020-03-13 05:11:06   |       13.1286 |       18.2067 |       11.9165 |            4.3311 |            1.8891 |            4.8037 |            0.8926
 34732 |    467 | 2020-03-13 05:11:15.5 |       13.1316 |        18.207 |       12.2941 |            4.4684 |            1.9513 |            4.9528 |            0.9216
 34732 |    468 | 2020-03-13 05:11:29   |       13.1156 |       18.2076 |       10.7884 |            3.9218 |            1.7036 |            4.3624 |            0.8006
 34732 |    469 | 2020-03-13 05:11:41.5 |       13.1297 |       18.2056 |       11.3018 |            4.1107 |            1.7882 |            4.5599 |             0.843
 34732 |    470 | 2020-03-13 05:11:51   |       13.1325 |       18.2117 |         11.91 |             4.333 |             1.888 |             4.798 |             0.891
 34732 |    471 | 2020-03-13 05:12:01.5 |       13.1237 |       18.2069 |       11.6986 |            4.2544 |            1.8521 |            4.7176 |            0.8746
 34732 |    472 | 2020-03-13 05:12:11.5 |       13.1308 |       18.2063 |       12.1721 |            4.4248 |            1.9306 |            4.9042 |            0.9126
 34732 |    473 | 2020-03-13 05:12:24   |       13.1347 |       18.2086 |       12.3651 |            4.4941 |            1.9631 |            4.9808 |            0.9271
 34732 |    474 | 2020-03-13 05:12:37   |       13.1325 |       18.2082 |        11.216 |             4.079 |             1.775 |             4.526 |             0.836
 34732 |    475 | 2020-03-13 05:12:47   |       13.1315 |        18.207 |        11.636 |             4.233 |             1.843 |              4.69 |              0.87
 34732 |    476 | 2020-03-13 05:12:56.5 |       13.1305 |        18.208 |       11.9285 |            4.3404 |            1.8891 |            4.8074 |            0.8916
 34732 |    477 | 2020-03-13 05:13:07.5 |       13.1344 |       18.2109 |       12.1448 |            4.4167 |            1.9263 |            4.8921 |            0.9096
 34732 |    478 | 2020-03-13 05:13:17.5 |       13.1264 |       18.2076 |       12.0407 |            4.3769 |            1.9087 |            4.8537 |            0.9013
 34732 |    479 | 2020-03-13 05:13:29.5 |       13.1099 |       18.2074 |       10.5331 |            3.8306 |            1.6608 |            4.2607 |            0.7809
 34732 |    480 | 2020-03-13 05:13:42   |       13.1232 |       18.1849 |       11.0438 |            4.0241 |            1.7412 |            4.4578 |            0.8207
 34732 |    481 | 2020-03-13 05:13:52   |       13.1299 |       18.2058 |       11.6928 |            4.2524 |            1.8515 |            4.7144 |            0.8743
 34732 |    482 | 2020-03-13 05:14:01.5 |       13.1318 |       18.2075 |       11.9605 |            4.3484 |            1.8962 |            4.8196 |            0.8962
 34732 |    483 | 2020-03-13 05:14:11.5 |       13.1012 |       18.1849 |       11.8997 |            4.3335 |            1.8806 |             4.799 |            0.8867
 34732 |    484 | 2020-03-13 05:14:23.5 |       13.1346 |       18.2075 |       12.5266 |            4.5525 |            1.9894 |            5.0446 |              0.94
 34732 |    485 | 2020-03-13 05:14:36.5 |       13.1414 |         18.21 |       11.0796 |             4.029 |            1.7544 |            4.4712 |             0.825
 34732 |    486 | 2020-03-13 05:14:47   |       13.1378 |       18.2064 |       11.4115 |            4.1498 |            1.8068 |            4.6021 |             0.853
 34732 |    487 | 2020-03-13 05:14:57   |        13.133 |       18.2085 |        11.984 |             4.359 |             1.899 |             4.828 |             0.898
 34732 |    488 | 2020-03-13 05:15:07   |       13.1194 |       18.2048 |       11.9527 |            4.3517 |            1.8895 |            4.8191 |            0.8924
 34732 |    489 | 2020-03-13 05:15:17   |        13.128 |       18.2078 |        12.102 |             4.399 |             1.919 |             4.877 |             0.907
 34732 |    490 | 2020-03-13 05:15:30   |        13.112 |       18.2074 |       10.4762 |            3.8096 |            1.6522 |             4.238 |            0.7764
 34732 |    491 | 2020-03-13 05:15:43   |        13.125 |        18.207 |       11.1683 |             4.062 |            1.7661 |            4.5079 |            0.8324
 34732 |    492 | 2020-03-13 05:15:56   |       13.1318 |       18.2083 |       11.9194 |            4.3353 |            1.8886 |            4.8027 |            0.8928
 34732 |    493 | 2020-03-13 05:16:08   |       13.1262 |        18.208 |       11.8703 |            4.3163 |            1.8805 |             4.785 |            0.8886
 34732 |    494 | 2020-03-13 05:16:15.5 |       13.1279 |       18.2077 |       12.0823 |             4.392 |            1.9158 |            4.8694 |            0.9051
 34732 |    495 | 2020-03-13 05:16:25   |       13.1285 |       18.2072 |        12.212 |             4.439 |             1.937 |             4.921 |             0.915
 34732 |    496 | 2020-03-13 05:16:39   |       13.1347 |       18.2089 |       11.1471 |            4.0533 |            1.7643 |            4.4982 |            0.8313
(497 rows)

