  run  | subrun |         time          | step1_voltage | step2_voltage | total_current | pos_2step_current | pos_1step_current | neg_2step_current | neg_1step_current 
-------+--------+-----------------------+---------------+---------------+---------------+-------------------+-------------------+-------------------+-------------------
 34759 |      0 | 2020-03-14 07:54:00   |       13.1432 |       18.2107 |       12.4355 |            4.5186 |             1.974 |            5.0095 |            0.9334
 34759 |      1 | 2020-03-14 07:54:12.5 |       13.1244 |       18.2042 |       10.9096 |            3.9723 |            1.7203 |            4.4088 |            0.8082
 34759 |      2 | 2020-03-14 07:54:23   |       13.1299 |       18.2072 |       11.5686 |            4.2074 |            1.8318 |            4.6654 |            0.8641
 34759 |      3 | 2020-03-14 07:54:33   |       13.1226 |       18.2082 |       12.0614 |            4.3919 |            1.9082 |            4.8619 |            0.8994
 34759 |      4 | 2020-03-14 07:54:43   |        13.093 |         18.19 |        12.006 |              4.38 |             1.892 |             4.843 |             0.891
 34759 |      5 | 2020-03-14 07:54:53   |       13.1294 |       18.2063 |       12.2287 |            4.4456 |            1.9395 |            4.9274 |            0.9162
 34759 |      6 | 2020-03-14 07:55:06   |       13.1297 |       18.2094 |       10.6648 |            3.8772 |             1.686 |            4.3107 |            0.7909
 34759 |      7 | 2020-03-14 07:55:18.5 |       13.1256 |       18.2068 |       11.1164 |            4.0436 |            1.7572 |            4.4879 |            0.8277
 34759 |      8 | 2020-03-14 07:55:28   |       13.1306 |       18.2059 |       11.7382 |              4.27 |            1.8595 |            4.7316 |            0.8771
 34759 |      9 | 2020-03-14 07:55:38   |        13.124 |        18.207 |        11.696 |             4.253 |             1.851 |             4.718 |             0.874
 34759 |     10 | 2020-03-14 07:55:48   |       13.1289 |       18.2066 |       12.1079 |            4.4019 |            1.9195 |            4.8798 |            0.9068
 34759 |     11 | 2020-03-14 07:56:00.5 |       13.1299 |       18.2087 |       12.4229 |            4.5158 |            1.9713 |             5.005 |            0.9308
 34759 |     12 | 2020-03-14 07:56:13.5 |        13.126 |       18.2066 |       10.9055 |            3.9665 |            1.7244 |            4.4045 |            0.8102
 34759 |     13 | 2020-03-14 07:56:26.5 |       13.1321 |       18.2073 |       11.7488 |            4.2745 |            1.8607 |            4.7352 |            0.8783
 34759 |     14 | 2020-03-14 07:56:39   |       13.1227 |       18.2063 |       11.7262 |            4.2642 |            1.8562 |            4.7289 |            0.8768
 34759 |     15 | 2020-03-14 07:56:48   |       13.1295 |       18.2054 |       12.1421 |            4.4142 |            1.9254 |            4.8929 |            0.9096
 34759 |     16 | 2020-03-14 07:56:56   |       13.1342 |         18.21 |       12.4421 |            4.5231 |            1.9753 |            5.0107 |             0.933
 34759 |     17 | 2020-03-14 07:57:07   |        13.108 |       18.2073 |        10.235 |             3.722 |             1.612 |             4.145 |             0.756
 34759 |     18 | 2020-03-14 07:57:19   |       13.1294 |        18.206 |       11.3785 |            4.1381 |             1.801 |            4.5904 |            0.8489
 34759 |     19 | 2020-03-14 07:57:29   |       13.1327 |       18.1858 |       11.7519 |            4.2777 |             1.862 |            4.7332 |             0.879
 34759 |     20 | 2020-03-14 07:57:38.5 |       13.1248 |       18.2056 |       11.7599 |            4.2762 |            1.8627 |             4.741 |            0.8799
 34759 |     21 | 2020-03-14 07:57:48   |       13.1299 |       18.2055 |       12.1414 |            4.4135 |            1.9254 |            4.8931 |            0.9094
 34759 |     22 | 2020-03-14 07:58:00   |       13.1303 |       18.1932 |        12.326 |            4.4805 |            1.9555 |             4.966 |             0.924
 34759 |     23 | 2020-03-14 07:58:13   |        13.128 |       18.2069 |       10.9938 |            3.9978 |            1.7385 |            4.4393 |            0.8182
 34759 |     24 | 2020-03-14 07:58:23.5 |       13.1332 |       18.2089 |       11.6683 |            4.2427 |            1.8494 |             4.703 |            0.8732
 34759 |     25 | 2020-03-14 07:58:33.5 |       13.1216 |       18.1999 |        11.663 |            4.2533 |            1.8359 |            4.7072 |            0.8667
 34759 |     26 | 2020-03-14 07:58:43   |        13.128 |       18.2061 |       11.9935 |            4.3608 |            1.8998 |             4.835 |            0.8979
 34759 |     27 | 2020-03-14 07:58:53   |       13.1313 |       18.2064 |        12.344 |             4.487 |             1.959 |            4.9723 |            0.9258
 34759 |     28 | 2020-03-14 07:59:06   |       13.1085 |       18.2065 |        10.318 |             3.752 |             1.626 |             4.177 |             0.763
 34759 |     29 | 2020-03-14 07:59:19   |       13.1306 |       18.2053 |       11.4274 |            4.1568 |            1.8089 |            4.6088 |            0.8529
 34759 |     30 | 2020-03-14 07:59:29   |       13.1335 |       18.2098 |        11.786 |            4.2877 |            1.8674 |            4.7496 |            0.8812
 34759 |     31 | 2020-03-14 07:59:39   |        13.125 |       18.2062 |        11.769 |              4.28 |             1.864 |             4.745 |              0.88
 34759 |     32 | 2020-03-14 07:59:48.5 |       13.1303 |       18.2056 |       12.1933 |            4.4336 |            1.9335 |            4.9127 |            0.9135
 34759 |     33 | 2020-03-14 08:00:01   |       13.1077 |       18.2016 |       12.1985 |            4.4429 |            1.9267 |            4.9193 |            0.9096
 34759 |     34 | 2020-03-14 08:00:14   |       13.1276 |       18.2066 |       10.9666 |            3.9889 |            1.7337 |            4.4279 |            0.8161
 34759 |     35 | 2020-03-14 08:00:23.5 |       13.1319 |       18.2075 |       11.6434 |            4.2346 |            1.8444 |            4.6937 |            0.8706
 34759 |     36 | 2020-03-14 08:00:33.5 |        13.125 |       18.2067 |       11.6309 |            4.2307 |            1.8406 |            4.6904 |            0.8692
 34759 |     37 | 2020-03-14 08:00:43   |       13.1278 |        18.206 |       12.0136 |            4.3676 |             1.904 |            4.8422 |            0.8999
 34759 |     38 | 2020-03-14 08:00:53   |       13.0946 |       18.1929 |       12.2863 |            4.4773 |            1.9386 |            4.9551 |            0.9153
 34759 |     39 | 2020-03-14 08:01:06   |       13.1069 |        18.206 |         10.49 |            3.8144 |            1.6542 |            4.2447 |            0.7766
 34759 |     40 | 2020-03-14 08:01:19   |        13.132 |       18.2065 |       11.4773 |            4.1746 |            1.8171 |            4.6282 |            0.8575
 34759 |     41 | 2020-03-14 08:01:29   |       13.1337 |       18.2137 |       11.6825 |            4.2499 |             1.851 |            4.7089 |            0.8727
 34759 |     42 | 2020-03-14 08:01:39   |       13.1265 |        18.207 |        11.824 |               4.3 |             1.873 |             4.767 |             0.884
 34759 |     43 | 2020-03-14 08:01:48.5 |       13.1316 |       18.2064 |       12.2737 |            4.4621 |            1.9468 |            4.9441 |            0.9208
 34759 |     44 | 2020-03-14 08:02:00   |       13.1395 |       18.2097 |       12.3085 |            4.4768 |            1.9532 |            4.9592 |            0.9194
 34759 |     45 | 2020-03-14 08:02:13   |       13.1282 |        18.207 |       10.9153 |            3.9697 |            1.7254 |            4.4083 |            0.8118
 34759 |     46 | 2020-03-14 08:02:24   |       13.1338 |       18.2103 |       11.7579 |            4.2775 |            1.8625 |            4.7387 |            0.8793
 34759 |     47 | 2020-03-14 08:02:34   |       13.1223 |       18.2035 |       11.5486 |            4.2027 |            1.8254 |            4.6583 |            0.8621
 34759 |     48 | 2020-03-14 08:02:43.5 |       13.1287 |       18.2065 |        12.013 |            4.3678 |            1.9035 |            4.8419 |            0.8997
 34759 |     49 | 2020-03-14 08:02:53   |        13.152 |       18.2024 |       12.2579 |            4.4549 |            1.9471 |            4.9366 |            0.9193
 34759 |     50 | 2020-03-14 08:03:06   |       13.1166 |       18.2049 |       10.7046 |            3.8905 |             1.691 |            4.3279 |            0.7952
 34759 |     51 | 2020-03-14 08:03:19   |       13.1315 |        18.207 |        11.423 |             4.155 |             1.808 |             4.607 |             0.853
 34759 |     52 | 2020-03-14 08:03:32.5 |       13.1281 |       18.2058 |       11.5143 |            4.1877 |             1.822 |            4.6439 |            0.8607
 34759 |     53 | 2020-03-14 08:03:45   |       13.1299 |       18.2067 |       12.1087 |            4.4028 |            1.9196 |            4.8793 |             0.907
 34759 |     54 | 2020-03-14 08:03:53.5 |       13.1338 |       18.2135 |       12.4635 |            4.5312 |            1.9782 |            5.0187 |            0.9353
 34759 |     55 | 2020-03-14 08:04:03   |       13.1215 |        18.207 |        11.945 |             4.342 |             1.892 |             4.818 |             0.893
 34759 |     56 | 2020-03-14 08:04:13.5 |       13.1308 |       18.2058 |       11.0533 |             4.019 |            1.7488 |            4.4625 |             0.823
 34759 |     57 | 2020-03-14 08:04:24   |       13.1339 |       18.2102 |       11.7052 |            4.2587 |            1.8543 |             4.717 |            0.8752
 34759 |     58 | 2020-03-14 08:04:34.5 |        13.125 |       18.2067 |       11.6823 |            4.2498 |            1.8493 |            4.7104 |            0.8727
 34759 |     59 | 2020-03-14 08:04:44.5 |       13.1309 |       18.2048 |       12.1245 |            4.4083 |            1.9225 |            4.8851 |            0.9086
 34759 |     60 | 2020-03-14 08:04:53.5 |       13.1368 |       18.2107 |       12.2605 |             4.456 |            1.9469 |            4.9375 |            0.9202
 34759 |     61 | 2020-03-14 08:05:06.5 |       13.1095 |        18.207 |       10.4603 |            3.8038 |            1.6491 |            4.2325 |            0.7749
 34759 |     62 | 2020-03-14 08:05:19.5 |       13.1306 |       18.2056 |       11.4181 |            4.1527 |            1.8074 |            4.6058 |            0.8522
 34759 |     63 | 2020-03-14 08:05:29   |       13.1221 |       18.2117 |       11.6824 |            4.2543 |             1.847 |            4.7111 |              0.87
 34759 |     64 | 2020-03-14 08:05:39   |       13.1255 |       18.2067 |        11.794 |              4.29 |             1.867 |             4.755 |             0.882
 34759 |     65 | 2020-03-14 08:05:49   |       13.1307 |       18.2083 |       12.2165 |            4.4409 |            1.9372 |            4.9222 |            0.9163
 34759 |     66 | 2020-03-14 08:06:01   |       13.1247 |       18.2092 |       12.1515 |            4.4167 |            1.9266 |            4.8982 |              0.91
 34759 |     67 | 2020-03-14 08:06:13.5 |       13.1316 |       18.2056 |       11.0833 |            4.0306 |            1.7535 |            4.4743 |            0.8248
 34759 |     68 | 2020-03-14 08:06:24   |        13.134 |       18.2106 |       11.6991 |            4.2574 |            1.8531 |            4.7145 |            0.8741
 34759 |     69 | 2020-03-14 08:06:34   |       13.1253 |       18.2061 |       11.6713 |            4.2451 |            1.8474 |            4.7061 |            0.8727
 34759 |     70 | 2020-03-14 08:06:44   |       13.1306 |       18.2056 |       12.1365 |            4.4132 |            1.9243 |            4.8892 |            0.9098
 34759 |     71 | 2020-03-14 08:06:58   |       13.1271 |       18.2077 |       11.9711 |            4.3521 |            1.8973 |            4.8271 |            0.8947
 34759 |     72 | 2020-03-14 08:07:11   |        13.129 |       18.2067 |         10.85 |             3.945 |             1.716 |             4.383 |             0.806
 34759 |     73 | 2020-03-14 08:07:19.5 |       13.1325 |       18.2089 |       11.4945 |            4.1814 |            1.8201 |            4.6354 |            0.8576
 34759 |     74 | 2020-03-14 08:07:29   |       13.1283 |       18.2092 |       11.5496 |            4.2025 |            1.8284 |             4.657 |            0.8618
 34759 |     75 | 2020-03-14 08:07:39   |        13.129 |       18.2067 |         11.94 |             4.341 |             1.892 |             4.813 |             0.894
 34759 |     76 | 2020-03-14 08:07:49   |       13.1382 |       18.2124 |       12.3436 |            4.4873 |            1.9597 |            4.9707 |            0.9259
 34759 |     77 | 2020-03-14 08:08:01   |       13.1357 |       18.2115 |       12.3758 |            4.4978 |            1.9655 |            4.9848 |            0.9277
 34759 |     78 | 2020-03-14 08:08:14   |       13.1306 |       18.2042 |       11.0726 |            4.0261 |            1.7519 |            4.4707 |            0.8239
 34759 |     79 | 2020-03-14 08:08:24.5 |       13.1287 |       18.2061 |       11.3885 |            4.1454 |            1.8006 |            4.5936 |            0.8489
 34759 |     80 | 2020-03-14 08:08:34.5 |       13.1273 |       18.2069 |       11.7517 |            4.2743 |            1.8611 |            4.7373 |            0.8791
 34759 |     81 | 2020-03-14 08:08:44.5 |       13.1317 |       18.2073 |       12.1944 |            4.4346 |            1.9337 |            4.9118 |            0.9141
 34759 |     82 | 2020-03-14 08:08:54.5 |       13.1243 |        18.192 |       11.9491 |            4.3497 |            1.8914 |             4.815 |            0.8931
 34759 |     83 | 2020-03-14 08:09:07.5 |       13.1088 |        18.206 |       10.3765 |            3.7732 |            1.6351 |               4.2 |            0.7682
 34759 |     84 | 2020-03-14 08:09:20   |       13.1375 |       18.2101 |       11.4783 |            4.1753 |            1.8178 |            4.6278 |            0.8574
 34759 |     85 | 2020-03-14 08:09:30   |       13.1093 |        18.202 |       11.5575 |            4.2088 |            1.8247 |            4.6623 |            0.8617
 34759 |     86 | 2020-03-14 08:09:39.5 |       13.1298 |       18.2041 |       11.9892 |            4.3602 |            1.8996 |            4.8317 |            0.8977
 34759 |     87 | 2020-03-14 08:09:49   |       13.1191 |       18.2019 |       12.3179 |            4.4857 |            1.9487 |            4.9641 |            0.9194
 34759 |     88 | 2020-03-14 08:10:01   |       13.1277 |       18.2054 |        12.254 |            4.4519 |            1.9449 |            4.9381 |             0.919
 34759 |     89 | 2020-03-14 08:10:14   |       13.1365 |       18.2077 |       11.1811 |             4.068 |            1.7694 |             4.512 |            0.8317
 34759 |     90 | 2020-03-14 08:10:28   |       13.1214 |       18.2141 |        11.552 |            4.2151 |            1.8178 |            4.6625 |            0.8567
 34759 |     91 | 2020-03-14 08:10:40   |       13.1308 |       18.2054 |        12.041 |            4.3782 |            1.9084 |            4.8523 |             0.902
 34759 |     92 | 2020-03-14 08:10:48   |       13.1326 |       18.2107 |       12.3064 |            4.4767 |            1.9522 |            4.9555 |             0.922
 34759 |     93 | 2020-03-14 08:10:56.5 |       13.1237 |       18.2064 |       11.9591 |            4.3472 |            1.8949 |            4.8224 |            0.8946
 34759 |     94 | 2020-03-14 08:11:08   |       13.1111 |       18.2054 |          10.4 |            3.7818 |            1.6395 |             4.209 |            0.7696
 34759 |     95 | 2020-03-14 08:11:20   |         13.13 |       18.1944 |       11.3006 |            4.1213 |            1.7789 |            4.5634 |            0.8369
 34759 |     96 | 2020-03-14 08:11:29.5 |       13.1267 |       18.2079 |       11.5472 |            4.1989 |            1.8279 |            4.6576 |            0.8628
 34759 |     97 | 2020-03-14 08:11:39   |       13.1315 |       18.2072 |        12.039 |             4.378 |             1.908 |             4.851 |             0.902
 34759 |     98 | 2020-03-14 08:11:49   |       13.1402 |       18.2095 |       12.2373 |            4.4514 |             1.941 |            4.9298 |            0.9151
 34759 |     99 | 2020-03-14 08:12:01.5 |       13.1292 |       18.2062 |       12.3182 |             4.477 |            1.9536 |            4.9645 |            0.9233
 34759 |    100 | 2020-03-14 08:12:14.5 |       13.1331 |       18.2083 |       11.2112 |            4.0781 |            1.7738 |            4.5244 |            0.8349
 34759 |    101 | 2020-03-14 08:12:25   |       13.1235 |       18.2065 |        11.284 |            4.1047 |             1.784 |            4.5538 |            0.8415
 34759 |    102 | 2020-03-14 08:12:34.5 |       13.1277 |       18.2067 |       11.7724 |            4.2816 |            1.8646 |            4.7459 |            0.8803
 34759 |    103 | 2020-03-14 08:12:44   |       13.1334 |       18.2102 |       12.1893 |            4.4337 |            1.9332 |            4.9093 |             0.913
 34759 |    104 | 2020-03-14 08:12:54   |       13.1233 |       18.2023 |       11.9182 |            4.3336 |            1.8876 |            4.8057 |            0.8913
 34759 |    105 | 2020-03-14 08:13:07   |       13.1085 |        18.207 |        10.559 |              3.84 |             1.665 |             4.272 |             0.782
 34759 |    106 | 2020-03-14 08:13:20   |       13.1296 |       18.1724 |       11.2395 |            4.0954 |            1.7734 |            4.5352 |            0.8355
 34759 |    107 | 2020-03-14 08:13:30   |       13.1277 |       18.2066 |       11.6239 |            4.2289 |            1.8394 |            4.6872 |            0.8684
 34759 |    108 | 2020-03-14 08:13:39.5 |       13.1327 |       18.2084 |       12.0927 |             4.398 |            1.9171 |            4.8718 |            0.9059
 34759 |    109 | 2020-03-14 08:13:50   |       13.1261 |       18.2071 |       11.9268 |            4.3372 |            1.8898 |            4.8076 |            0.8922
 34759 |    110 | 2020-03-14 08:14:02.5 |       13.1304 |       18.2068 |       12.3395 |            4.4844 |             1.958 |            4.9724 |            0.9247
 34759 |    111 | 2020-03-14 08:14:14.5 |       13.0771 |       18.2126 |       11.2448 |            4.1033 |            1.7704 |            4.5413 |            0.8298
 34759 |    112 | 2020-03-14 08:14:25   |       13.1271 |       18.2074 |       11.3508 |            4.1277 |            1.7963 |            4.5795 |            0.8474
 34759 |    113 | 2020-03-14 08:14:35   |       13.1315 |       18.2062 |        11.915 |             4.333 |             1.888 |             4.802 |             0.892
 34759 |    114 | 2020-03-14 08:14:44.5 |       13.1202 |       18.2047 |       12.1556 |            4.4282 |            1.9228 |            4.8982 |            0.9064
 34759 |    115 | 2020-03-14 08:14:54   |       13.1286 |        18.208 |       12.0486 |            4.3796 |            1.9106 |             4.856 |            0.9024
 34759 |    116 | 2020-03-14 08:15:07.5 |       13.1095 |       18.2056 |       10.4442 |             3.798 |            1.6459 |            4.2266 |            0.7736
 34759 |    117 | 2020-03-14 08:15:20.5 |       13.1305 |       18.2085 |        11.235 |            4.0876 |            1.7769 |             4.533 |            0.8375
 34759 |    118 | 2020-03-14 08:15:30   |       13.1295 |       18.2052 |       11.7023 |            4.2565 |            1.8524 |            4.7185 |            0.8749
 34759 |    119 | 2020-03-14 08:15:40   |       13.1341 |       18.2107 |       12.1344 |            4.4144 |            1.9234 |            4.8876 |            0.9089
 34759 |    120 | 2020-03-14 08:15:49.5 |       13.1274 |       18.2076 |       11.9869 |            4.3583 |            1.8996 |             4.832 |             0.897
 34759 |    121 | 2020-03-14 08:16:01.5 |        13.131 |       18.2056 |       12.4044 |            4.5078 |            1.9687 |            4.9973 |            0.9305
 34759 |    122 | 2020-03-14 08:16:15   |       13.1325 |         18.21 |        11.051 |             4.021 |             1.748 |              4.46 |             0.822
 34759 |    123 | 2020-03-14 08:16:25.5 |       13.1265 |       18.2071 |       11.4223 |            4.1553 |            1.8069 |            4.6076 |            0.8524
 34759 |    124 | 2020-03-14 08:16:35   |       13.1315 |       18.2062 |        11.955 |             4.349 |             1.894 |             4.817 |             0.895
 34759 |    125 | 2020-03-14 08:16:45   |       13.1326 |       18.2082 |       11.9061 |            4.3294 |            1.8871 |            4.7982 |            0.8915
 34759 |    126 | 2020-03-14 08:16:55   |        13.128 |       18.2067 |        12.121 |             4.407 |             1.921 |             4.885 |             0.908
 34759 |    127 | 2020-03-14 08:17:08   |       13.1109 |       18.2061 |       10.5494 |            3.8352 |            1.6647 |            4.2676 |             0.782
 34759 |    128 | 2020-03-14 08:17:21.5 |       13.1255 |       18.2063 |       11.1995 |            4.0728 |            1.7721 |            4.5197 |             0.835
 34759 |    129 | 2020-03-14 08:17:34   |       13.1337 |       18.2074 |       11.9649 |            4.3515 |            1.8971 |            4.8202 |             0.896
 34759 |    130 | 2020-03-14 08:17:45   |       13.1008 |       18.2108 |       11.9069 |            4.3331 |            1.8846 |            4.8013 |            0.8879
 34759 |    131 | 2020-03-14 08:17:53.5 |       13.1263 |       18.2073 |       12.0854 |            4.3944 |            1.9154 |            4.8709 |            0.9047
 34759 |    132 | 2020-03-14 08:18:05.5 |       13.1114 |       18.2055 |        11.183 |            4.0665 |            1.7668 |            4.5177 |             0.832
 34759 |    133 | 2020-03-14 08:18:17   |       13.1017 |       18.1992 |       10.9086 |            3.9737 |            1.7179 |            4.4082 |            0.8088
 34759 |    134 | 2020-03-14 08:18:26   |       13.1286 |       18.2062 |       11.5561 |            4.2027 |            1.8291 |            4.6607 |            0.8636
 34759 |    135 | 2020-03-14 08:18:36   |       13.1264 |       18.2056 |       12.0214 |            4.3757 |            1.9028 |            4.8439 |             0.899
 34759 |    136 | 2020-03-14 08:18:46   |       13.1104 |       18.2049 |       11.8408 |            4.3087 |            1.8723 |            4.7759 |            0.8839
 34759 |    137 | 2020-03-14 08:18:55.5 |       13.1298 |       18.2071 |       12.2029 |            4.4351 |             1.935 |            4.9183 |            0.9145
 34759 |    138 | 2020-03-14 08:19:08   |       13.1114 |        18.207 |       10.5335 |            3.8305 |            1.6619 |            4.2605 |            0.7806
 34759 |    139 | 2020-03-14 08:19:21   |       13.1264 |       18.2062 |        11.211 |            4.0776 |             1.774 |            4.5229 |            0.8365
 34759 |    140 | 2020-03-14 08:19:31   |       13.1325 |        18.207 |         11.86 |             4.314 |             1.879 |             4.779 |             0.888
 34759 |    141 | 2020-03-14 08:19:40.5 |       13.1291 |       18.2016 |       11.8281 |            4.3047 |            1.8734 |            4.7659 |            0.8841
 34759 |    142 | 2020-03-14 08:19:50   |       13.1273 |       18.2082 |       12.0275 |            4.3728 |            1.9066 |            4.8485 |            0.8995
 34759 |    143 | 2020-03-14 08:20:02   |       13.1312 |       18.2069 |       12.3858 |            4.5015 |            1.9655 |            4.9905 |            0.9284
 34759 |    144 | 2020-03-14 08:20:15   |        13.133 |         18.21 |        11.067 |             4.027 |             1.751 |             4.466 |             0.823
 34759 |    145 | 2020-03-14 08:20:26   |       13.1291 |       18.2049 |       11.5591 |            4.2042 |            1.8298 |            4.6617 |            0.8633
 34759 |    146 | 2020-03-14 08:20:36   |        13.126 |       18.2062 |       11.9621 |            4.3531 |            1.8926 |             4.823 |            0.8935
 34759 |    147 | 2020-03-14 08:20:45.5 |       13.1263 |       18.2068 |       11.8318 |             4.301 |            1.8744 |            4.7707 |            0.8856
 34759 |    148 | 2020-03-14 08:20:58.5 |       13.1319 |       18.2078 |       12.3393 |            4.4853 |            1.9584 |            4.9711 |            0.9245
 34759 |    149 | 2020-03-14 08:21:11.5 |       13.1336 |       18.2095 |       10.8138 |            3.9336 |            1.7107 |            4.3671 |            0.8024
 34759 |    150 | 2020-03-14 08:21:21.5 |       13.1282 |       18.2074 |       11.3091 |            4.1137 |            1.7888 |            4.5632 |            0.8433
 34759 |    151 | 2020-03-14 08:21:33.5 |       13.0993 |       18.1888 |       11.8293 |            4.3068 |            1.8693 |            4.7705 |            0.8827
 34759 |    152 | 2020-03-14 08:21:45   |       13.1274 |       18.2051 |       11.8309 |            4.3009 |            1.8746 |            4.7701 |            0.8853
 34759 |    153 | 2020-03-14 08:21:55   |        13.131 |       18.2068 |         12.27 |              4.46 |             1.947 |             4.944 |             0.919
 34759 |    154 | 2020-03-14 08:22:08   |       13.1356 |       18.2101 |       10.7582 |              3.91 |            1.7013 |            4.3486 |            0.7983
 34759 |    155 | 2020-03-14 08:22:21   |       13.1315 |       18.1622 |        11.321 |             4.125 |             1.787 |             4.567 |             0.842
 34759 |    156 | 2020-03-14 08:22:30.5 |       13.1298 |       18.2102 |       11.8509 |            4.3123 |             1.877 |            4.7756 |            0.8859
 34759 |    157 | 2020-03-14 08:22:40   |        13.126 |        18.195 |       11.9092 |            4.3311 |            1.8868 |            4.8002 |            0.8911
 34759 |    158 | 2020-03-14 08:22:50   |       13.1311 |       18.2105 |         12.12 |             4.406 |            1.9223 |             4.884 |            0.9076
 34759 |    159 | 2020-03-14 08:23:02   |       13.1364 |       18.2084 |       12.4741 |            4.5342 |            1.9804 |             5.024 |            0.9355
 34759 |    160 | 2020-03-14 08:23:15   |        13.126 |        18.207 |        10.898 |             3.964 |             1.722 |             4.402 |              0.81
 34759 |    161 | 2020-03-14 08:23:25.5 |       13.1307 |       18.2058 |       11.6069 |            4.2217 |            1.8375 |            4.6805 |            0.8672
 34759 |    162 | 2020-03-14 08:23:35   |        13.133 |         18.21 |        11.839 |             4.307 |             1.876 |             4.771 |             0.885
 34759 |    163 | 2020-03-14 08:23:45   |       13.1269 |       18.2072 |       11.9417 |             4.342 |            1.8922 |            4.8136 |            0.8938
 34759 |    164 | 2020-03-14 08:23:55   |        13.131 |        18.206 |        12.279 |             4.464 |             1.948 |             4.947 |              0.92
 34759 |    165 | 2020-03-14 08:24:08   |       13.1097 |       18.2098 |       10.6442 |            3.8737 |            1.6774 |            4.3054 |            0.7877
 34759 |    166 | 2020-03-14 08:24:21   |       13.1266 |       18.2064 |       11.3543 |            4.1314 |            1.7961 |            4.5807 |            0.8461
 34759 |    167 | 2020-03-14 08:24:33.5 |       13.1029 |       18.2058 |       11.8249 |            4.3089 |            1.8667 |            4.7684 |            0.8809
 34759 |    168 | 2020-03-14 08:24:45.5 |       13.1275 |       18.2072 |       11.9445 |            4.3435 |            1.8924 |            4.8148 |            0.8939
 34759 |    169 | 2020-03-14 08:24:54   |       13.1313 |       18.2063 |       12.2858 |            4.4667 |            1.9486 |            4.9495 |            0.9211
 34759 |    170 | 2020-03-14 08:25:04   |        13.129 |        18.207 |        12.263 |             4.457 |             1.945 |             4.942 |             0.919
 34759 |    171 | 2020-03-14 08:25:15   |       13.1245 |       18.2065 |        10.833 |              3.94 |             1.712 |             4.376 |             0.805
 34759 |    172 | 2020-03-14 08:25:26   |       13.1307 |        18.207 |       11.6638 |            4.2434 |            1.8462 |            4.7024 |            0.8718
 34759 |    173 | 2020-03-14 08:25:35.5 |       13.0948 |       18.1988 |       11.6546 |            4.2537 |            1.8319 |            4.7055 |            0.8636
 34759 |    174 | 2020-03-14 08:25:45   |       13.1262 |       18.2071 |       11.9591 |             4.349 |            1.8946 |            4.8208 |            0.8947
 34759 |    175 | 2020-03-14 08:25:55   |       13.1315 |       18.2072 |        12.314 |             4.476 |             1.954 |             4.961 |             0.923
 34759 |    176 | 2020-03-14 08:26:08   |       13.1099 |       18.2056 |       10.6487 |            3.8721 |            1.6798 |            4.3077 |            0.7891
 34759 |    177 | 2020-03-14 08:26:21   |       13.1311 |       18.2072 |       11.4033 |            4.1471 |            1.8046 |            4.6008 |            0.8508
 34759 |    178 | 2020-03-14 08:26:31   |       13.1325 |       18.2097 |        11.699 |             4.256 |             1.853 |             4.716 |             0.874
 34759 |    179 | 2020-03-14 08:26:40.5 |       13.1265 |       18.2067 |       11.8324 |             4.303 |            1.8739 |            4.7705 |             0.885
 34759 |    180 | 2020-03-14 08:26:50   |        13.131 |       18.2065 |       12.1991 |            4.4343 |            1.9348 |            4.9162 |            0.9138
 34759 |    181 | 2020-03-14 08:27:02   |       13.1347 |       18.2087 |       12.3263 |            4.4796 |            1.9567 |            4.9664 |            0.9236
 34759 |    182 | 2020-03-14 08:27:15.5 |       13.1283 |       18.2063 |        11.036 |            4.0135 |            1.7457 |            4.4559 |             0.821
 34759 |    183 | 2020-03-14 08:27:26   |       13.1333 |       18.2093 |       11.7693 |            4.2821 |            1.8644 |            4.7429 |            0.8799
 34759 |    184 | 2020-03-14 08:27:36   |       13.1234 |       18.2066 |       11.6157 |            4.2248 |            1.8381 |            4.6851 |            0.8678
 34759 |    185 | 2020-03-14 08:27:45.5 |       13.1275 |       18.2056 |        11.984 |            4.3572 |            1.8992 |            4.8305 |            0.8971
 34759 |    186 | 2020-03-14 08:28:02   |       13.1357 |       18.2107 |       12.3809 |            4.5004 |            1.9662 |            4.9865 |            0.9278
 34759 |    187 | 2020-03-14 08:28:18   |       13.1296 |       18.2057 |       11.2543 |            4.0927 |            1.7806 |            4.5424 |            0.8387
 34759 |    188 | 2020-03-14 08:28:26   |       13.1326 |       18.2091 |       11.7598 |            4.2786 |            1.8631 |            4.7388 |            0.8793
 34759 |    189 | 2020-03-14 08:28:34.5 |       13.1254 |       18.2064 |       11.5931 |            4.2176 |             1.834 |            4.6761 |            0.8655
 34759 |    190 | 2020-03-14 08:28:43   |       13.1285 |        18.207 |        11.978 |             4.355 |             1.898 |             4.828 |             0.897
 34759 |    191 | 2020-03-14 08:28:51   |       13.1325 |        18.209 |         12.29 |             4.468 |              1.95 |              4.95 |             0.922
 34759 |    192 | 2020-03-14 08:29:03   |       13.0145 |        18.189 |        12.053 |             4.393 |               1.9 |             4.863 |             0.897
 34759 |    193 | 2020-03-14 08:29:15.5 |       13.1297 |       18.2067 |       11.0668 |            4.0242 |             1.751 |            4.4675 |            0.8241
 34759 |    194 | 2020-03-14 08:29:26   |       13.1341 |       18.2095 |       11.7764 |            4.2839 |            1.8672 |            4.7446 |            0.8808
 34759 |    195 | 2020-03-14 08:29:36   |       13.1251 |       18.2054 |       11.6556 |            4.2371 |            1.8465 |            4.6996 |            0.8723
 34759 |    196 | 2020-03-14 08:29:46   |       13.1306 |       18.2056 |       12.1055 |            4.4006 |            1.9196 |            4.8785 |            0.9067
 34759 |    197 | 2020-03-14 08:29:55.5 |       13.1293 |        18.208 |       12.3427 |            4.4892 |            1.9577 |            4.9722 |            0.9237
 34759 |    198 | 2020-03-14 08:30:08.5 |       13.1102 |       18.2064 |       10.5513 |            3.8376 |            1.6643 |            4.2682 |            0.7812
 34759 |    199 | 2020-03-14 08:30:21   |       13.1362 |       18.2082 |       11.5232 |            4.1938 |            1.8242 |             4.647 |            0.8582
 34759 |    200 | 2020-03-14 08:30:31   |       13.1235 |       18.2107 |        11.445 |             4.164 |              1.81 |             4.617 |             0.854
 34759 |    201 | 2020-03-14 08:30:41   |       13.1267 |       18.2052 |       11.9195 |            4.3336 |            1.8881 |            4.8051 |            0.8927
 34759 |    202 | 2020-03-14 08:30:51   |       13.1325 |       18.2085 |        12.299 |             4.472 |             1.951 |             4.954 |             0.922
 34759 |    203 | 2020-03-14 08:31:03   |       13.1245 |       18.2062 |        12.038 |             4.376 |             1.908 |             4.853 |             0.901
 34759 |    204 | 2020-03-14 08:31:15.5 |       13.1301 |       18.2039 |       11.0936 |            4.0335 |            1.7555 |            4.4781 |            0.8264
 34759 |    205 | 2020-03-14 08:31:30   |        13.127 |       18.2067 |       11.4776 |            4.1744 |            1.8168 |            4.6295 |             0.857
 34759 |    206 | 2020-03-14 08:31:43   |       13.1305 |       18.2057 |        12.063 |             4.387 |             1.912 |             4.861 |             0.903
 34759 |    207 | 2020-03-14 08:31:50.5 |       13.1258 |       18.2102 |       12.3109 |            4.4897 |            1.9422 |            4.9637 |            0.9153
 34759 |    208 | 2020-03-14 08:31:59.5 |        13.111 |       18.2069 |       12.0183 |            4.3709 |            1.9028 |            4.8466 |            0.8979
 34759 |    209 | 2020-03-14 08:32:10   |       13.1323 |       18.2043 |       10.6475 |            3.8701 |            1.6831 |            4.3047 |            0.7896
 34759 |    210 | 2020-03-14 08:32:21   |        13.072 |       18.2088 |       11.4152 |            4.1571 |            1.8024 |            4.6059 |            0.8498
 34759 |    211 | 2020-03-14 08:32:31   |       13.1245 |       18.2065 |        11.491 |              4.18 |             1.818 |             4.635 |             0.858
 34759 |    212 | 2020-03-14 08:32:41   |       13.1293 |       18.2058 |       11.9779 |            4.3559 |            1.8974 |            4.8282 |            0.8964
 34759 |    213 | 2020-03-14 08:32:50.5 |        13.124 |        18.198 |        12.255 |            4.4693 |            1.9323 |            4.9425 |            0.9109
 34759 |    214 | 2020-03-14 08:33:02.5 |       13.1271 |       18.2063 |       12.1837 |            4.4277 |            1.9319 |            4.9112 |            0.9129
 34759 |    215 | 2020-03-14 08:33:15.5 |       13.1297 |       18.2054 |       11.1254 |            4.0463 |            1.7598 |            4.4914 |            0.8279
 34759 |    216 | 2020-03-14 08:33:26   |       13.1246 |       18.1972 |       11.5019 |            4.1972 |            1.8099 |            4.6433 |            0.8514
 34759 |    217 | 2020-03-14 08:33:36   |       13.1274 |       18.2063 |       11.7751 |            4.2836 |            1.8642 |            4.7474 |              0.88
 34759 |    218 | 2020-03-14 08:33:46   |       13.1304 |       18.2058 |       12.1561 |            4.4201 |            1.9273 |            4.8976 |            0.9111
 34759 |    219 | 2020-03-14 08:33:55.5 |       13.0885 |       18.1984 |       12.0895 |            4.4102 |            1.9057 |            4.8762 |            0.8974
 34759 |    220 | 2020-03-14 08:34:08.5 |       13.1122 |       18.2074 |       10.3348 |            3.7571 |            1.6294 |            4.1831 |            0.7651
 34759 |    221 | 2020-03-14 08:34:21.5 |       13.1262 |       18.2061 |       11.2569 |            4.0945 |            1.7801 |            4.5434 |             0.839
 34759 |    222 | 2020-03-14 08:34:31   |       13.1309 |       18.2066 |       11.8602 |            4.3148 |            1.8784 |            4.7798 |            0.8871
 34759 |    223 | 2020-03-14 08:34:41   |       13.1005 |       18.1967 |        11.886 |             4.338 |             1.871 |             4.796 |             0.881
 34759 |    224 | 2020-03-14 08:34:51.5 |       13.1275 |       18.2064 |       12.0868 |            4.3948 |            1.9157 |            4.8719 |            0.9044
 34759 |    225 | 2020-03-14 08:35:04   |       13.1203 |       18.2052 |       11.9795 |            4.3548 |            1.8978 |            4.8306 |            0.8964
 34759 |    226 | 2020-03-14 08:35:16.5 |       13.1263 |       18.2073 |       10.9497 |            3.9832 |            1.7308 |            4.4223 |            0.8135
 34759 |    227 | 2020-03-14 08:35:26.5 |       13.1293 |       18.2034 |        11.569 |            4.2076 |            1.8311 |            4.6665 |            0.8639
 34759 |    228 | 2020-03-14 08:35:36   |       13.1336 |         18.21 |       11.8849 |            4.3276 |            1.8819 |            4.7866 |            0.8889
 34759 |    229 | 2020-03-14 08:35:46   |       13.1267 |       18.2091 |       11.9155 |            4.3326 |            1.8875 |            4.8038 |            0.8916
 34759 |    230 | 2020-03-14 08:35:56   |         13.13 |       18.2042 |       12.2363 |            4.4476 |            1.9409 |            4.9309 |             0.917
 34759 |    231 | 2020-03-14 08:36:08.5 |       13.1084 |       18.2064 |        10.344 |            3.7627 |            1.6296 |            4.1869 |            0.7648
 34759 |    232 | 2020-03-14 08:36:21.5 |       13.1278 |        18.206 |       11.2839 |            4.1044 |             1.785 |            4.5534 |             0.841
 34759 |    233 | 2020-03-14 08:36:31   |       13.1324 |       18.2092 |       11.8848 |            4.3238 |            1.8826 |            4.7893 |            0.8891
 34759 |    234 | 2020-03-14 08:36:41   |       13.1235 |       18.2067 |        11.702 |             4.256 |             1.852 |             4.719 |             0.875
 34759 |    235 | 2020-03-14 08:36:51   |       13.1264 |        18.206 |       12.1083 |            4.4026 |            1.9195 |            4.8798 |            0.9064
 34759 |    236 | 2020-03-14 08:37:03   |       13.0907 |       18.2113 |       12.3898 |            4.5085 |            1.9623 |            4.9944 |            0.9246
 34759 |    237 | 2020-03-14 08:37:16   |       13.1273 |        18.207 |       10.9405 |            3.9797 |            1.7294 |             4.418 |            0.8134
 34759 |    238 | 2020-03-14 08:37:26.5 |       13.1312 |        18.209 |       11.5686 |            4.2098 |             1.832 |            4.6637 |             0.863
 34759 |    239 | 2020-03-14 08:37:36.5 |        13.132 |       18.2099 |       11.8273 |            4.3027 |            1.8739 |            4.7669 |            0.8838
 34759 |    240 | 2020-03-14 08:37:46.5 |       13.1231 |       18.1973 |       12.1772 |             4.441 |            1.9215 |            4.9106 |            0.9041
 34759 |    241 | 2020-03-14 08:37:56   |       13.1005 |       18.2004 |       12.1794 |             4.438 |            1.9222 |            4.9117 |            0.9075
 34759 |    242 | 2020-03-14 08:38:09   |       13.1144 |       18.2049 |       10.6603 |            3.8764 |             1.682 |            4.3113 |            0.7906
 34759 |    243 | 2020-03-14 08:38:23.5 |        13.095 |       18.2171 |       11.3798 |            4.1556 |            1.7889 |            4.5947 |            0.8406
 34759 |    244 | 2020-03-14 08:38:36.5 |       13.1292 |       18.2056 |       11.8523 |            4.3103 |            1.8771 |            4.7781 |            0.8867
 34759 |    245 | 2020-03-14 08:38:47.5 |       13.1306 |       18.2106 |       12.2959 |            4.4727 |            1.9504 |            4.9525 |            0.9204
 34759 |    246 | 2020-03-14 08:38:56   |       13.1256 |       18.2059 |       11.9475 |            4.3431 |             1.893 |            4.8176 |            0.8939
 34759 |    247 | 2020-03-14 08:39:05   |       13.1154 |       18.2062 |       11.6731 |            4.2438 |            1.8468 |            4.7112 |            0.8713
 34759 |    248 | 2020-03-14 08:39:16   |        13.137 |       18.2107 |       11.2997 |            4.1101 |             1.789 |            4.5584 |            0.8422
 34759 |    249 | 2020-03-14 08:39:27   |        13.125 |       18.2065 |        11.383 |             4.141 |               1.8 |             4.593 |             0.849
 34759 |    250 | 2020-03-14 08:39:36.5 |       13.1305 |       18.2062 |        11.892 |            4.3247 |            1.8837 |            4.7936 |            0.8899
 34759 |    251 | 2020-03-14 08:39:46   |         13.14 |       18.2109 |       12.3132 |            4.4803 |            1.9514 |            4.9616 |            0.9199
 34759 |    252 | 2020-03-14 08:39:56   |       13.1342 |       18.2063 |       11.9954 |            4.3592 |            1.9022 |            4.8366 |            0.8974
 34759 |    253 | 2020-03-14 08:40:09   |       13.1159 |       18.2095 |       10.6929 |            3.8869 |            1.6883 |            4.3243 |            0.7935
 34759 |    254 | 2020-03-14 08:40:22   |       13.1338 |       18.2108 |       11.3747 |             4.139 |             1.801 |            4.5874 |            0.8474
 34759 |    255 | 2020-03-14 08:40:31.5 |       13.1276 |       18.2066 |       11.6306 |            4.2306 |            1.8403 |            4.6907 |            0.8691
 34759 |    256 | 2020-03-14 08:40:41   |       13.1312 |       18.2067 |       12.0465 |            4.3812 |            1.9088 |            4.8543 |            0.9022
 34759 |    257 | 2020-03-14 08:40:51   |       13.1235 |       18.2112 |        11.877 |             4.324 |             1.878 |             4.788 |             0.887
 34759 |    258 | 2020-03-14 08:41:03   |       13.1298 |       18.2079 |       12.2864 |            4.4666 |            1.9492 |            4.9501 |            0.9205
 34759 |    259 | 2020-03-14 08:41:16.5 |        13.128 |       18.2069 |        11.029 |            4.0123 |            1.7433 |            4.4531 |            0.8203
 34759 |    260 | 2020-03-14 08:41:27   |        13.137 |       18.2092 |       11.7459 |             4.272 |            1.8618 |            4.7331 |            0.8789
 34759 |    261 | 2020-03-14 08:41:37   |        13.124 |       18.2067 |        11.629 |              4.23 |              1.84 |              4.69 |             0.869
 34759 |    262 | 2020-03-14 08:41:46.5 |       13.1307 |       18.2048 |       12.1259 |            4.4092 |            1.9222 |            4.8863 |            0.9082
 34759 |    263 | 2020-03-14 08:42:00.5 |       13.1317 |       18.2092 |       12.2147 |            4.4413 |            1.9376 |            4.9219 |            0.9139
 34759 |    264 | 2020-03-14 08:42:13   |       13.1265 |       18.2067 |        10.741 |             3.906 |             1.697 |             4.341 |             0.797
 34759 |    265 | 2020-03-14 08:42:22.5 |       13.1244 |        18.205 |       11.1747 |            4.0646 |            1.7666 |            4.5109 |            0.8327
 34759 |    266 | 2020-03-14 08:42:32.5 |       13.1179 |       18.2153 |       11.7157 |            4.2696 |            1.8489 |             4.727 |            0.8702
 34759 |    267 | 2020-03-14 08:42:42   |        13.118 |       18.1994 |       11.9042 |             4.338 |            1.8776 |            4.8026 |            0.8859
 34759 |    268 | 2020-03-14 08:42:52   |       13.1259 |       18.2082 |       12.1224 |             4.409 |            1.9216 |             4.885 |            0.9068
 34759 |    269 | 2020-03-14 08:43:04   |       13.1143 |       18.2055 |        12.054 |            4.3822 |            1.9091 |            4.8613 |            0.9013
 34759 |    270 | 2020-03-14 08:43:17   |       13.1265 |       18.1871 |       10.9787 |            3.9983 |             1.733 |            4.4323 |            0.8151
 34759 |    271 | 2020-03-14 08:43:27.5 |       13.1272 |       18.2058 |        11.484 |            4.1782 |            1.8165 |             4.632 |            0.8572
 34759 |    272 | 2020-03-14 08:43:37   |       13.1305 |       18.2065 |       11.9866 |              4.36 |            1.8989 |            4.8304 |            0.8973
 34759 |    273 | 2020-03-14 08:43:47   |        13.097 |       18.1967 |        12.024 |             4.387 |             1.895 |              4.85 |             0.892
 34759 |    274 | 2020-03-14 08:43:57   |       13.1269 |       18.2064 |       12.1457 |            4.4159 |            1.9248 |            4.8956 |            0.9094
 34759 |    275 | 2020-03-14 08:44:09.5 |       13.1234 |       18.2079 |       10.6523 |            3.8722 |            1.6842 |            4.3055 |            0.7905
 34759 |    276 | 2020-03-14 08:44:22   |        13.125 |       18.2056 |       11.1388 |            4.0512 |            1.7616 |             4.496 |              0.83
 34759 |    277 | 2020-03-14 08:44:32   |       13.1306 |       18.2046 |       11.7814 |            4.2859 |            1.8657 |            4.7486 |            0.8813
 34759 |    278 | 2020-03-14 08:44:42   |       13.1434 |       18.2097 |       12.2546 |            4.4595 |            1.9436 |            4.9357 |            0.9156
 34759 |    279 | 2020-03-14 08:44:52   |       13.1262 |       18.2069 |       11.9894 |            4.3588 |            1.8995 |            4.8337 |            0.8975
 34759 |    280 | 2020-03-14 08:45:04   |       13.1242 |       18.2042 |       12.0726 |            4.3883 |            1.9134 |            4.8677 |            0.9032
 34759 |    281 | 2020-03-14 08:45:16.5 |       13.0994 |       18.1905 |       10.9831 |            4.0062 |            1.7288 |            4.4348 |            0.8133
 34759 |    282 | 2020-03-14 08:45:31   |        13.129 |       18.2062 |        11.687 |             4.251 |              1.85 |             4.712 |             0.874
 34759 |    283 | 2020-03-14 08:45:44   |       13.1234 |       18.2008 |       12.0846 |            4.4065 |            1.9054 |            4.8748 |            0.8979
 34759 |    284 | 2020-03-14 08:45:52.5 |       13.1268 |       18.2057 |       12.0473 |            4.3808 |            1.9088 |            4.8564 |            0.9013
 34759 |    285 | 2020-03-14 08:46:01   |       13.1295 |       18.2053 |       12.3026 |            4.4717 |            1.9518 |            4.9576 |            0.9215
 34759 |    286 | 2020-03-14 08:46:11   |         13.07 |        18.217 |        10.582 |             3.859 |             1.663 |             4.284 |             0.776
 34759 |    287 | 2020-03-14 08:46:22.5 |       13.1254 |       18.2068 |       11.2239 |            4.0827 |            1.7745 |            4.5303 |            0.8365
 34759 |    288 | 2020-03-14 08:46:32.5 |        13.131 |       18.2051 |       11.8051 |            4.2936 |              1.87 |            4.7583 |            0.8831
 34759 |    289 | 2020-03-14 08:46:42   |       13.1309 |       18.2093 |       11.9901 |            4.3617 |            1.9009 |             4.831 |            0.8965
 34759 |    290 | 2020-03-14 08:46:52   |       13.1318 |       18.2089 |       12.3366 |            4.4862 |            1.9574 |            4.9687 |            0.9243
 34759 |    291 | 2020-03-14 08:47:04   |       13.1276 |       18.2068 |       12.2723 |            4.4604 |            1.9469 |            4.9455 |            0.9195
 34759 |    292 | 2020-03-14 08:47:17   |        13.131 |       18.2065 |        11.183 |             4.067 |              1.77 |             4.513 |             0.833
 34759 |    293 | 2020-03-14 08:47:27.5 |       13.1257 |       18.2036 |        11.515 |            4.1911 |            1.8204 |            4.6453 |            0.8582
 34759 |    294 | 2020-03-14 08:47:37   |       13.1275 |        18.206 |        11.746 |             4.272 |              1.86 |             4.736 |             0.878
 34759 |    295 | 2020-03-14 08:47:47   |        13.125 |        18.207 |         11.86 |             4.313 |             1.878 |             4.782 |             0.887
 34759 |    296 | 2020-03-14 08:47:57   |        13.133 |       18.2102 |        12.212 |             4.442 |             1.937 |             4.919 |             0.914
 34759 |    297 | 2020-03-14 08:48:10   |       13.1183 |       18.2089 |       10.4281 |            3.7914 |             1.646 |             4.219 |            0.7717
 34759 |    298 | 2020-03-14 08:48:22.5 |       13.1274 |       18.2077 |       11.2815 |             4.103 |            1.7849 |            4.5522 |            0.8415
 34759 |    299 | 2020-03-14 08:48:32   |       13.1311 |       18.2067 |        11.852 |            4.3115 |            1.8771 |            4.7768 |            0.8866
 34759 |    300 | 2020-03-14 08:48:42   |       13.0803 |       18.2016 |        11.944 |            4.3572 |            1.8829 |            4.8176 |            0.8863
 34759 |    301 | 2020-03-14 08:48:53.5 |       13.1273 |       18.2042 |       12.1394 |            4.4128 |            1.9249 |            4.8924 |            0.9094
 34759 |    302 | 2020-03-14 08:49:06.5 |       13.1083 |       18.2062 |       11.4664 |            4.1691 |             1.812 |            4.6305 |            0.8548
 34759 |    303 | 2020-03-14 08:49:18   |       13.1225 |       18.2056 |       10.8546 |            3.9493 |            1.7141 |            4.3848 |            0.8064
 34759 |    304 | 2020-03-14 08:49:28   |        13.126 |       18.2066 |       11.3685 |            4.1364 |             1.798 |            4.5863 |            0.8478
 34759 |    305 | 2020-03-14 08:49:38   |        13.128 |        18.207 |       11.8362 |            4.3051 |            1.8745 |            4.7711 |            0.8854
 34759 |    306 | 2020-03-14 08:49:47.5 |       13.1266 |       18.2138 |       12.2839 |            4.4735 |            1.9422 |            4.9523 |            0.9159
 34759 |    307 | 2020-03-14 08:49:57   |        13.124 |       18.2063 |        11.962 |             4.349 |             1.895 |             4.823 |             0.895
 34759 |    308 | 2020-03-14 08:50:10   |        13.108 |       18.2062 |        10.348 |             3.763 |             1.631 |             4.189 |             0.765
 34759 |    309 | 2020-03-14 08:50:23   |       13.1233 |       18.2149 |       11.6572 |            4.2459 |            1.8428 |            4.7008 |            0.8676
 34759 |    310 | 2020-03-14 08:50:32.5 |       13.1272 |       18.2061 |       11.6001 |            4.2188 |            1.8362 |            4.6778 |            0.8673
 34759 |    311 | 2020-03-14 08:50:42.5 |       13.1314 |       18.2104 |       12.0936 |             4.397 |            1.9173 |            4.8731 |            0.9063
 34759 |    312 | 2020-03-14 08:50:52.5 |        13.128 |       18.2076 |          12.1 |            4.4139 |            1.9071 |            4.8809 |            0.8982
 34759 |    313 | 2020-03-14 08:51:04.5 |       13.1305 |        18.207 |       12.3615 |             4.493 |            1.9611 |             4.981 |            0.9263
 34759 |    314 | 2020-03-14 08:51:17   |        13.132 |       18.2085 |        11.224 |             4.083 |             1.776 |             4.529 |             0.836
 34759 |    315 | 2020-03-14 08:51:27.5 |       13.0744 |       18.2047 |       11.3508 |            4.1352 |            1.7903 |            4.5811 |            0.8442
 34759 |    316 | 2020-03-14 08:51:38   |       13.1299 |       18.2068 |       11.8592 |            4.3127 |            1.8794 |            4.7801 |             0.887
 34759 |    317 | 2020-03-14 08:51:48   |       13.1317 |       18.2091 |       12.0437 |            4.3796 |            1.9095 |            4.8528 |            0.9019
 34759 |    318 | 2020-03-14 08:51:57.5 |       13.1242 |       18.2061 |       11.9557 |            4.3459 |            1.8941 |            4.8216 |            0.8942
 34759 |    319 | 2020-03-14 08:52:10   |       13.1111 |       18.2067 |        10.403 |            3.7829 |            1.6403 |              4.21 |            0.7697
 34759 |    320 | 2020-03-14 08:52:23   |       13.1285 |       18.2082 |        11.234 |            4.0875 |            1.7769 |            4.5328 |            0.8368
 34759 |    321 | 2020-03-14 08:52:35   |       13.1292 |        18.205 |       11.7862 |            4.2865 |            1.8667 |            4.7513 |            0.8817
 34759 |    322 | 2020-03-14 08:52:46.5 |       13.1346 |       18.2084 |       12.1611 |            4.4217 |            1.9297 |            4.8984 |            0.9114
 34759 |    323 | 2020-03-14 08:52:55   |       13.1184 |        18.215 |       12.1035 |            4.4093 |            1.9121 |            4.8805 |            0.9017
 34759 |    324 | 2020-03-14 08:53:06   |       13.1252 |       18.2052 |       11.9365 |            4.3391 |            1.8914 |            4.8136 |            0.8924
 34759 |    325 | 2020-03-14 08:53:18   |        13.139 |       18.2102 |       11.2983 |             4.113 |             1.788 |            4.5587 |            0.8386
 34759 |    326 | 2020-03-14 08:53:28   |       13.1258 |       18.2068 |       11.4077 |            4.1498 |            1.8043 |            4.6017 |            0.8518
 34759 |    327 | 2020-03-14 08:53:38   |       13.1304 |       18.2071 |       11.9735 |            4.3554 |            1.8974 |            4.8242 |            0.8965
 34759 |    328 | 2020-03-14 08:53:47.5 |       13.0921 |       18.1943 |       12.0042 |            4.3797 |             1.891 |            4.8426 |            0.8909
 34759 |    329 | 2020-03-14 08:53:57   |       13.1265 |       18.2068 |        12.064 |             4.386 |             1.912 |             4.863 |             0.903
 34759 |    330 | 2020-03-14 08:54:10   |       13.1096 |       18.2061 |       10.4621 |            3.8054 |            1.6492 |            4.2331 |            0.7744
 34759 |    331 | 2020-03-14 08:54:23   |       13.0929 |        18.199 |       11.1556 |            4.0667 |            1.7549 |            4.5065 |            0.8276
 34759 |    332 | 2020-03-14 08:54:33   |       13.1295 |       18.2042 |        11.758 |             4.276 |             1.862 |              4.74 |              0.88
 34759 |    333 | 2020-03-14 08:54:43   |       13.1384 |       18.2114 |       12.0678 |            4.3875 |            1.9148 |            4.8605 |             0.905
 34759 |    334 | 2020-03-14 08:54:52.5 |       13.1212 |       18.2049 |       11.9759 |            4.3565 |            1.8953 |            4.8279 |            0.8961
 34759 |    335 | 2020-03-14 08:55:04.5 |       13.1262 |       18.2052 |       12.2343 |            4.4469 |            1.9399 |            4.9308 |            0.9167
 34759 |    336 | 2020-03-14 08:55:17.5 |       13.1314 |       18.2091 |       11.0283 |            4.0115 |            1.7444 |            4.4516 |            0.8208
 34759 |    337 | 2020-03-14 08:55:28   |       13.1274 |        18.207 |       11.4857 |            4.1784 |            1.8173 |            4.6323 |            0.8577
 34759 |    338 | 2020-03-14 08:55:38   |       13.1331 |       18.2081 |       12.0415 |            4.3803 |            1.9085 |            4.8511 |            0.9016
 34759 |    339 | 2020-03-14 08:55:48.5 |       13.1093 |       18.2046 |       12.0216 |            4.3873 |            1.8938 |            4.8489 |            0.8916
 34759 |    340 | 2020-03-14 08:56:01   |       13.1295 |       18.2043 |        12.252 |             4.453 |             1.943 |             4.938 |             0.918
 34759 |    341 | 2020-03-14 08:56:13   |       13.0725 |       18.1988 |        10.986 |              4.01 |             1.727 |             4.441 |             0.808
 34759 |    342 | 2020-03-14 08:56:23   |       13.1238 |       18.2056 |       11.1963 |             4.072 |            1.7714 |            4.5183 |            0.8346
 34759 |    343 | 2020-03-14 08:56:33   |       13.1295 |        18.207 |        11.741 |              4.27 |              1.86 |             4.733 |             0.878
 34759 |    344 | 2020-03-14 08:56:43   |       13.1087 |       18.2135 |       12.1172 |            4.4144 |            1.9155 |            4.8853 |             0.902
 34759 |    345 | 2020-03-14 08:56:52.5 |       13.1261 |       18.2062 |       12.0164 |             4.369 |            1.9039 |             4.844 |            0.8995
 34759 |    346 | 2020-03-14 08:57:05   |       13.1315 |       18.2065 |        12.371 |             4.497 |             1.963 |             4.984 |             0.927
 34759 |    347 | 2020-03-14 08:57:17.5 |       13.0824 |       18.1989 |        10.977 |            4.0051 |            1.7236 |            4.4372 |             0.811
 34759 |    348 | 2020-03-14 08:57:28   |       13.1327 |       18.2066 |       11.6207 |            4.2273 |            1.8401 |             4.685 |            0.8683
 34759 |    349 | 2020-03-14 08:57:38.5 |       13.1283 |       18.2072 |       11.8577 |             4.313 |            1.8782 |            4.7798 |            0.8868
 34759 |    350 | 2020-03-14 08:57:48   |       13.1286 |       18.2062 |        12.038 |            4.3779 |            1.9077 |             4.851 |            0.9014
 34759 |    351 | 2020-03-14 08:57:58   |       13.1266 |        18.205 |       12.0937 |            4.3957 |            1.9169 |            4.8755 |            0.9055
 34759 |    352 | 2020-03-14 08:58:11.5 |       13.1314 |       18.2045 |       10.5409 |            3.8321 |            1.6662 |            4.2621 |            0.7806
 34759 |    353 | 2020-03-14 08:58:23.5 |       13.1352 |       18.2056 |       11.4518 |            4.1645 |            1.8132 |            4.6186 |            0.8555
 34759 |    354 | 2020-03-14 08:58:33   |       13.1283 |       18.2055 |       11.5003 |            4.1826 |            1.8201 |            4.6382 |            0.8594
 34759 |    355 | 2020-03-14 08:58:43.5 |       13.1307 |       18.2061 |       12.0639 |            4.3876 |            1.9119 |             4.861 |            0.9033
 34759 |    356 | 2020-03-14 08:58:53   |       13.1003 |       18.2131 |       12.2826 |             4.471 |             1.945 |            4.9495 |            0.9171
 34759 |    357 | 2020-03-14 08:59:05   |       13.1169 |        18.207 |       11.9748 |            4.3538 |            1.8962 |            4.8292 |            0.8956
 34759 |    358 | 2020-03-14 08:59:17.5 |       13.1316 |       18.2147 |       11.2805 |             4.103 |            1.7855 |             4.551 |            0.8409
 34759 |    359 | 2020-03-14 08:59:30.5 |       13.1254 |       18.2086 |       11.4867 |             4.179 |            1.8162 |            4.6338 |            0.8577
 34759 |    360 | 2020-03-14 08:59:43   |         13.13 |       18.2045 |        12.007 |             4.366 |             1.903 |             4.839 |             0.899
 34759 |    361 | 2020-03-14 08:59:52   |       13.1302 |       18.2107 |       12.0793 |            4.3945 |            1.9136 |            4.8683 |            0.9029
 34759 |    362 | 2020-03-14 09:00:00   |       13.1276 |        18.205 |       12.0669 |            4.3854 |            1.9134 |            4.8641 |             0.904
 34759 |    363 | 2020-03-14 09:00:11   |       13.1315 |       18.2073 |        10.629 |             3.865 |             1.681 |             4.296 |             0.787
 34759 |    364 | 2020-03-14 09:00:24   |       13.1325 |       18.2072 |        11.509 |             4.187 |             1.822 |             4.641 |             0.859
 34759 |    365 | 2020-03-14 09:00:33.5 |       13.1295 |       18.2077 |       11.6225 |            4.2271 |            1.8402 |            4.6865 |            0.8688
 34759 |    366 | 2020-03-14 09:00:43   |        13.132 |       18.2077 |        12.101 |             4.402 |             1.919 |             4.874 |             0.906
 34759 |    367 | 2020-03-14 09:00:53   |        13.129 |       18.2091 |       12.0076 |            4.3664 |            1.9032 |            4.8399 |            0.8981
 34759 |    368 | 2020-03-14 09:01:05   |       13.1215 |       18.2068 |        12.073 |            4.3885 |            1.9128 |             4.868 |            0.9037
 34759 |    369 | 2020-03-14 09:01:18   |       13.0677 |        18.198 |       11.1514 |            4.0666 |            1.7533 |            4.5073 |            0.8243
 34759 |    370 | 2020-03-14 09:01:29   |       13.1227 |        18.206 |       11.4071 |            4.1503 |            1.8037 |            4.6017 |            0.8513
 34759 |    371 | 2020-03-14 09:01:38.5 |       13.1305 |       18.2056 |       11.9274 |            4.3376 |            1.8897 |            4.8077 |            0.8924
 34759 |    372 | 2020-03-14 09:01:48.5 |       13.1118 |       18.2095 |        12.143 |            4.4332 |            1.9113 |            4.8984 |            0.9001
 34759 |    373 | 2020-03-14 09:01:58.5 |       13.1277 |       18.2072 |       12.0826 |            4.3919 |            1.9157 |            4.8705 |            0.9044
 34759 |    374 | 2020-03-14 09:02:11   |       13.1335 |       18.2098 |        10.702 |             3.892 |             1.693 |             4.324 |             0.793
 34759 |    375 | 2020-03-14 09:02:23.5 |        13.123 |       18.2093 |       11.1087 |            4.0494 |            1.7481 |            4.4875 |            0.8237
 34759 |    376 | 2020-03-14 09:02:33   |       13.1283 |       18.2071 |       11.6634 |            4.2426 |            1.8463 |            4.7032 |            0.8714
 34759 |    377 | 2020-03-14 09:02:43   |        13.132 |       18.2072 |        12.106 |             4.403 |             1.919 |             4.877 |             0.907
 34759 |    378 | 2020-03-14 09:02:55   |        13.125 |        18.207 |        11.959 |             4.348 |             1.895 |             4.822 |             0.894
 34759 |    379 | 2020-03-14 09:03:11   |       13.1265 |       18.2105 |        10.719 |             3.902 |             1.693 |             4.334 |              0.79
 34759 |    380 | 2020-03-14 09:03:23.5 |       13.1231 |       18.1967 |       11.1273 |            4.0569 |             1.753 |            4.4918 |            0.8256
 34759 |    381 | 2020-03-14 09:03:32   |        13.129 |       18.2059 |       11.6666 |             4.243 |             1.847 |            4.7047 |            0.8719
 34759 |    382 | 2020-03-14 09:03:41   |        13.131 |       18.2062 |       12.0045 |            4.3658 |            1.9022 |            4.8373 |            0.8993
 34759 |    383 | 2020-03-14 09:03:49.5 |       13.1263 |       18.2066 |       11.8846 |            4.3223 |             1.883 |            4.7905 |            0.8888
 34759 |    384 | 2020-03-14 09:03:58.5 |       13.1267 |       18.2061 |       12.0865 |            4.3937 |            1.9156 |            4.8723 |            0.9049
 34759 |    385 | 2020-03-14 09:04:11   |       13.1185 |       18.1952 |        10.655 |             3.888 |             1.674 |             4.312 |             0.781
 34759 |    386 | 2020-03-14 09:04:24   |       13.1225 |       18.2065 |       11.1614 |            4.0606 |            1.7636 |            4.5054 |            0.8318
 34759 |    387 | 2020-03-14 09:04:33.5 |       13.1272 |       18.2064 |       11.6505 |            4.2383 |             1.844 |             4.698 |            0.8702
 34759 |    388 | 2020-03-14 09:04:43.5 |       13.1283 |       18.2112 |       12.1919 |            4.4389 |            1.9306 |            4.9136 |            0.9088
 34759 |    389 | 2020-03-14 09:04:53.5 |       13.1251 |       18.2061 |       11.9495 |            4.3446 |            1.8928 |            4.8183 |            0.8938
 34759 |    390 | 2020-03-14 09:05:05   |       13.1213 |       18.2063 |       11.9933 |            4.3601 |            1.8998 |            4.8366 |            0.8968
 34759 |    391 | 2020-03-14 09:05:18   |       13.1334 |       18.2099 |       11.1658 |            4.0618 |            1.7668 |            4.5061 |            0.8312
 34759 |    392 | 2020-03-14 09:05:29   |       13.1279 |       18.2065 |        11.497 |             4.182 |            1.8195 |            4.6372 |            0.8582
 34759 |    393 | 2020-03-14 09:05:39   |       13.1325 |        18.208 |        12.036 |             4.378 |             1.908 |             4.849 |             0.901
 34759 |    394 | 2020-03-14 09:05:49   |       13.1331 |        18.214 |       11.8971 |            4.3329 |            1.8784 |            4.7997 |            0.8862
 34759 |    395 | 2020-03-14 09:05:58.5 |       13.1284 |       18.2068 |       12.1778 |            4.4271 |            1.9308 |            4.9081 |            0.9118
 34759 |    396 | 2020-03-14 09:06:11   |       13.1435 |       18.2105 |        10.488 |             3.817 |             1.657 |             4.242 |             0.772
 34759 |    397 | 2020-03-14 09:06:24.5 |       13.1248 |       18.2057 |       11.2318 |            4.0859 |            1.7747 |             4.534 |            0.8373
 34759 |    398 | 2020-03-14 09:06:36.5 |       13.1299 |       18.2071 |       11.8208 |            4.2992 |            1.8725 |             4.765 |            0.8841
 34759 |    399 | 2020-03-14 09:06:47   |        13.124 |       18.2068 |        11.784 |             4.286 |             1.865 |             4.752 |             0.881
 34759 |    400 | 2020-03-14 09:06:55.5 |       13.1263 |       18.2063 |       12.0232 |            4.3713 |            1.9054 |            4.8469 |            0.8996
 34759 |    401 | 2020-03-14 09:07:06   |       13.1249 |       18.2062 |       12.1366 |            4.4123 |            1.9239 |            4.8923 |            0.9081
 34759 |    402 | 2020-03-14 09:07:18.5 |       13.1303 |       18.2058 |       11.1956 |            4.0728 |            1.7711 |            4.5177 |             0.834
 34759 |    403 | 2020-03-14 09:07:29.5 |       13.1321 |       18.2105 |       11.5641 |            4.2089 |            1.8301 |            4.6615 |            0.8637
 34759 |    404 | 2020-03-14 09:07:39   |       13.1274 |       18.2069 |       11.7925 |            4.2887 |            1.8672 |            4.7546 |             0.882
 34759 |    405 | 2020-03-14 09:07:49   |        13.132 |       18.2073 |         12.21 |              4.44 |             1.936 |             4.919 |             0.915
 34759 |    406 | 2020-03-14 09:07:59   |       13.1331 |       18.2036 |        12.177 |            4.4325 |             1.928 |            4.9073 |            0.9092
 34759 |    407 | 2020-03-14 09:08:11.5 |        13.122 |       18.2067 |       10.6942 |            3.8887 |            1.6889 |            4.3241 |            0.7925
 34759 |    408 | 2020-03-14 09:08:24   |       13.1332 |       18.2094 |       11.5881 |            4.2165 |            1.8351 |            4.6716 |            0.8649
 34759 |    409 | 2020-03-14 09:08:34   |       13.1247 |       18.2068 |       11.5334 |            4.1955 |            1.8243 |            4.6518 |            0.8618
 34759 |    410 | 2020-03-14 09:08:43.5 |         13.13 |       18.2067 |       12.0193 |            4.3714 |            1.9044 |            4.8442 |            0.8992
 34759 |    411 | 2020-03-14 09:08:53.5 |        13.127 |       18.2071 |        12.325 |            4.4929 |            1.9456 |            4.9703 |            0.9162
 34759 |    412 | 2020-03-14 09:09:05.5 |       13.1225 |       18.2048 |       12.1677 |            4.4235 |            1.9289 |            4.9047 |            0.9106
 34759 |    413 | 2020-03-14 09:09:18.5 |       13.1304 |       18.2065 |       11.2246 |            4.0828 |            1.7753 |            4.5305 |             0.836
 34759 |    414 | 2020-03-14 09:09:29   |       13.1235 |       18.2158 |        11.436 |             4.176 |             1.796 |             4.618 |             0.846
 34759 |    415 | 2020-03-14 09:09:39   |       13.1282 |       18.2063 |       11.8317 |             4.304 |            1.8727 |            4.7699 |            0.8851
 34759 |    416 | 2020-03-14 09:09:49.5 |       13.1349 |       18.2093 |       12.2381 |            4.4508 |            1.9405 |            4.9299 |            0.9169
 34759 |    417 | 2020-03-14 09:10:02.5 |       13.1378 |        18.209 |       12.4571 |            4.5274 |            1.9779 |            5.0165 |            0.9353
 34759 |    418 | 2020-03-14 09:10:15   |       13.1325 |        18.206 |       10.8206 |            3.9346 |            1.7113 |            4.3718 |            0.8029
 34759 |    419 | 2020-03-14 09:10:24.5 |       13.1325 |       18.2088 |        11.383 |            4.1415 |            1.8013 |            4.5911 |            0.8491
 34759 |    420 | 2020-03-14 09:10:34   |       13.1229 |       18.2057 |       11.4875 |            4.1789 |            1.8174 |            4.6338 |            0.8574
 34759 |    421 | 2020-03-14 09:10:44   |       13.1314 |       18.2037 |       12.0021 |            4.3632 |            1.9022 |            4.8374 |            0.8992
 34759 |    422 | 2020-03-14 09:10:53.5 |       13.1185 |       18.2098 |       12.0916 |            4.3985 |            1.9161 |            4.8728 |            0.9042
 34759 |    423 | 2020-03-14 09:11:05.5 |       13.1232 |       18.2066 |       12.1265 |            4.4079 |            1.9224 |            4.8887 |            0.9075
 34759 |    424 | 2020-03-14 09:11:18.5 |       13.1326 |       18.2086 |       11.2914 |            4.1075 |            1.7866 |            4.5554 |            0.8419
 34759 |    425 | 2020-03-14 09:11:29   |       13.1235 |       18.2117 |        11.304 |             4.113 |             1.787 |             4.561 |             0.843
 34759 |    426 | 2020-03-14 09:11:39   |       13.1292 |       18.2066 |       11.8688 |            4.3166 |            1.8795 |            4.7841 |            0.8885
 34759 |    427 | 2020-03-14 09:11:49   |       13.1325 |       18.2095 |         12.29 |             4.471 |             1.949 |              4.95 |              0.92
 34759 |    428 | 2020-03-14 09:11:59   |       13.1233 |        18.206 |       11.9432 |            4.3418 |             1.892 |            4.8159 |            0.8936
 34759 |    429 | 2020-03-14 09:12:11.5 |       13.1178 |       18.2068 |       10.6403 |            3.8685 |              1.68 |            4.3031 |            0.7887
 34759 |    430 | 2020-03-14 09:12:24   |       13.0855 |       18.1946 |       11.3168 |            4.1293 |            1.7802 |            4.5702 |            0.8371
 34759 |    431 | 2020-03-14 09:12:34   |       13.1251 |       18.2059 |        11.637 |            4.2336 |            1.8404 |            4.6937 |            0.8693
 34759 |    432 | 2020-03-14 09:12:44   |       13.1461 |       18.2094 |       12.1602 |            4.4216 |            1.9289 |            4.8979 |            0.9118
 34759 |    433 | 2020-03-14 09:12:54   |       13.1379 |       18.2028 |       12.0373 |            4.3877 |            1.8985 |            4.8566 |            0.8946
 34759 |    434 | 2020-03-14 09:13:06   |       13.1275 |        18.207 |        12.182 |             4.428 |             1.932 |              4.91 |             0.912
 34759 |    435 | 2020-03-14 09:13:19   |       13.1335 |       18.2152 |       11.4177 |             4.153 |             1.808 |            4.6052 |            0.8515
 34759 |    436 | 2020-03-14 09:13:32   |       13.1248 |       18.2115 |       11.4579 |            4.1672 |            1.8127 |            4.6227 |            0.8554
 34759 |    437 | 2020-03-14 09:13:43   |        13.131 |       18.2067 |         12.04 |            4.3787 |             1.908 |            4.8518 |            0.9015
 34759 |    438 | 2020-03-14 09:13:52   |       13.1246 |        18.212 |       11.8786 |             4.324 |            1.8793 |            4.7886 |            0.8867
 34759 |    439 | 2020-03-14 09:14:01   |       13.1256 |       18.2062 |       12.0143 |            4.3666 |             1.904 |            4.8444 |            0.8993
 34759 |    440 | 2020-03-14 09:14:12   |       13.1183 |       18.2143 |       10.7566 |            3.9218 |            1.6904 |            4.3518 |            0.7926
 34759 |    441 | 2020-03-14 09:14:24   |       13.1255 |       18.2075 |       11.1399 |            4.0533 |            1.7604 |            4.4968 |            0.8293
 34759 |    442 | 2020-03-14 09:14:34   |        13.128 |       18.2063 |       11.6793 |            4.2478 |            1.8491 |            4.7091 |            0.8733
 34759 |    443 | 2020-03-14 09:14:44   |       13.1331 |       18.2094 |       12.1925 |            4.4356 |            1.9331 |            4.9102 |            0.9136
 34759 |    444 | 2020-03-14 09:14:54   |       13.1234 |       18.1882 |       11.8931 |            4.3265 |            1.8827 |            4.7945 |            0.8893
 34759 |    445 | 2020-03-14 09:15:06   |       13.1255 |       18.2057 |        12.109 |             4.402 |             1.919 |             4.881 |             0.907
 34759 |    446 | 2020-03-14 09:15:19   |       13.1075 |       18.2057 |        11.195 |            4.0849 |            1.7604 |            4.5217 |            0.8281
 34759 |    447 | 2020-03-14 09:15:29.5 |       13.1266 |       18.2101 |       11.4586 |            4.1686 |            1.8136 |            4.6213 |            0.8551
 34759 |    448 | 2020-03-14 09:15:39   |       13.1303 |       18.2048 |        11.885 |            4.3217 |            1.8829 |            4.7902 |            0.8902
 34759 |    449 | 2020-03-14 09:15:49   |       13.1325 |         18.21 |         12.08 |             4.394 |             1.915 |             4.867 |             0.904
 34759 |    450 | 2020-03-14 09:15:59   |       13.1264 |       18.2067 |       12.0575 |            4.3835 |            1.9109 |            4.8611 |            0.9019
 34759 |    451 | 2020-03-14 09:16:12   |       13.1202 |       18.2112 |       10.7187 |            3.8969 |            1.6935 |            4.3333 |             0.795
 34759 |    452 | 2020-03-14 09:16:25   |        13.125 |       18.2068 |        11.196 |             4.073 |              1.77 |             4.519 |             0.834
 34759 |    453 | 2020-03-14 09:16:34.5 |       13.1304 |       18.2066 |       11.7527 |            4.2738 |            1.8615 |            4.7386 |            0.8787
 34759 |    454 | 2020-03-14 09:16:44   |       13.1388 |       18.2101 |       12.1285 |            4.4078 |            1.9251 |            4.8853 |            0.9103
 34759 |    455 | 2020-03-14 09:16:56.5 |       13.1281 |       18.2075 |       12.0545 |            4.3815 |            1.9113 |            4.8595 |            0.9023
 34759 |    456 | 2020-03-14 09:17:08.5 |       13.1139 |       18.2061 |       11.6623 |            4.2398 |            1.8446 |            4.7072 |            0.8708
 34759 |    457 | 2020-03-14 09:17:19.5 |       13.1022 |       18.2132 |       11.0905 |            4.0395 |            1.7494 |            4.4799 |            0.8218
 34759 |    458 | 2020-03-14 09:17:30   |        13.126 |       18.2067 |         11.41 |              4.15 |             1.805 |             4.603 |             0.852
 34759 |    459 | 2020-03-14 09:17:39.5 |       13.1298 |       18.2077 |       11.9759 |            4.3566 |            1.8972 |            4.8257 |            0.8964
 34759 |    460 | 2020-03-14 09:17:49.5 |       13.0681 |        18.207 |       11.8683 |            4.3287 |            1.8666 |            4.7907 |            0.8822
 34759 |    461 | 2020-03-14 09:18:00   |       13.1244 |       18.2061 |        12.077 |            4.3903 |            1.9135 |            4.8688 |            0.9044
 34759 |    462 | 2020-03-14 09:18:12.5 |        13.121 |       18.2081 |        10.654 |            3.8739 |            1.6831 |            4.3076 |            0.7894
 34759 |    463 | 2020-03-14 09:18:25   |       13.1196 |       18.2078 |       11.2257 |            4.0859 |            1.7741 |            4.5305 |            0.8351
 34759 |    464 | 2020-03-14 09:18:34.5 |       13.1303 |       18.2042 |       11.7512 |            4.2733 |            1.8609 |            4.7382 |            0.8789
 34759 |    465 | 2020-03-14 09:18:44   |        13.133 |       18.2094 |       12.0462 |            4.3812 |            1.9098 |            4.8533 |            0.9019
 34759 |    466 | 2020-03-14 09:18:54   |       13.1255 |       18.2065 |        11.962 |             4.349 |             1.895 |             4.823 |             0.895
 34759 |    467 | 2020-03-14 09:19:06.5 |       13.1279 |       18.2062 |       12.2387 |            4.4475 |            1.9408 |            4.9332 |            0.9172
 34759 |    468 | 2020-03-14 09:19:19.5 |       13.1337 |        18.209 |       11.0291 |            4.0132 |            1.7443 |            4.4529 |            0.8187
 34759 |    469 | 2020-03-14 09:19:30   |        13.129 |       18.2065 |        11.518 |             4.189 |             1.823 |             4.646 |              0.86
 34759 |    470 | 2020-03-14 09:19:40   |       13.1331 |       18.2084 |       12.0562 |             4.385 |            1.9109 |            4.8573 |             0.903
 34759 |    471 | 2020-03-14 09:19:50   |        13.124 |       18.2067 |        11.812 |             4.296 |              1.87 |             4.763 |             0.883
 34759 |    472 | 2020-03-14 09:19:59.5 |       13.1276 |       18.2061 |       12.1022 |            4.3989 |            1.9183 |            4.8788 |            0.9062
 34759 |    473 | 2020-03-14 09:20:12   |        13.113 |       18.2091 |       10.7559 |            3.9186 |             1.692 |            4.3514 |            0.7939
 34759 |    474 | 2020-03-14 09:20:27.5 |       13.1271 |       18.2067 |        11.363 |            4.1334 |            1.7973 |            4.5843 |            0.8479
 34759 |    475 | 2020-03-14 09:20:39   |       13.1358 |       18.2096 |       12.0535 |            4.3832 |            1.9116 |            4.8551 |            0.9037
 34759 |    476 | 2020-03-14 09:20:48   |       13.1087 |       18.2011 |       11.7962 |            4.2994 |            1.8598 |            4.7597 |            0.8774
 34759 |    477 | 2020-03-14 09:20:56.5 |       13.1285 |       18.2063 |       12.1227 |            4.4071 |            1.9216 |            4.8861 |            0.9079
 34759 |    478 | 2020-03-14 09:21:07   |       13.1255 |       18.2076 |       12.2065 |            4.4375 |            1.9348 |              4.92 |            0.9143
 34759 |    479 | 2020-03-14 09:21:20   |       13.1231 |       18.2064 |       10.8769 |            3.9565 |            1.7183 |            4.3938 |            0.8082
 34759 |    480 | 2020-03-14 09:21:30.5 |         13.13 |       18.2046 |        11.589 |            4.2149 |            1.8343 |            4.6737 |            0.8661
 34759 |    481 | 2020-03-14 09:21:40   |        13.135 |       18.2126 |       11.9651 |            4.3512 |            1.8985 |             4.819 |            0.8965
 34759 |    482 | 2020-03-14 09:21:49.5 |        13.123 |       18.2076 |        11.815 |            4.2982 |            1.8686 |            4.7648 |            0.8834
 34759 |    483 | 2020-03-14 09:21:59   |       13.1301 |       18.2037 |       12.2007 |            4.4343 |            1.9354 |            4.9169 |            0.9141
 34759 |    484 | 2020-03-14 09:22:12   |       13.1152 |       18.2114 |       10.7971 |            3.9309 |            1.7003 |            4.3683 |            0.7976
 34759 |    485 | 2020-03-14 09:22:25   |       13.1284 |       18.2075 |       11.2694 |            4.0999 |            1.7817 |            4.5478 |              0.84
 34759 |    486 | 2020-03-14 09:22:35   |       13.1128 |        18.209 |       11.7512 |             4.277 |            1.8576 |            4.7395 |             0.877
 34759 |    487 | 2020-03-14 09:22:45   |       13.1298 |       18.2069 |       11.7556 |            4.2752 |            1.8613 |            4.7395 |            0.8796
 34759 |    488 | 2020-03-14 09:22:50.5 |       13.1272 |        18.207 |       11.9261 |            4.3372 |            1.8889 |            4.8072 |            0.8928
(489 rows)

