  run  | subrun |         time          | step1_voltage | step2_voltage | total_current | pos_2step_current | pos_1step_current | neg_2step_current | neg_1step_current 
-------+--------+-----------------------+---------------+---------------+---------------+-------------------+-------------------+-------------------+-------------------
 34810 |      0 | 2020-03-15 06:30:31.5 |       13.1282 |       18.2058 |       12.0602 |            4.3873 |            1.9105 |            4.8603 |             0.902
 34810 |      1 | 2020-03-15 06:30:41.5 |       13.1334 |       18.2105 |       12.1559 |            4.4208 |            1.9279 |            4.8974 |            0.9099
 34810 |      2 | 2020-03-15 06:30:53   |       13.1275 |       18.2073 |         12.18 |             4.427 |             1.931 |              4.91 |             0.912
 34810 |      3 | 2020-03-15 06:31:05.5 |        13.133 |       18.2099 |       11.2551 |             4.094 |            1.7818 |            4.5408 |            0.8385
 34810 |      4 | 2020-03-15 06:31:16   |       13.1228 |       18.2092 |       11.2966 |            4.1145 |            1.7816 |            4.5605 |              0.84
 34810 |      5 | 2020-03-15 06:31:26   |       13.1292 |       18.2056 |       11.8477 |            4.3087 |            1.8769 |            4.7763 |            0.8859
 34810 |      6 | 2020-03-15 06:31:36   |       13.1317 |       18.1761 |       12.0589 |            4.3906 |            1.9083 |            4.8596 |            0.9005
 34810 |      7 | 2020-03-15 06:31:46   |       13.1243 |       18.2052 |       11.9702 |            4.3519 |            1.8958 |            4.8273 |            0.8951
 34810 |      8 | 2020-03-15 06:31:59   |       13.1151 |       18.2085 |       10.7563 |             3.912 |            1.6977 |            4.3489 |            0.7977
 34810 |      9 | 2020-03-15 06:32:11.5 |       13.1281 |       18.2108 |       11.2482 |             4.092 |            1.7788 |            4.5396 |            0.8379
 34810 |     10 | 2020-03-15 06:32:21   |       13.1276 |       18.2075 |       11.5998 |              4.22 |            1.8362 |            4.6777 |            0.8659
 34810 |     11 | 2020-03-15 06:32:31.5 |       13.1268 |       18.2079 |       11.8565 |            4.3135 |            1.8772 |              4.78 |            0.8858
 34810 |     12 | 2020-03-15 06:32:41.5 |       13.1246 |       18.1883 |       11.9483 |              4.35 |            1.8893 |            4.8175 |            0.8915
 34810 |     13 | 2020-03-15 06:32:53.5 |       13.1294 |       18.2036 |       12.2246 |            4.4412 |            1.9403 |            4.9269 |            0.9162
 34810 |     14 | 2020-03-15 06:33:12.5 |        13.129 |        18.207 |       11.3266 |            4.1204 |            1.7918 |            4.5705 |            0.8438
 34810 |     15 | 2020-03-15 06:33:28   |       13.1325 |       18.2102 |        11.866 |             4.317 |              1.88 |             4.782 |             0.887
 34810 |     16 | 2020-03-15 06:33:35.5 |       13.1274 |       18.2069 |       11.9601 |            4.3497 |            1.8945 |            4.8207 |            0.8952
 34810 |     17 | 2020-03-15 06:33:43   |       13.1325 |       18.2077 |        12.282 |             4.465 |             1.948 |             4.949 |              0.92
 34810 |     18 | 2020-03-15 06:33:51.5 |        13.131 |       18.1903 |       12.2314 |             4.453 |            1.9334 |            4.9327 |            0.9123
 34810 |     19 | 2020-03-15 06:34:01.5 |       13.1145 |        18.206 |       10.2226 |            3.7184 |            1.6104 |            4.1386 |            0.7551
 34810 |     20 | 2020-03-15 06:34:12   |       13.1285 |        18.206 |        11.287 |             4.106 |             1.785 |             4.555 |             0.841
 34810 |     21 | 2020-03-15 06:34:21.5 |       13.1334 |        18.211 |       11.8473 |            4.3111 |            1.8775 |            4.7743 |            0.8845
 34810 |     22 | 2020-03-15 06:34:31   |        13.126 |       18.2075 |        11.799 |             4.291 |             1.868 |             4.758 |             0.882
 34810 |     23 | 2020-03-15 06:34:41.5 |       13.1317 |       18.2035 |       12.1607 |            4.4178 |            1.9304 |            4.8995 |             0.913
 34810 |     24 | 2020-03-15 06:34:53   |       13.1315 |       18.2081 |       12.2993 |            4.4696 |            1.9523 |            4.9552 |            0.9222
 34810 |     25 | 2020-03-15 06:35:06   |       13.1304 |       18.2095 |       10.9633 |            3.9886 |            1.7338 |            4.4269 |             0.814
 34810 |     26 | 2020-03-15 06:35:16.5 |       13.0968 |       18.2061 |       11.4435 |            4.1799 |            1.7955 |            4.6228 |            0.8453
 34810 |     27 | 2020-03-15 06:35:27   |       13.1251 |       18.2069 |       11.7603 |            4.2784 |            1.8614 |            4.7421 |            0.8785
 34810 |     28 | 2020-03-15 06:35:36.5 |       13.0654 |       18.1953 |       12.1282 |            4.4221 |            1.9112 |            4.8924 |            0.9025
 34810 |     29 | 2020-03-15 06:35:46.5 |       13.1237 |       18.2061 |       12.0851 |            4.3941 |            1.9151 |             4.872 |            0.9039
 34810 |     30 | 2020-03-15 06:35:59.5 |       13.1132 |       18.2061 |       10.6964 |            3.8901 |            1.6874 |            4.3259 |            0.7929
 34810 |     31 | 2020-03-15 06:36:12.5 |       13.1029 |       18.2028 |       11.0481 |            4.0253 |            1.7406 |            4.4625 |            0.8197
 34810 |     32 | 2020-03-15 06:36:22   |       13.1287 |       18.2073 |       11.6868 |            4.2509 |              1.85 |             4.712 |            0.8739
 34810 |     33 | 2020-03-15 06:36:32   |       13.1332 |       18.2079 |       12.1827 |            4.4306 |            1.9316 |            4.9073 |            0.9131
 34810 |     34 | 2020-03-15 06:36:43.5 |       13.1339 |       18.2087 |       12.3791 |            4.5005 |            1.9639 |            4.9864 |            0.9282
 34810 |     35 | 2020-03-15 06:36:57.5 |       13.1038 |       18.2066 |        10.857 |            3.9485 |            1.7125 |            4.3899 |            0.8061
 34810 |     36 | 2020-03-15 06:37:08.5 |       13.1289 |       18.2077 |       11.0832 |            4.0313 |            1.7528 |            4.4744 |            0.8247
 34810 |     37 | 2020-03-15 06:37:17   |       13.1275 |       18.2063 |        11.487 |             4.179 |             1.818 |             4.633 |             0.857
 34810 |     38 | 2020-03-15 06:37:27   |       13.1255 |        18.207 |        11.694 |             4.253 |             1.851 |             4.716 |             0.874
 34810 |     39 | 2020-03-15 06:37:37   |       13.1235 |       18.1852 |        11.803 |             4.292 |             1.869 |             4.759 |             0.883
 34810 |     40 | 2020-03-15 06:37:47   |       13.1315 |        18.209 |       12.3113 |            4.4776 |            1.9526 |            4.9592 |            0.9219
 34810 |     41 | 2020-03-15 06:38:00.5 |         13.12 |       18.2083 |       10.5127 |             3.823 |            1.6597 |            4.2522 |            0.7778
 34810 |     42 | 2020-03-15 06:38:13.5 |       13.1185 |        18.207 |       11.1998 |            4.0757 |            1.7702 |            4.5209 |            0.8331
 34810 |     43 | 2020-03-15 06:38:22.5 |         13.13 |       18.2071 |       11.7061 |            4.2576 |            1.8537 |              4.72 |            0.8748
 34810 |     44 | 2020-03-15 06:38:32   |         13.13 |       18.2126 |       12.2538 |             4.461 |            1.9409 |            4.9368 |            0.9152
 34810 |     45 | 2020-03-15 06:38:42   |       13.1245 |       18.2067 |        11.922 |             4.335 |             1.888 |             4.807 |             0.892
 34810 |     46 | 2020-03-15 06:38:54   |        13.131 |       18.2063 |        12.347 |             4.488 |             1.959 |             4.975 |             0.925
 34810 |     47 | 2020-03-15 06:39:06.5 |       13.1375 |       18.2115 |       11.0725 |             4.026 |            1.7537 |            4.4691 |            0.8237
 34810 |     48 | 2020-03-15 06:39:17   |        13.128 |       18.2077 |        11.515 |             4.188 |             1.822 |             4.645 |              0.86
 34810 |     49 | 2020-03-15 06:39:27   |       13.1309 |       18.2067 |       11.9498 |            4.3461 |            1.8937 |            4.8161 |            0.8939
 34810 |     50 | 2020-03-15 06:39:37   |       13.1245 |       18.2075 |        11.847 |             4.308 |             1.876 |             4.777 |             0.886
 34810 |     51 | 2020-03-15 06:39:47   |       13.1277 |       18.2054 |       12.1504 |            4.4166 |            1.9264 |            4.8975 |              0.91
 34810 |     52 | 2020-03-15 06:40:00   |       13.1146 |       18.2056 |       10.6973 |            3.8904 |            1.6883 |            4.3253 |            0.7933
 34810 |     53 | 2020-03-15 06:40:16   |       13.1322 |       18.2061 |       11.3067 |             4.112 |             1.789 |            4.5622 |            0.8435
 34810 |     54 | 2020-03-15 06:40:28   |       13.1307 |       18.1937 |       11.7971 |            4.2941 |            1.8667 |            4.7548 |            0.8815
 34810 |     55 | 2020-03-15 06:40:36   |       13.1222 |       18.2049 |       11.9287 |            4.3422 |            1.8852 |            4.8118 |            0.8896
 34810 |     56 | 2020-03-15 06:40:44.5 |       13.1288 |       18.2067 |        12.139 |            4.4128 |            1.9241 |            4.8935 |            0.9086
 34810 |     57 | 2020-03-15 06:40:55   |       13.1229 |       18.2067 |       12.0765 |            4.3898 |            1.9137 |            4.8694 |            0.9036
 34810 |     58 | 2020-03-15 06:41:07   |       13.1226 |       18.2101 |       10.8822 |            3.9616 |            1.7172 |            4.3954 |             0.808
 34810 |     59 | 2020-03-15 06:41:17.5 |       13.1292 |        18.207 |       11.5209 |            4.1906 |            1.8234 |            4.6467 |            0.8603
 34810 |     60 | 2020-03-15 06:41:27   |       13.1312 |       18.2071 |       11.9006 |            4.3282 |            1.8853 |            4.7964 |            0.8907
 34810 |     61 | 2020-03-15 06:41:37   |        13.126 |        18.207 |        11.895 |             4.325 |             1.884 |             4.796 |              0.89
 34810 |     62 | 2020-03-15 06:41:47.5 |       13.1297 |       18.2053 |        12.239 |            4.4488 |            1.9413 |            4.9325 |            0.9164
 34810 |     63 | 2020-03-15 06:42:00.5 |       13.0934 |        18.198 |       10.5918 |             3.862 |            1.6629 |             4.287 |            0.7799
 34810 |     64 | 2020-03-15 06:42:13   |       13.1275 |       18.2059 |       11.1935 |            4.0712 |            1.7703 |            4.5175 |            0.8345
 34810 |     65 | 2020-03-15 06:42:23   |       13.1314 |       18.2073 |        11.847 |            4.3098 |            1.8768 |            4.7743 |            0.8861
 34810 |     66 | 2020-03-15 06:42:32.5 |       13.1334 |       18.2116 |        11.967 |            4.3539 |            1.8964 |            4.8214 |            0.8953
 34810 |     67 | 2020-03-15 06:42:42   |        13.127 |        18.207 |        12.029 |             4.374 |             1.906 |             4.849 |               0.9
 34810 |     68 | 2020-03-15 06:42:54   |        13.132 |         18.21 |        12.483 |             4.539 |             1.982 |             5.027 |             0.935
 34810 |     69 | 2020-03-15 06:43:08   |        13.125 |       18.2068 |        10.944 |            3.9808 |            1.7292 |            4.4202 |            0.8138
 34810 |     70 | 2020-03-15 06:43:19.5 |       13.1316 |       18.2061 |        11.702 |            4.2561 |            1.8529 |            4.7178 |            0.8752
 34810 |     71 | 2020-03-15 06:43:28.5 |       13.1372 |       18.2082 |       11.8978 |            4.3264 |            1.8867 |            4.7937 |            0.8911
 34810 |     72 | 2020-03-15 06:43:38.5 |       13.1288 |       18.2063 |       11.9303 |            4.3375 |            1.8909 |            4.8091 |            0.8928
 34810 |     73 | 2020-03-15 06:43:50.5 |       13.1323 |       18.2084 |       12.3759 |            4.4988 |            1.9635 |            4.9859 |            0.9276
 34810 |     74 | 2020-03-15 06:44:02.5 |       13.1267 |       18.2067 |       10.3933 |            3.7788 |            1.6417 |            4.2043 |            0.7684
 34810 |     75 | 2020-03-15 06:44:13   |       13.1272 |       18.2068 |        11.223 |            4.0823 |            1.7748 |            4.5294 |            0.8365
 34810 |     76 | 2020-03-15 06:44:23   |       13.1215 |        18.203 |       11.8581 |             4.316 |            1.8762 |            4.7805 |            0.8853
 34810 |     77 | 2020-03-15 06:44:32.5 |       13.1287 |       18.2121 |       11.7804 |            4.2897 |             1.861 |            4.7517 |             0.878
 34810 |     78 | 2020-03-15 06:44:42   |        13.128 |        18.207 |        12.069 |             4.388 |             1.913 |             4.864 |             0.904
 34810 |     79 | 2020-03-15 06:44:54.5 |       13.1258 |       18.2118 |       12.3689 |             4.509 |            1.9513 |            4.9885 |            0.9201
 34810 |     80 | 2020-03-15 06:45:08   |       13.1301 |       18.1968 |       11.0635 |            4.0267 |            1.7474 |            4.4663 |            0.8232
 34810 |     81 | 2020-03-15 06:45:18.5 |       13.1298 |       18.2042 |        11.597 |            4.2183 |            1.8362 |             4.676 |            0.8665
 34810 |     82 | 2020-03-15 06:45:28   |       13.1265 |       18.2023 |        11.771 |            4.2871 |            1.8584 |            4.7476 |            0.8779
 34810 |     83 | 2020-03-15 06:45:38   |       13.1275 |       18.2072 |        11.974 |             4.354 |             1.897 |             4.827 |             0.896
 34810 |     84 | 2020-03-15 06:45:48   |        13.129 |       18.2071 |       12.2111 |            4.4391 |            1.9363 |             4.921 |            0.9147
 34810 |     85 | 2020-03-15 06:46:00.5 |       13.1158 |       18.2071 |       10.5649 |            3.8409 |            1.6675 |            4.2737 |            0.7829
 34810 |     86 | 2020-03-15 06:46:13   |       13.1291 |       18.2051 |       11.3157 |            4.1157 |              1.79 |            4.5665 |            0.8435
 34810 |     87 | 2020-03-15 06:46:23   |       13.1337 |         18.21 |       11.8758 |            4.3202 |            1.8821 |            4.7854 |            0.8881
 34810 |     88 | 2020-03-15 06:46:33   |        13.125 |       18.2067 |       11.7796 |            4.2836 |            1.8647 |            4.7508 |            0.8805
 34810 |     89 | 2020-03-15 06:46:43   |         13.13 |       18.2055 |       12.1339 |            4.4106 |            1.9233 |            4.8911 |            0.9089
 34810 |     90 | 2020-03-15 06:46:55   |       13.1256 |       18.1951 |       12.0663 |            4.3904 |            1.9114 |            4.8624 |             0.902
 34810 |     91 | 2020-03-15 06:47:08   |        13.127 |       18.2076 |       11.0315 |            4.0124 |            1.7437 |            4.4547 |            0.8207
 34810 |     92 | 2020-03-15 06:47:21   |       13.1339 |       18.2103 |       11.8665 |            4.3162 |            1.8812 |            4.7814 |            0.8877
 34810 |     93 | 2020-03-15 06:47:32   |       13.1251 |       18.2066 |       11.7412 |            4.2682 |            1.8597 |            4.7347 |            0.8785
 34810 |     94 | 2020-03-15 06:47:40   |       13.1293 |       18.2066 |       12.0866 |            4.3947 |            1.9157 |            4.8709 |            0.9054
 34810 |     95 | 2020-03-15 06:47:48.5 |       13.1321 |       18.2077 |       12.3483 |            4.4873 |            1.9609 |            4.9738 |            0.9264
 34810 |     96 | 2020-03-15 06:48:01   |       13.1223 |       18.2057 |       10.5801 |            3.8447 |            1.6726 |            4.2782 |            0.7845
 34810 |     97 | 2020-03-15 06:48:13.5 |       13.1315 |       18.2065 |       11.4464 |             4.164 |            1.8117 |            4.6173 |            0.8534
 34810 |     98 | 2020-03-15 06:48:23   |       13.1299 |       18.2041 |       11.5992 |             4.222 |            1.8346 |             4.677 |            0.8656
 34810 |     99 | 2020-03-15 06:48:33   |       13.1271 |       18.2085 |       11.8553 |             4.311 |            1.8783 |             4.779 |            0.8868
 34810 |    100 | 2020-03-15 06:48:43   |       13.1328 |       18.2076 |       12.2534 |            4.4541 |            1.9443 |            4.9364 |            0.9186
 34810 |    101 | 2020-03-15 06:48:55   |       13.1207 |       18.1865 |       11.9111 |            4.3331 |            1.8842 |            4.8043 |            0.8894
 34810 |    102 | 2020-03-15 06:49:08   |       13.1261 |       18.2051 |       11.0191 |             4.008 |            1.7417 |              4.45 |            0.8194
 34810 |    103 | 2020-03-15 06:49:18.5 |       13.1269 |        18.215 |       11.7536 |            4.2842 |            1.8543 |            4.7433 |            0.8718
 34810 |    104 | 2020-03-15 06:49:28.5 |        13.124 |       18.2061 |       11.6537 |            4.2381 |            1.8441 |            4.7014 |            0.8701
 34810 |    105 | 2020-03-15 06:49:39.5 |       13.1298 |       18.2047 |       12.1349 |            4.4121 |            1.9237 |            4.8908 |            0.9083
 34810 |    106 | 2020-03-15 06:49:49   |       13.1121 |       18.2215 |       12.4302 |            4.5328 |            1.9626 |            5.0102 |            0.9246
 34810 |    107 | 2020-03-15 06:50:00.5 |        13.117 |       18.2088 |       10.6364 |            3.8673 |            1.6795 |            4.3012 |            0.7884
 34810 |    108 | 2020-03-15 06:50:13   |       13.1271 |       18.2056 |       11.3039 |            4.1113 |            1.7888 |            4.5618 |            0.8419
 34810 |    109 | 2020-03-15 06:50:23   |       13.0722 |       18.2102 |       11.7385 |            4.2804 |            1.8517 |            4.7373 |            0.8691
 34810 |    110 | 2020-03-15 06:50:33.5 |       13.1269 |       18.2075 |       11.8333 |            4.3029 |            1.8743 |            4.7712 |            0.8848
 34810 |    111 | 2020-03-15 06:50:46   |        13.132 |       18.2075 |        12.302 |             4.471 |             1.952 |             4.957 |             0.922
 34810 |    112 | 2020-03-15 06:50:57.5 |        13.113 |       18.2064 |       11.5854 |            4.2109 |            1.8325 |             4.678 |            0.8641
 34810 |    113 | 2020-03-15 06:51:08   |        13.129 |       18.2069 |       11.1264 |            4.0469 |            1.7593 |            4.4923 |            0.8279
 34810 |    114 | 2020-03-15 06:51:19   |       13.1052 |       18.2015 |       11.6973 |            4.2702 |            1.8389 |            4.7226 |            0.8655
 34810 |    115 | 2020-03-15 06:51:29   |       13.1306 |       18.2077 |        11.682 |            4.2486 |              1.85 |            4.7105 |            0.8729
 34810 |    116 | 2020-03-15 06:51:38.5 |        13.132 |        18.207 |       12.1608 |             4.421 |            1.9287 |            4.9003 |            0.9108
 34810 |    117 | 2020-03-15 06:51:48   |       13.1305 |       18.2129 |       12.2718 |            4.4705 |            1.9394 |            4.9478 |            0.9141
 34810 |    118 | 2020-03-15 06:52:01   |        13.124 |       18.2056 |       10.6828 |            3.8848 |             1.687 |            4.3196 |            0.7915
 34810 |    119 | 2020-03-15 06:52:13.5 |       13.1305 |       18.2079 |       11.4225 |            4.1557 |            1.8073 |            4.6077 |            0.8518
 34810 |    120 | 2020-03-15 06:52:23   |       13.1306 |        18.212 |       11.7295 |            4.2753 |            1.8508 |            4.7313 |            0.8721
 34810 |    121 | 2020-03-15 06:52:33   |       13.1309 |       18.2078 |       11.9606 |            4.3497 |            1.8958 |            4.8203 |            0.8947
 34810 |    122 | 2020-03-15 06:52:43   |       13.1312 |       18.2079 |       12.1783 |            4.4262 |            1.9328 |            4.9068 |            0.9126
 34810 |    123 | 2020-03-15 06:52:56   |       13.1325 |       18.2087 |        12.437 |             4.521 |             1.974 |              5.01 |             0.932
 34810 |    124 | 2020-03-15 06:53:09.5 |       13.1213 |       18.2063 |       10.8117 |            3.9321 |            1.7071 |            4.3691 |            0.8035
 34810 |    125 | 2020-03-15 06:53:19.5 |       13.1289 |       18.2066 |       11.5871 |            4.2141 |            1.8339 |            4.6731 |             0.866
 34810 |    126 | 2020-03-15 06:53:28.5 |        13.133 |       18.2095 |       12.0245 |            4.3741 |            1.9055 |             4.845 |            0.8998
 34810 |    127 | 2020-03-15 06:53:38   |       13.1283 |        18.212 |       11.9403 |            4.3425 |            1.8918 |            4.8128 |            0.8931
 34810 |    128 | 2020-03-15 06:53:48   |       13.1295 |       18.2042 |        12.218 |             4.441 |             1.938 |             4.924 |             0.915
 34810 |    129 | 2020-03-15 06:54:01   |       13.1102 |       18.2102 |       10.6183 |            3.8646 |            1.6714 |             4.297 |            0.7854
 34810 |    130 | 2020-03-15 06:54:16.5 |       13.1321 |       18.2081 |       11.4848 |            4.1777 |            1.8179 |            4.6321 |             0.857
 34810 |    131 | 2020-03-15 06:54:28   |       13.1269 |       18.2067 |       11.7026 |            4.2564 |            1.8523 |            4.7193 |            0.8744
 34810 |    132 | 2020-03-15 06:54:37   |       13.1309 |       18.2044 |       12.0832 |            4.3925 |            1.9159 |            4.8699 |            0.9049
 34810 |    133 | 2020-03-15 06:54:45.5 |       13.1347 |       18.2101 |        12.397 |            4.5071 |            1.9669 |            4.9935 |            0.9295
 34810 |    134 | 2020-03-15 06:54:55.5 |       13.1213 |       18.2074 |       12.0438 |            4.3773 |            1.9082 |             4.857 |            0.9012
 34810 |    135 | 2020-03-15 06:55:08.5 |       13.1283 |       18.2056 |        11.103 |            4.0376 |            1.7565 |            4.4826 |            0.8264
 34810 |    136 | 2020-03-15 06:55:19   |       13.1298 |       18.2087 |        11.458 |            4.1677 |            1.8133 |            4.6216 |            0.8553
 34810 |    137 | 2020-03-15 06:55:28.5 |       13.1271 |       18.2069 |       11.7562 |            4.2758 |            1.8615 |            4.7404 |            0.8785
 34810 |    138 | 2020-03-15 06:55:38   |       13.1285 |        18.207 |        12.018 |             4.369 |             1.905 |             4.844 |               0.9
 34810 |    139 | 2020-03-15 06:55:48   |       13.1284 |       18.2088 |       12.1704 |            4.4257 |            1.9297 |            4.9047 |            0.9103
 34810 |    140 | 2020-03-15 06:56:01   |       13.1256 |       18.2044 |       10.7196 |            3.8962 |            1.6944 |            4.3341 |             0.795
 34810 |    141 | 2020-03-15 06:56:14   |       13.1325 |       18.2105 |         11.58 |             4.213 |             1.834 |             4.669 |             0.864
 34810 |    142 | 2020-03-15 06:56:24   |       13.1309 |       18.2089 |        11.556 |            4.2016 |              1.83 |            4.6601 |            0.8642
 34810 |    143 | 2020-03-15 06:56:33.5 |       13.1403 |       18.2099 |          12.1 |            4.3973 |            1.9207 |             4.874 |             0.908
 34810 |    144 | 2020-03-15 06:56:43   |       13.1136 |       18.2021 |       12.1758 |            4.4357 |             1.924 |            4.9088 |            0.9073
 34810 |    145 | 2020-03-15 06:56:55.5 |       13.0795 |       18.2155 |        12.441 |            4.5312 |             1.966 |             5.018 |            0.9259
 34810 |    146 | 2020-03-15 06:57:08.5 |       13.1263 |       18.2061 |       10.9455 |            3.9811 |            1.7302 |            4.4207 |            0.8136
 34810 |    147 | 2020-03-15 06:57:19   |       13.1281 |       18.2077 |       11.4904 |            4.1797 |             1.818 |            4.6348 |            0.8579
 34810 |    148 | 2020-03-15 06:57:29   |       13.1392 |       18.2078 |        12.049 |            4.3837 |            1.9097 |            4.8554 |            0.9001
 34810 |    149 | 2020-03-15 06:57:42   |        13.132 |       18.2095 |        12.069 |             4.388 |             1.913 |             4.864 |             0.904
 34810 |    150 | 2020-03-15 06:57:55   |       13.1249 |       18.2068 |       12.1484 |            4.4153 |            1.9257 |            4.8974 |            0.9101
 34810 |    151 | 2020-03-15 06:58:07.5 |       13.1293 |       18.2094 |       11.1402 |            4.0513 |             1.763 |            4.4966 |            0.8293
 34810 |    152 | 2020-03-15 06:58:18.5 |       13.1237 |       18.2076 |       11.3009 |            4.1106 |            1.7872 |            4.5605 |            0.8426
 34810 |    153 | 2020-03-15 06:58:27   |       13.1284 |       18.2065 |       11.7865 |            4.2868 |            1.8667 |            4.7516 |            0.8814
 34810 |    154 | 2020-03-15 06:58:35.5 |       13.1323 |       18.2084 |       12.1442 |            4.4162 |            1.9254 |            4.8931 |            0.9096
 34810 |    155 | 2020-03-15 06:58:44   |       13.1287 |       18.2087 |       12.1217 |            4.4084 |            1.9216 |            4.8845 |            0.9071
 34810 |    156 | 2020-03-15 06:58:56   |       13.1204 |       18.2065 |       12.0533 |            4.3809 |              1.91 |             4.861 |            0.9015
 34810 |    157 | 2020-03-15 06:59:08.5 |       13.1405 |       18.2081 |        11.307 |            4.1122 |            1.7908 |            4.5607 |            0.8433
 34810 |    158 | 2020-03-15 06:59:19   |       13.1314 |        18.206 |       11.3444 |            4.1262 |            1.7946 |            4.5766 |             0.847
 34810 |    159 | 2020-03-15 06:59:29   |       13.1266 |       18.2056 |       11.9067 |            4.3301 |             1.886 |            4.7995 |            0.8911
 34810 |    160 | 2020-03-15 06:59:39   |       13.0309 |        18.198 |       12.0623 |            4.3955 |            1.9042 |            4.8644 |            0.8982
 34810 |    161 | 2020-03-15 06:59:48.5 |       13.1211 |       18.2058 |       11.9653 |            4.3502 |            1.8954 |            4.8251 |            0.8947
 34810 |    162 | 2020-03-15 07:00:01   |       13.1202 |       18.2067 |       10.7229 |            3.8988 |            1.6939 |            4.3352 |            0.7949
 34810 |    163 | 2020-03-15 07:00:14.5 |       13.1179 |       18.2073 |       11.3084 |            4.1153 |            1.7879 |             4.563 |            0.8422
 34810 |    164 | 2020-03-15 07:00:24.5 |       13.1365 |       18.2082 |       11.5131 |            4.1867 |            1.8224 |            4.6443 |            0.8597
 34810 |    165 | 2020-03-15 07:00:34.5 |       13.1298 |        18.203 |       12.0015 |            4.3645 |            1.9012 |            4.8377 |             0.898
 34810 |    166 | 2020-03-15 07:00:44.5 |       13.1268 |       18.2087 |       11.9831 |            4.3559 |            1.8995 |            4.8307 |             0.897
 34810 |    167 | 2020-03-15 07:00:56.5 |       13.1181 |       18.2059 |       11.9751 |            4.3525 |            1.8972 |            4.8302 |            0.8952
 34810 |    168 | 2020-03-15 07:01:10.5 |       13.1245 |       18.2174 |       11.2464 |            4.1043 |            1.7683 |            4.5438 |            0.8299
 34810 |    169 | 2020-03-15 07:01:23   |       13.1285 |       18.2062 |       11.6137 |            4.2239 |            1.8386 |            4.6835 |            0.8677
 34810 |    170 | 2020-03-15 07:01:33   |       13.1327 |       18.2104 |       12.1698 |            4.4274 |            1.9295 |            4.9019 |             0.911
 34810 |    171 | 2020-03-15 07:01:41.5 |       13.1247 |        18.207 |       11.8511 |            4.3092 |            1.8766 |            4.7791 |            0.8862
 34810 |    172 | 2020-03-15 07:01:49.5 |       13.1276 |       18.2075 |       12.1223 |            4.4069 |            1.9222 |            4.8854 |            0.9078
 34810 |    173 | 2020-03-15 07:02:02   |        13.133 |       18.2093 |        10.685 |             3.885 |              1.69 |             4.318 |             0.792
 34810 |    174 | 2020-03-15 07:02:14.5 |       13.1243 |       18.2068 |       11.1911 |            4.0712 |            1.7696 |            4.5168 |            0.8335
 34810 |    175 | 2020-03-15 07:02:24   |        13.133 |       18.2107 |        11.724 |             4.266 |             1.857 |             4.726 |             0.875
 34810 |    176 | 2020-03-15 07:02:34   |       13.1335 |       18.2095 |        12.174 |             4.428 |             1.931 |             4.903 |             0.912
 34810 |    177 | 2020-03-15 07:02:44   |       13.1238 |       18.2079 |       11.8764 |            4.3185 |            1.8819 |            4.7886 |            0.8874
 34810 |    178 | 2020-03-15 07:02:56.5 |       13.1208 |       18.2052 |       12.0802 |            4.3906 |            1.9142 |            4.8711 |            0.9043
 34810 |    179 | 2020-03-15 07:03:09.5 |       13.1272 |       18.2137 |       11.3185 |            4.1303 |            1.7802 |            4.5719 |            0.8361
 34810 |    180 | 2020-03-15 07:03:20   |       13.1279 |        18.207 |       11.5353 |            4.1959 |            1.8252 |            4.6534 |            0.8607
 34810 |    181 | 2020-03-15 07:03:29.5 |       13.1323 |       18.2089 |       12.0261 |            4.3745 |            1.9059 |            4.8457 |               0.9
 34810 |    182 | 2020-03-15 07:03:39   |       13.1089 |       18.2101 |       11.9849 |            4.3685 |            1.8904 |            4.8363 |            0.8897
 34810 |    183 | 2020-03-15 07:03:49   |       13.1269 |       18.2069 |        12.122 |            4.4062 |            1.9216 |            4.8863 |            0.9079
 34810 |    184 | 2020-03-15 07:04:02   |       13.1315 |       18.2072 |        10.623 |             3.862 |              1.68 |             4.294 |             0.787
 34810 |    185 | 2020-03-15 07:04:14.5 |       13.1324 |       18.2098 |        11.384 |            4.1423 |            1.8033 |            4.5911 |            0.8473
 34810 |    186 | 2020-03-15 07:04:24.5 |       13.1303 |       18.2058 |       11.7626 |            4.2784 |            1.8628 |            4.7418 |            0.8796
 34810 |    187 | 2020-03-15 07:04:34.5 |       13.1294 |       18.1816 |       11.9291 |            4.3481 |            1.8826 |            4.8092 |            0.8892
 34810 |    188 | 2020-03-15 07:04:48.5 |       13.1264 |       18.2071 |       12.0932 |            4.3961 |            1.9164 |            4.8758 |            0.9049
 34810 |    189 | 2020-03-15 07:05:00   |       13.1231 |        18.206 |       11.1192 |            4.0413 |            1.7591 |            4.4919 |            0.8269
 34810 |    190 | 2020-03-15 07:05:09.5 |       13.1313 |       18.2105 |       11.1411 |            4.0534 |            1.7631 |             4.496 |            0.8286
 34810 |    191 | 2020-03-15 07:05:20   |        13.128 |       18.2071 |       11.5281 |            4.1931 |            1.8245 |            4.6498 |            0.8607
 34810 |    192 | 2020-03-15 07:05:30   |        13.132 |       18.2085 |        12.028 |             4.375 |             1.906 |             4.846 |             0.901
 34810 |    193 | 2020-03-15 07:05:39.5 |       13.0678 |       18.2014 |       11.9504 |            4.3612 |            1.8784 |            4.8253 |            0.8855
 34810 |    194 | 2020-03-15 07:05:49   |       13.1282 |       18.2054 |       12.1007 |            4.3981 |            1.9187 |            4.8769 |             0.907
 34810 |    195 | 2020-03-15 07:06:02   |       13.1265 |       18.2175 |        10.564 |             3.854 |             1.658 |             4.277 |             0.775
 34810 |    196 | 2020-03-15 07:06:15   |       13.1251 |       18.2071 |       11.2059 |            4.0765 |            1.7714 |            4.5228 |            0.8352
 34810 |    197 | 2020-03-15 07:06:25   |       13.1308 |       18.2071 |       11.8242 |            4.3009 |            1.8728 |            4.7659 |            0.8846
 34810 |    198 | 2020-03-15 07:06:35   |       13.1298 |       18.2095 |       11.8779 |            4.3225 |            1.8796 |            4.7883 |            0.8876
 34810 |    199 | 2020-03-15 07:06:45   |       13.1267 |       18.2074 |       12.0318 |            4.3737 |            1.9071 |            4.8499 |            0.9012
 34810 |    200 | 2020-03-15 07:06:57   |         13.12 |       18.2065 |       12.0787 |            4.3905 |            1.9134 |            4.8708 |            0.9039
 34810 |    201 | 2020-03-15 07:07:09.5 |       13.1246 |       18.2057 |        10.902 |            3.9643 |            1.7225 |            4.4041 |             0.811
 34810 |    202 | 2020-03-15 07:07:20   |       13.1285 |       18.2068 |       11.5289 |             4.193 |            1.8249 |              4.65 |             0.861
 34810 |    203 | 2020-03-15 07:07:30   |       13.1325 |       18.2088 |        12.038 |             4.379 |             1.908 |              4.85 |             0.901
 34810 |    204 | 2020-03-15 07:07:39.5 |        13.131 |       18.2075 |       12.1352 |             4.412 |            1.9239 |              4.89 |            0.9093
 34810 |    205 | 2020-03-15 07:07:50   |         13.13 |       18.2047 |        12.247 |             4.451 |             1.943 |             4.935 |             0.918
 34810 |    206 | 2020-03-15 07:08:03   |       13.1222 |       18.2073 |       10.5514 |             3.837 |            1.6662 |            4.2667 |            0.7816
 34810 |    207 | 2020-03-15 07:08:19   |       13.1267 |       18.2056 |        11.445 |            4.1621 |            1.8107 |            4.6166 |            0.8555
 34810 |    208 | 2020-03-15 07:08:31.5 |       13.1345 |         18.21 |       12.0843 |            4.3958 |            1.9163 |            4.8685 |            0.9037
 34810 |    209 | 2020-03-15 07:08:40.5 |        13.125 |       18.2057 |       11.9032 |            4.3276 |            1.8859 |            4.7989 |            0.8908
 34810 |    210 | 2020-03-15 07:08:48.5 |       13.1295 |       18.2064 |       12.2068 |            4.4371 |            1.9355 |            4.9202 |            0.9139
 34810 |    211 | 2020-03-15 07:08:58   |        13.118 |       18.2062 |        11.777 |             4.281 |             1.864 |             4.752 |              0.88
 34810 |    212 | 2020-03-15 07:09:09.5 |       13.1255 |       18.2071 |       10.9416 |            3.9795 |            1.7292 |            4.4195 |            0.8134
 34810 |    213 | 2020-03-15 07:09:20   |       13.1303 |       18.2056 |        11.607 |            4.2212 |            1.8376 |            4.6807 |            0.8675
 34810 |    214 | 2020-03-15 07:09:30   |       13.1335 |         18.21 |        12.086 |             4.398 |             1.916 |             4.868 |             0.904
 34810 |    215 | 2020-03-15 07:09:40   |       13.1324 |       18.2081 |       11.8857 |            4.3202 |            1.8838 |            4.7925 |             0.889
 34810 |    216 | 2020-03-15 07:09:50   |         13.13 |       18.2037 |         12.24 |             4.448 |             1.942 |             4.933 |             0.917
 34810 |    217 | 2020-03-15 07:10:02.5 |       13.1307 |       18.2082 |       10.6873 |            3.8852 |            1.6904 |              4.32 |            0.7916
 34810 |    218 | 2020-03-15 07:10:15   |       13.1245 |       18.2059 |       11.1819 |            4.0668 |            1.7682 |            4.5135 |            0.8334
 34810 |    219 | 2020-03-15 07:10:25   |       13.1287 |       18.2039 |        11.772 |            4.2794 |            1.8656 |            4.7459 |            0.8812
 34810 |    220 | 2020-03-15 07:10:35   |       13.0742 |       18.1892 |       11.7999 |            4.2992 |            1.8611 |            4.7605 |            0.8792
 34810 |    221 | 2020-03-15 07:10:45   |       13.1259 |        18.207 |       12.0179 |            4.3695 |             1.904 |            4.8445 |            0.8998
 34810 |    222 | 2020-03-15 07:10:57   |       13.1248 |        18.208 |       12.1746 |            4.4253 |            1.9304 |            4.9074 |            0.9114
 34810 |    223 | 2020-03-15 07:11:09.5 |       13.1264 |       18.2073 |       10.9508 |            3.9826 |            1.7309 |            4.4227 |            0.8147
 34810 |    224 | 2020-03-15 07:11:20   |       13.1303 |       18.2051 |       11.6143 |             4.224 |            1.8392 |            4.6831 |             0.868
 34810 |    225 | 2020-03-15 07:11:30   |       13.1325 |       18.2095 |        11.852 |             4.312 |             1.878 |             4.776 |             0.886
 34810 |    226 | 2020-03-15 07:11:41.5 |       13.1263 |       18.2075 |       11.9748 |            4.3543 |            1.8975 |            4.8267 |            0.8964
 34810 |    227 | 2020-03-15 07:11:54   |       13.1325 |       18.2097 |        12.419 |             4.515 |             1.971 |             5.002 |             0.931
 34810 |    228 | 2020-03-15 07:12:05   |       13.1248 |        18.208 |       10.6598 |            3.8753 |            1.6855 |            4.3077 |            0.7913
 34810 |    229 | 2020-03-15 07:12:15   |       13.1271 |       18.2055 |       11.2832 |            4.1036 |            1.7858 |             4.552 |            0.8419
 34810 |    230 | 2020-03-15 07:12:25   |        13.133 |       18.2096 |       11.9501 |            4.3477 |            1.8938 |            4.8141 |            0.8944
 34810 |    231 | 2020-03-15 07:12:35   |       13.1231 |       18.2063 |       11.7362 |            4.2679 |            1.8574 |            4.7339 |             0.877
 34810 |    232 | 2020-03-15 07:12:45   |       13.1295 |       18.2056 |       12.1606 |            4.4199 |            1.9284 |            4.9012 |            0.9111
 34810 |    233 | 2020-03-15 07:12:57   |       13.1252 |       18.2068 |        12.197 |            4.4332 |            1.9338 |            4.9169 |            0.9132
 34810 |    234 | 2020-03-15 07:13:10   |       13.1255 |       18.2065 |        10.966 |             3.988 |             1.733 |             4.429 |             0.816
 34810 |    235 | 2020-03-15 07:13:20.5 |       13.1305 |       18.2077 |       11.6548 |            4.2396 |            1.8459 |            4.6987 |            0.8707
 34810 |    236 | 2020-03-15 07:13:30   |        13.132 |       18.2112 |        11.888 |             4.326 |             1.884 |              4.79 |             0.888
 34810 |    237 | 2020-03-15 07:13:40   |        13.127 |       18.2103 |       11.9634 |            4.3501 |            1.8956 |            4.8225 |            0.8952
 34810 |    238 | 2020-03-15 07:13:50   |         13.13 |       18.2052 |        12.251 |             4.453 |             1.943 |             4.937 |             0.918
 34810 |    239 | 2020-03-15 07:14:02.5 |        13.078 |       18.2144 |       10.4366 |            3.8035 |            1.6435 |            4.2251 |            0.7645
 34810 |    240 | 2020-03-15 07:14:15   |       13.1292 |       18.2062 |       11.3597 |            4.1321 |            1.7976 |            4.5832 |            0.8468
 34810 |    241 | 2020-03-15 07:14:25   |         13.14 |       18.2095 |       11.9664 |            4.3535 |            1.8977 |            4.8201 |            0.8952
 34810 |    242 | 2020-03-15 07:14:35   |        13.128 |       18.2054 |        11.743 |            4.2701 |            1.8601 |            4.7345 |            0.8783
 34810 |    243 | 2020-03-15 07:14:45   |       13.1282 |       18.2064 |       12.1791 |            4.4277 |            1.9308 |            4.9087 |            0.9119
 34810 |    244 | 2020-03-15 07:14:57   |       13.1088 |       18.2089 |        12.185 |            4.4317 |            1.9295 |            4.9134 |            0.9103
 34810 |    245 | 2020-03-15 07:15:11.5 |       13.1251 |       18.2064 |       11.0119 |            4.0054 |            1.7403 |            4.4468 |            0.8195
 34810 |    246 | 2020-03-15 07:15:24   |       13.1347 |       18.2096 |       11.8665 |            4.3139 |            1.8824 |            4.7812 |             0.889
 34810 |    247 | 2020-03-15 07:15:34   |        13.131 |       18.2113 |         11.98 |             4.358 |             1.899 |             4.827 |             0.896
 34810 |    248 | 2020-03-15 07:15:43   |       13.1284 |       18.2066 |       12.0687 |            4.3873 |            1.9129 |            4.8643 |            0.9042
 34810 |    249 | 2020-03-15 07:15:51   |       13.1316 |       18.2072 |       12.3389 |            4.4856 |            1.9581 |            4.9703 |             0.925
 34810 |    250 | 2020-03-15 07:16:02.5 |       13.1094 |       18.2067 |       10.2094 |            3.7131 |            1.6087 |            4.1337 |             0.754
 34810 |    251 | 2020-03-15 07:16:15.5 |       13.1282 |       18.2065 |       11.4299 |            4.1579 |            1.8085 |            4.6107 |            0.8528
 34810 |    252 | 2020-03-15 07:16:25   |       13.0553 |       18.1942 |       11.8212 |            4.3111 |            1.8609 |            4.7708 |            0.8783
 34810 |    253 | 2020-03-15 07:16:35   |       13.1223 |       18.2067 |       11.7929 |            4.2877 |            1.8678 |            4.7548 |            0.8826
 34810 |    254 | 2020-03-15 07:16:45   |       13.1288 |       18.2058 |       12.2014 |            4.4355 |            1.9349 |            4.9168 |            0.9141
 34810 |    255 | 2020-03-15 07:16:57   |       13.1132 |       18.2017 |       12.1957 |            4.4363 |            1.9306 |            4.9175 |            0.9112
 34810 |    256 | 2020-03-15 07:17:09.5 |       13.1272 |       18.2071 |       10.9842 |            3.9953 |            1.7365 |            4.4356 |            0.8168
 34810 |    257 | 2020-03-15 07:17:20.5 |       13.1304 |       18.2099 |       11.7846 |            4.2895 |            1.8654 |            4.7512 |            0.8784
 34810 |    258 | 2020-03-15 07:17:30   |       13.1235 |       18.2062 |        11.615 |             4.225 |             1.838 |             4.684 |             0.868
 34810 |    259 | 2020-03-15 07:17:40   |       13.1287 |       18.2061 |       12.0601 |            4.3852 |            1.9111 |            4.8607 |            0.9031
 34810 |    260 | 2020-03-15 07:17:50   |       13.1315 |       18.2095 |        12.424 |             4.518 |             1.972 |             5.004 |              0.93
 34810 |    261 | 2020-03-15 07:18:03   |       13.1101 |       18.2072 |       10.2073 |            3.7129 |            1.6078 |            4.1329 |            0.7536
 34810 |    262 | 2020-03-15 07:18:15.5 |       13.1317 |       18.2054 |       11.4777 |            4.1729 |            1.8186 |             4.629 |            0.8572
 34810 |    263 | 2020-03-15 07:18:25   |       13.1318 |       18.2114 |       11.7662 |            4.2846 |            1.8611 |             4.743 |            0.8775
 34810 |    264 | 2020-03-15 07:18:35.5 |       13.1271 |       18.2075 |       11.8751 |             4.318 |            1.8811 |            4.7878 |            0.8882
 34810 |    265 | 2020-03-15 07:18:48   |       13.1383 |       18.2084 |       12.3958 |             4.505 |            1.9683 |            4.9923 |            0.9302
 34810 |    266 | 2020-03-15 07:19:00   |       13.1203 |       18.2052 |       11.1742 |            4.0604 |            1.7676 |            4.5141 |            0.8322
 34810 |    267 | 2020-03-15 07:19:10.5 |       13.1289 |       18.2067 |        11.118 |            4.0439 |            1.7583 |            4.4876 |            0.8281
 34810 |    268 | 2020-03-15 07:19:21   |       13.1317 |       18.2134 |       11.6047 |            4.2262 |            1.8354 |            4.6775 |            0.8656
 34810 |    269 | 2020-03-15 07:19:31   |       13.1249 |       18.2065 |       11.6991 |            4.2548 |             1.852 |            4.7176 |            0.8746
 34810 |    270 | 2020-03-15 07:19:41   |       13.1285 |       18.2041 |       12.1063 |            4.4012 |            1.9191 |            4.8796 |            0.9064
 34810 |    271 | 2020-03-15 07:19:50.5 |        13.092 |        18.192 |       12.2551 |            4.4699 |            1.9311 |            4.9444 |            0.9097
 34810 |    272 | 2020-03-15 07:20:03.5 |       13.0956 |       18.1932 |       10.5748 |            3.8579 |            1.6615 |            4.2793 |             0.776
 34810 |    273 | 2020-03-15 07:20:16   |       13.1281 |       18.2071 |        11.359 |            4.1314 |            1.7966 |            4.5832 |            0.8477
 34810 |    274 | 2020-03-15 07:20:25.5 |       13.0933 |       18.1911 |       11.6324 |            4.2452 |              1.83 |            4.6957 |            0.8615
 34810 |    275 | 2020-03-15 07:20:35   |       13.1258 |       18.2057 |       11.8639 |            4.3145 |            1.8789 |            4.7833 |            0.8872
 34810 |    276 | 2020-03-15 07:20:45   |        13.132 |       18.2098 |       12.2755 |            4.4641 |            1.9464 |            4.9454 |            0.9196
 34810 |    277 | 2020-03-15 07:20:57   |       13.1261 |       18.2073 |       12.2131 |            4.4392 |            1.9364 |             4.923 |            0.9144
 34810 |    278 | 2020-03-15 07:21:10.5 |       13.1294 |       18.2065 |       11.0823 |            4.0298 |            1.7526 |            4.4744 |            0.8255
 34810 |    279 | 2020-03-15 07:21:21   |       13.1181 |       18.2123 |       11.6782 |            4.2522 |            1.8474 |            4.7088 |            0.8698
 34810 |    280 | 2020-03-15 07:21:31   |       13.1269 |        18.207 |       11.7721 |            4.2815 |            1.8642 |            4.7464 |            0.8801
 34810 |    281 | 2020-03-15 07:21:40.5 |       13.1309 |       18.2063 |       12.1416 |            4.4146 |            1.9253 |            4.8923 |            0.9095
 34810 |    282 | 2020-03-15 07:21:50   |        13.132 |       18.2097 |        12.179 |             4.428 |             1.932 |             4.907 |             0.912
 34810 |    283 | 2020-03-15 07:22:03   |       13.1108 |       18.2064 |       10.2891 |            3.7417 |            1.6211 |            4.1653 |            0.7609
 34810 |    284 | 2020-03-15 07:22:17.5 |       13.0855 |       18.1918 |       11.5269 |            4.2057 |            1.8128 |            4.6544 |            0.8541
 34810 |    285 | 2020-03-15 07:22:29.5 |       13.1258 |        18.206 |        11.699 |            4.2553 |            1.8517 |            4.7176 |            0.8745
 34810 |    286 | 2020-03-15 07:22:39   |       13.1265 |       18.2062 |        11.909 |              4.33 |             1.886 |             4.802 |             0.891
 34810 |    287 | 2020-03-15 07:22:47   |       13.1323 |       18.2098 |       12.3241 |            4.4845 |            1.9529 |            4.9656 |            0.9212
 34810 |    288 | 2020-03-15 07:22:58.5 |       13.1249 |       18.2067 |       11.9937 |            4.3594 |            1.9002 |            4.8373 |            0.8968
 34810 |    289 | 2020-03-15 07:23:11   |       13.1334 |       18.2063 |       11.2029 |            4.0733 |            1.7732 |            4.5212 |            0.8352
 34810 |    290 | 2020-03-15 07:23:21   |       13.1131 |       18.2124 |       11.5258 |              4.21 |            1.8095 |            4.6543 |            0.8519
 34810 |    291 | 2020-03-15 07:23:31   |        13.128 |       18.2071 |        11.821 |            4.2993 |            1.8717 |            4.7658 |            0.8842
 34810 |    292 | 2020-03-15 07:23:41   |       13.1322 |       18.2077 |       12.1996 |            4.4355 |            1.9346 |            4.9154 |            0.9141
 34810 |    293 | 2020-03-15 07:23:50.5 |        13.127 |       18.2093 |       12.1804 |            4.4315 |            1.9304 |            4.9096 |            0.9089
 34810 |    294 | 2020-03-15 07:24:03   |       13.1087 |       18.2053 |       10.2965 |            3.7442 |             1.622 |            4.1687 |            0.7616
 34810 |    295 | 2020-03-15 07:24:16   |       13.1423 |       18.2117 |       11.5101 |            4.1862 |            1.8236 |            4.6403 |              0.86
 34810 |    296 | 2020-03-15 07:24:26   |        13.125 |       18.2057 |        11.564 |             4.206 |              1.83 |             4.664 |             0.864
 34810 |    297 | 2020-03-15 07:24:35.5 |       13.1307 |       18.2059 |       12.0024 |            4.3644 |            1.9023 |            4.8368 |            0.8989
 34810 |    298 | 2020-03-15 07:24:45   |       13.1428 |       18.2086 |       12.1697 |            4.4239 |            1.9313 |            4.9028 |            0.9117
 34810 |    299 | 2020-03-15 07:24:57.5 |       13.1312 |       18.2067 |       12.2746 |            4.4605 |            1.9475 |            4.9469 |            0.9196
 34810 |    300 | 2020-03-15 07:25:10.5 |       13.1305 |        18.206 |       11.2137 |            4.0778 |             1.774 |            4.5262 |            0.8356
 34810 |    301 | 2020-03-15 07:25:21   |       13.1331 |       18.2111 |        11.623 |            4.2291 |             1.841 |            4.6854 |            0.8674
 34810 |    302 | 2020-03-15 07:25:31   |       13.1284 |       18.2053 |       11.8429 |            4.3066 |            1.8759 |            4.7745 |            0.8859
 34810 |    303 | 2020-03-15 07:25:43.5 |       13.1329 |       18.2098 |       12.2537 |            4.4558 |            1.9439 |            4.9361 |            0.9178
 34810 |    304 | 2020-03-15 07:25:55.5 |        13.127 |       18.2063 |       12.2238 |            4.4426 |            1.9386 |            4.9261 |            0.9164
 34810 |    305 | 2020-03-15 07:26:05.5 |       13.1275 |       18.2051 |       10.7826 |            3.9202 |            1.7039 |            4.3577 |            0.8007
 34810 |    306 | 2020-03-15 07:26:16   |       13.1346 |       18.2107 |       11.5463 |            4.2013 |             1.829 |             4.655 |             0.861
 34810 |    307 | 2020-03-15 07:26:26   |        13.125 |       18.2065 |        11.576 |             4.211 |             1.831 |             4.669 |             0.865
 34810 |    308 | 2020-03-15 07:26:36   |         13.13 |       18.2065 |       12.0348 |            4.3752 |            1.9074 |            4.8504 |            0.9018
 34810 |    309 | 2020-03-15 07:26:45.5 |       13.1332 |       18.2106 |       12.1805 |            4.4293 |             1.932 |            4.9078 |            0.9115
 34810 |    310 | 2020-03-15 07:26:57.5 |       13.1299 |       18.2069 |        12.337 |            4.4835 |            1.9574 |            4.9716 |            0.9245
 34810 |    311 | 2020-03-15 07:27:10.5 |        13.132 |       18.2094 |       11.2985 |            4.1117 |             1.787 |            4.5586 |            0.8412
 34810 |    312 | 2020-03-15 07:27:21   |       13.1248 |       18.2079 |       11.3503 |            4.1321 |            1.7925 |            4.5811 |            0.8446
 34810 |    313 | 2020-03-15 07:27:31   |       13.1292 |       18.2056 |       11.8742 |            4.3174 |            1.8809 |            4.7871 |            0.8888
 34810 |    314 | 2020-03-15 07:27:41   |       13.1336 |       18.2083 |       12.2803 |            4.4641 |            1.9494 |            4.9458 |             0.921
 34810 |    315 | 2020-03-15 07:27:51   |       13.1252 |       18.2059 |       11.9887 |            4.3562 |            1.9009 |            4.8337 |            0.8978
 34810 |    316 | 2020-03-15 07:28:03.5 |        13.109 |       18.2059 |       10.2283 |            3.7197 |            1.6109 |            4.1418 |            0.7559
 34810 |    317 | 2020-03-15 07:28:16   |       13.0898 |       18.1946 |       11.3426 |            4.1404 |            1.7841 |            4.5792 |             0.839
 34810 |    318 | 2020-03-15 07:28:26   |        13.127 |       18.2065 |        11.657 |              4.24 |             1.845 |             4.701 |             0.871
 34810 |    319 | 2020-03-15 07:28:36   |       13.1377 |       18.2079 |        12.102 |            4.3996 |            1.9193 |            4.8761 |            0.9071
 34810 |    320 | 2020-03-15 07:28:46   |       13.0725 |       18.1895 |        11.928 |             4.347 |              1.88 |             4.813 |             0.888
 34810 |    321 | 2020-03-15 07:28:58   |        13.129 |       18.2062 |        12.267 |             4.458 |             1.946 |             4.944 |             0.919
 34810 |    322 | 2020-03-15 07:29:13.5 |       13.0914 |       18.1996 |        11.439 |            4.1752 |            1.7999 |            4.6181 |            0.8458
 34810 |    323 | 2020-03-15 07:29:26   |        13.128 |        18.207 |        11.681 |             4.249 |             1.849 |              4.71 |             0.873
 34810 |    324 | 2020-03-15 07:29:35   |       13.1318 |       18.2104 |       12.1138 |             4.405 |            1.9205 |            4.8807 |            0.9077
 34810 |    325 | 2020-03-15 07:29:43.5 |       13.1284 |       18.1769 |       11.9804 |            4.3628 |            1.8943 |            4.8295 |            0.8938
 34810 |    326 | 2020-03-15 07:29:51.5 |       13.1267 |       18.2053 |       12.0604 |             4.384 |            1.9113 |            4.8625 |            0.9026
 34810 |    327 | 2020-03-15 07:30:03.5 |       13.1095 |       18.2067 |       10.2232 |            3.7171 |            1.6105 |            4.1404 |            0.7552
 34810 |    328 | 2020-03-15 07:30:16   |       13.1325 |        18.208 |       11.4509 |            4.1654 |            1.8123 |            4.6183 |            0.8549
 34810 |    329 | 2020-03-15 07:30:26   |        13.128 |       18.2067 |        11.681 |             4.249 |             1.849 |              4.71 |             0.873
 34810 |    330 | 2020-03-15 07:30:36   |       13.1287 |       18.2083 |       12.0928 |            4.3986 |            1.9163 |            4.8733 |            0.9046
 34810 |    331 | 2020-03-15 07:30:46   |        13.132 |       18.2105 |        12.166 |             4.425 |              1.93 |             4.901 |              0.91
 34810 |    332 | 2020-03-15 07:30:58.5 |       13.1279 |        18.205 |        12.163 |            4.4208 |            1.9282 |            4.9036 |            0.9105
 34810 |    333 | 2020-03-15 07:31:11.5 |       13.1319 |       18.2081 |       11.2282 |            4.0843 |            1.7761 |            4.5313 |            0.8365
 34810 |    334 | 2020-03-15 07:31:21.5 |       13.1259 |       18.2064 |       11.4463 |            4.1633 |            1.8107 |            4.6172 |            0.8549
 34810 |    335 | 2020-03-15 07:31:31   |       13.1305 |       18.2049 |       11.9366 |            4.3407 |            1.8911 |            4.8111 |            0.8937
 34810 |    336 | 2020-03-15 07:31:41   |       13.1311 |         18.21 |       12.1281 |            4.4117 |            1.9234 |             4.885 |            0.9079
 34810 |    337 | 2020-03-15 07:31:51   |       13.1249 |       18.2068 |       12.0459 |            4.3787 |            1.9086 |            4.8568 |            0.9019
 34810 |    338 | 2020-03-15 07:32:04   |       13.1145 |       18.2071 |       10.5374 |            3.8326 |            1.6617 |            4.2629 |            0.7803
 34810 |    339 | 2020-03-15 07:32:17   |       13.1246 |       18.2098 |       11.2178 |            4.0856 |            1.7697 |            4.5288 |            0.8337
 34810 |    340 | 2020-03-15 07:32:26.5 |       13.1292 |       18.2062 |       11.7527 |             4.274 |            1.8607 |            4.7391 |            0.8788
 34810 |    341 | 2020-03-15 07:32:36.5 |       13.1327 |       18.2132 |       12.1864 |            4.4409 |            1.9253 |            4.9118 |            0.9084
 34810 |    342 | 2020-03-15 07:32:49.5 |       13.1273 |       18.2074 |       12.0691 |            4.3877 |            1.9129 |            4.8654 |            0.9031
 34810 |    343 | 2020-03-15 07:33:04   |       13.1184 |       18.2072 |       10.4482 |            3.7987 |             1.649 |            4.2262 |            0.7742
 34810 |    344 | 2020-03-15 07:33:16.5 |       13.1315 |       18.2083 |       11.2738 |            4.1007 |            1.7838 |            4.5484 |            0.8409
 34810 |    345 | 2020-03-15 07:33:25   |       13.1293 |       18.2052 |       11.7056 |            4.2571 |            1.8535 |            4.7195 |            0.8755
 34810 |    346 | 2020-03-15 07:33:33   |       13.1324 |       18.2092 |       12.1085 |            4.4047 |            1.9195 |            4.8779 |            0.9064
 34810 |    347 | 2020-03-15 07:33:41.5 |       13.1256 |       18.2118 |       12.0985 |            4.4045 |             1.916 |            4.8773 |            0.9007
 34810 |    348 | 2020-03-15 07:33:51   |       13.1272 |       18.2068 |       12.1125 |            4.4037 |            1.9199 |            4.8823 |            0.9066
 34810 |    349 | 2020-03-15 07:34:03.5 |       13.1131 |       18.2075 |       10.4759 |            3.8101 |            1.6522 |            4.2383 |            0.7753
 34810 |    350 | 2020-03-15 07:34:16.5 |       13.1241 |       18.2065 |       11.1895 |            4.0708 |            1.7686 |            4.5165 |            0.8336
 34810 |    351 | 2020-03-15 07:34:26   |       13.1295 |       18.2037 |        11.757 |             4.276 |             1.862 |              4.74 |             0.879
 34810 |    352 | 2020-03-15 07:34:36   |       13.1318 |        18.208 |       12.0487 |            4.3818 |            1.9092 |            4.8555 |            0.9022
 34810 |    353 | 2020-03-15 07:34:46   |       13.1255 |        18.207 |        11.986 |             4.357 |             1.899 |             4.833 |             0.897
 34810 |    354 | 2020-03-15 07:34:58.5 |       13.1289 |       18.2074 |       12.2088 |            4.4379 |            1.9364 |            4.9209 |            0.9137
 34810 |    355 | 2020-03-15 07:35:11.5 |       13.1326 |         18.21 |       11.1705 |            4.0643 |            1.7673 |             4.507 |            0.8318
 34810 |    356 | 2020-03-15 07:35:22   |       13.1275 |        18.207 |        11.536 |             4.196 |             1.826 |             4.653 |             0.861
 34810 |    357 | 2020-03-15 07:35:31.5 |       13.1326 |       18.2089 |        12.092 |             4.398 |             1.917 |            4.8714 |            0.9056
 34810 |    358 | 2020-03-15 07:35:41   |       13.1261 |       18.1867 |       11.8461 |            4.3112 |            1.8753 |            4.7739 |            0.8856
 34810 |    359 | 2020-03-15 07:35:51   |       13.1281 |       18.2045 |       12.1591 |            4.4198 |            1.9278 |            4.9012 |            0.9103
 34810 |    360 | 2020-03-15 07:36:04.5 |       13.1143 |       18.2067 |        10.507 |            3.8198 |            1.6579 |            4.2508 |            0.7785
 34810 |    361 | 2020-03-15 07:36:20   |       13.1284 |       18.2071 |       11.4666 |            4.1712 |            1.8145 |            4.6257 |            0.8553
 34810 |    362 | 2020-03-15 07:36:31   |       13.1315 |       18.2073 |        11.958 |             4.349 |             1.895 |             4.819 |             0.895
 34810 |    363 | 2020-03-15 07:36:40   |       13.1227 |       18.2149 |       11.9416 |            4.3454 |            1.8898 |            4.8161 |            0.8902
 34810 |    364 | 2020-03-15 07:36:49   |       13.1289 |       18.2071 |       12.1707 |             4.424 |            1.9303 |            4.9052 |            0.9112
 34810 |    365 | 2020-03-15 07:36:59.5 |       13.1283 |       18.2079 |       12.1777 |            4.4267 |            1.9311 |            4.9087 |            0.9113
 34810 |    366 | 2020-03-15 07:37:11.5 |       13.1212 |       18.1864 |       10.8316 |            3.9462 |            1.7061 |             4.376 |            0.8032
 34810 |    367 | 2020-03-15 07:37:22   |       13.1263 |       18.2055 |       11.4469 |            4.1637 |            1.8104 |            4.6179 |            0.8549
 34810 |    368 | 2020-03-15 07:37:31.5 |       13.1374 |       18.2112 |       12.0513 |            4.3857 |            1.9092 |            4.8557 |            0.9007
 34810 |    369 | 2020-03-15 07:37:41   |       13.0899 |       18.2024 |       11.8485 |              4.31 |            1.8745 |            4.7786 |            0.8855
 34810 |    370 | 2020-03-15 07:37:51   |        13.128 |       18.2065 |        12.151 |             4.417 |             1.926 |             4.898 |              0.91
 34810 |    371 | 2020-03-15 07:38:04   |       13.1106 |       18.2065 |       10.5004 |            3.8187 |            1.6559 |            4.2486 |            0.7773
 34810 |    372 | 2020-03-15 07:38:17   |        13.127 |       18.2064 |       11.3265 |            4.1202 |            1.7915 |            4.5702 |            0.8447
 34810 |    373 | 2020-03-15 07:38:26.5 |       13.1321 |        18.209 |       11.9173 |            4.3355 |            1.8879 |            4.8026 |            0.8912
 34810 |    374 | 2020-03-15 07:38:36.5 |       13.1263 |       18.2078 |       11.8138 |            4.2968 |            1.8705 |            4.7634 |            0.8831
 34810 |    375 | 2020-03-15 07:38:46   |       13.1262 |       18.2059 |       12.0005 |            4.3633 |            1.9016 |            4.8372 |            0.8984
 34810 |    376 | 2020-03-15 07:38:58.5 |       13.1432 |       18.2109 |          12.6 |             4.583 |            1.9995 |             5.076 |            0.9414
 34810 |    377 | 2020-03-15 07:39:11.5 |       13.1224 |       18.1817 |       10.8106 |            3.9362 |            1.7069 |            4.3646 |            0.8028
 34810 |    378 | 2020-03-15 07:39:22   |       13.1288 |       18.2046 |       11.6241 |            4.2277 |            1.8401 |            4.6884 |            0.8679
 34810 |    379 | 2020-03-15 07:39:31.5 |       13.0919 |       18.1913 |        12.026 |            4.3906 |            1.8936 |            4.8513 |            0.8906
 34810 |    380 | 2020-03-15 07:39:45   |       13.1279 |       18.2065 |       12.0695 |             4.388 |            1.9129 |            4.8652 |            0.9034
 34810 |    381 | 2020-03-15 07:39:58   |       13.1284 |        18.208 |       12.6684 |            4.6156 |            2.0024 |            5.1063 |             0.944
 34810 |    382 | 2020-03-15 07:40:07   |       13.1305 |       18.2055 |        10.919 |              3.97 |             1.727 |             4.411 |             0.811
 34810 |    383 | 2020-03-15 07:40:17   |       13.1306 |       18.2071 |       11.3327 |            4.1227 |            1.7927 |             4.572 |            0.8453
 34810 |    384 | 2020-03-15 07:40:27   |       13.1295 |       18.2065 |        11.748 |             4.272 |              1.86 |             4.737 |             0.879
 34810 |    385 | 2020-03-15 07:40:36.5 |       13.1219 |       18.1888 |       11.8769 |            4.3246 |            1.8757 |            4.7909 |            0.8857
 34810 |    386 | 2020-03-15 07:40:46   |       13.1275 |       18.2061 |       12.0328 |             4.375 |            1.9065 |            4.8506 |            0.9008
 34810 |    387 | 2020-03-15 07:40:58.5 |       13.0735 |       18.1933 |       12.4296 |             4.532 |            1.9598 |            5.0131 |            0.9247
 34810 |    388 | 2020-03-15 07:41:11.5 |        13.125 |       18.2068 |       10.9087 |            3.9674 |            1.7242 |            4.4066 |            0.8106
 34810 |    389 | 2020-03-15 07:41:22   |       13.1284 |       18.2052 |       11.6138 |            4.2245 |            1.8382 |            4.6836 |            0.8674
 34810 |    390 | 2020-03-15 07:41:32   |       13.0755 |       18.1917 |       11.8661 |            4.3282 |            1.8689 |            4.7884 |            0.8805
 34810 |    391 | 2020-03-15 07:41:41.5 |       13.1249 |       18.2065 |       11.9503 |            4.3461 |            1.8925 |            4.8179 |            0.8938
 34810 |    392 | 2020-03-15 07:41:51   |        13.131 |       18.2067 |        12.299 |             4.471 |             1.951 |             4.955 |             0.922
 34810 |    393 | 2020-03-15 07:42:04   |       13.1161 |        18.209 |       10.5576 |            3.8375 |            1.6668 |            4.2707 |            0.7826
 34810 |    394 | 2020-03-15 07:42:17   |       13.1281 |       18.2055 |       11.3049 |            4.1116 |            1.7887 |            4.5618 |            0.8429
 34810 |    395 | 2020-03-15 07:42:27   |        13.132 |       18.2077 |        11.872 |             4.318 |             1.881 |             4.785 |             0.888
 34810 |    396 | 2020-03-15 07:42:37   |       13.0911 |       18.1957 |       11.8425 |            4.3157 |            1.8685 |            4.7774 |            0.8809
 34810 |    397 | 2020-03-15 07:42:46.5 |       13.1295 |       18.2049 |        12.161 |            4.4211 |            1.9284 |            4.9009 |            0.9106
 34810 |    398 | 2020-03-15 07:42:59   |        13.133 |       18.2105 |        12.274 |             4.462 |             1.948 |             4.945 |             0.919
 34810 |    399 | 2020-03-15 07:43:15   |       13.1285 |       18.2067 |         11.22 |             4.081 |             1.775 |             4.528 |             0.836
 34810 |    400 | 2020-03-15 07:43:28   |       13.1318 |       18.2095 |       11.8975 |            4.3315 |            1.8822 |             4.796 |            0.8879
 34810 |    401 | 2020-03-15 07:43:37   |       13.1247 |       18.2056 |       11.7642 |            4.2763 |            1.8638 |            4.7435 |            0.8805
 34810 |    402 | 2020-03-15 07:43:45   |       13.1294 |       18.2057 |       12.1274 |            4.4091 |            1.9223 |            4.8878 |            0.9082
 34810 |    403 | 2020-03-15 07:43:53   |       13.1319 |       18.2093 |       12.3544 |            4.4921 |            1.9602 |            4.9763 |            0.9257
 34810 |    404 | 2020-03-15 07:44:04.5 |       13.1126 |        18.206 |       10.4211 |            3.7893 |            1.6433 |            4.2172 |            0.7712
 34810 |    405 | 2020-03-15 07:44:17.5 |        13.131 |       18.2062 |       11.4237 |            4.1551 |            1.8076 |            4.6081 |            0.8528
 34810 |    406 | 2020-03-15 07:44:27.5 |        13.122 |       18.2061 |       11.8753 |            4.3212 |            1.8798 |            4.7868 |            0.8875
 34810 |    407 | 2020-03-15 07:44:37.5 |       13.1338 |       18.2077 |       11.8086 |            4.2924 |            1.8715 |             4.761 |            0.8837
 34810 |    408 | 2020-03-15 07:44:46.5 |       13.1317 |       18.2067 |        12.224 |            4.4443 |            1.9381 |            4.9259 |            0.9157
 34810 |    409 | 2020-03-15 07:44:59   |       13.0435 |       18.2175 |        12.062 |             4.398 |             1.899 |             4.869 |             0.896
 34810 |    410 | 2020-03-15 07:45:12   |       13.1379 |       18.2083 |       10.8975 |            3.9624 |             1.723 |            4.4013 |            0.8109
 34810 |    411 | 2020-03-15 07:45:22   |       13.1336 |        18.209 |       11.7266 |            4.2657 |            1.8579 |            4.7265 |            0.8764
 34810 |    412 | 2020-03-15 07:45:32   |       13.1202 |       18.2097 |       11.5887 |            4.2189 |            1.8294 |            4.6769 |            0.8636
 34810 |    413 | 2020-03-15 07:45:42   |       13.1288 |       18.2055 |       12.0192 |            4.3682 |            1.9055 |            4.8447 |            0.9008
 34810 |    414 | 2020-03-15 07:45:52   |       13.1378 |       18.2103 |       12.3212 |            4.4778 |             1.956 |            4.9635 |             0.924
 34810 |    415 | 2020-03-15 07:46:05   |       13.1266 |       18.2079 |       10.5519 |            3.8346 |            1.6671 |            4.2675 |            0.7827
 34810 |    416 | 2020-03-15 07:46:17.5 |       13.1285 |       18.2055 |       11.4649 |            4.1706 |            1.8142 |            4.6242 |             0.856
 34810 |    417 | 2020-03-15 07:46:27   |        13.074 |       18.1912 |        11.857 |             4.327 |             1.867 |             4.784 |             0.879
 34810 |    418 | 2020-03-15 07:46:37   |       13.1254 |       18.2062 |       11.8887 |            4.3237 |            1.8826 |            4.7933 |            0.8891
 34810 |    419 | 2020-03-15 07:46:49   |       13.1317 |       18.2075 |       12.3141 |            4.4769 |            1.9525 |            4.9618 |            0.9229
 34810 |    420 | 2020-03-15 07:47:01   |       13.1129 |        18.206 |       11.4792 |             4.172 |            1.8151 |            4.6359 |            0.8561
 34810 |    421 | 2020-03-15 07:47:11.5 |       13.1276 |       18.2061 |       11.0245 |              4.01 |            1.7428 |            4.4522 |            0.8196
 34810 |    422 | 2020-03-15 07:47:22   |       13.1282 |       18.2168 |        11.677 |            4.2603 |            1.8385 |            4.7128 |            0.8654
 34810 |    423 | 2020-03-15 07:47:32   |       13.1238 |       18.2065 |       11.6423 |            4.2337 |            1.8423 |            4.6962 |            0.8702
 34810 |    424 | 2020-03-15 07:47:42   |       13.1288 |        18.206 |       12.0347 |            4.3757 |             1.907 |            4.8516 |            0.9004
 34810 |    425 | 2020-03-15 07:47:52   |       13.1193 |       18.2186 |       12.2613 |            4.4741 |            1.9317 |            4.9458 |            0.9097
 34810 |    426 | 2020-03-15 07:48:05   |       13.1159 |        18.207 |       10.5464 |            3.8349 |            1.6644 |            4.2656 |            0.7815
 34810 |    427 | 2020-03-15 07:48:17.5 |       13.1407 |       18.2091 |       11.5075 |            4.1837 |             1.824 |            4.6401 |            0.8598
 34810 |    428 | 2020-03-15 07:48:27   |       13.1055 |       18.2167 |        11.729 |             4.275 |             1.851 |             4.733 |              0.87
 34810 |    429 | 2020-03-15 07:48:37   |        13.127 |        18.207 |       11.8874 |            4.3224 |            1.8827 |            4.7931 |            0.8893
 34810 |    430 | 2020-03-15 07:48:47   |       13.1315 |       18.2065 |        12.261 |             4.457 |             1.945 |              4.94 |             0.919
 34810 |    431 | 2020-03-15 07:48:59.5 |       13.1285 |       18.2072 |       11.9874 |            4.3555 |            1.9003 |            4.8343 |            0.8972
 34810 |    432 | 2020-03-15 07:49:12.5 |       13.1278 |       18.2051 |       11.1042 |            4.0375 |            1.7564 |            4.4838 |            0.8266
 34810 |    433 | 2020-03-15 07:49:23   |       13.1315 |       18.2085 |        11.534 |             4.196 |             1.826 |             4.651 |             0.861
 34810 |    434 | 2020-03-15 07:49:32.5 |       13.1267 |       18.2068 |       11.7484 |            4.2713 |             1.861 |            4.7371 |             0.879
 34810 |    435 | 2020-03-15 07:49:42   |       13.1306 |       18.2073 |       12.1271 |            4.4091 |            1.9229 |            4.8865 |            0.9086
 34810 |    436 | 2020-03-15 07:49:52   |       13.1304 |       18.2025 |       12.2883 |            4.4679 |             1.949 |            4.9506 |            0.9208
 34810 |    437 | 2020-03-15 07:50:05.5 |       13.1199 |       18.2059 |       10.4852 |            3.8119 |            1.6555 |            4.2409 |            0.7769
 34810 |    438 | 2020-03-15 07:50:20.5 |        13.132 |       18.2083 |       11.5719 |            4.2094 |            1.8323 |            4.6657 |            0.8645
 34810 |    439 | 2020-03-15 07:50:30.5 |       13.1266 |       18.2066 |       11.6858 |            4.2502 |            1.8501 |            4.7127 |            0.8728
 34810 |    440 | 2020-03-15 07:50:38.5 |       13.1299 |       18.2055 |       12.0334 |            4.3741 |            1.9077 |            4.8506 |             0.901
 34810 |    441 | 2020-03-15 07:50:47.5 |       13.1327 |       18.2094 |       12.2937 |             4.469 |              1.95 |            4.9529 |            0.9218
 34810 |    442 | 2020-03-15 07:50:59   |       13.1255 |        18.207 |        12.104 |             4.399 |             1.919 |              4.88 |             0.906
 34810 |    443 | 2020-03-15 07:51:12   |        13.129 |       18.2066 |       11.1707 |            4.0627 |            1.7668 |            4.5099 |            0.8315
 34810 |    444 | 2020-03-15 07:51:22.5 |       13.0756 |       18.2151 |       11.6084 |            4.2296 |            1.8333 |             4.685 |            0.8606
 34810 |    445 | 2020-03-15 07:51:32.5 |        13.125 |       18.2073 |        11.765 |            4.2787 |            1.8624 |            4.7446 |            0.8794
 34810 |    446 | 2020-03-15 07:51:42   |       13.1311 |       18.2079 |       12.1605 |            4.4214 |            1.9279 |            4.9007 |            0.9105
 34810 |    447 | 2020-03-15 07:51:52   |       13.1297 |       18.2119 |       12.1909 |            4.4369 |            1.9316 |            4.9145 |             0.908
 34810 |    448 | 2020-03-15 07:52:05   |        13.119 |       18.2066 |       10.6373 |            3.8678 |             1.679 |            4.3021 |            0.7883
 34810 |    449 | 2020-03-15 07:52:18   |       13.1413 |       18.2127 |       11.6208 |            4.2262 |            1.8416 |            4.6841 |            0.8688
 34810 |    450 | 2020-03-15 07:52:28   |       13.1309 |       18.2098 |       11.5214 |            4.1935 |            1.8222 |            4.6447 |             0.861
 34810 |    451 | 2020-03-15 07:52:38   |       13.1304 |       18.2067 |       12.0404 |            4.3778 |            1.9086 |            4.8524 |            0.9017
 34810 |    452 | 2020-03-15 07:52:47.5 |       13.1291 |       18.2084 |       12.3463 |            4.4922 |            1.9576 |            4.9729 |            0.9236
 34810 |    453 | 2020-03-15 07:53:00   |       13.1212 |        18.206 |       11.9154 |            4.3312 |             1.887 |            4.8067 |            0.8904
 34810 |    454 | 2020-03-15 07:53:12.5 |       13.1302 |       18.2091 |       11.2006 |            4.0729 |            1.7725 |            4.5208 |            0.8344
 34810 |    455 | 2020-03-15 07:53:22.5 |       13.1319 |        18.206 |       11.3348 |            4.1307 |            1.7877 |            4.5737 |            0.8427
 34810 |    456 | 2020-03-15 07:53:33   |       13.1405 |       18.2055 |       11.7986 |            4.2896 |            1.8693 |            4.7569 |            0.8828
 34810 |    457 | 2020-03-15 07:53:46   |       13.1322 |       18.2082 |       12.1252 |            4.4079 |            1.9237 |             4.885 |            0.9086
 34810 |    458 | 2020-03-15 07:53:58   |       13.1287 |       18.2048 |       12.2332 |            4.4447 |            1.9412 |            4.9306 |            0.9166
 34810 |    459 | 2020-03-15 07:54:07.5 |       13.1318 |       18.2049 |       10.7121 |            3.8941 |            1.6939 |            4.3298 |            0.7943
 34810 |    460 | 2020-03-15 07:54:18   |       13.1334 |       18.2101 |       11.4199 |            4.1546 |             1.808 |            4.6054 |            0.8519
 34810 |    461 | 2020-03-15 07:54:27.5 |       13.1259 |       18.2082 |       11.5759 |            4.2106 |            1.8322 |            4.6685 |            0.8646
 34810 |    462 | 2020-03-15 07:54:37   |       13.1315 |       18.2071 |       12.0528 |            4.3825 |             1.911 |            4.8569 |            0.9024
 34810 |    463 | 2020-03-15 07:54:47   |       13.1325 |       18.2097 |        12.123 |             4.408 |             1.923 |             4.885 |             0.907
 34810 |    464 | 2020-03-15 07:54:59.5 |       13.1229 |       18.2064 |       12.0098 |            4.3646 |            1.9033 |             4.844 |             0.898
 34810 |    465 | 2020-03-15 07:55:12.5 |       13.1304 |       18.2051 |       11.1811 |            4.0642 |            1.7707 |            4.5124 |            0.8339
 34810 |    466 | 2020-03-15 07:55:23   |        13.124 |        18.206 |        11.326 |              4.12 |             1.791 |              4.57 |             0.845
 34810 |    467 | 2020-03-15 07:55:33   |       13.1274 |       18.2059 |       11.8727 |            4.3175 |            1.8812 |            4.7864 |            0.8877
 34810 |    468 | 2020-03-15 07:55:42.5 |       13.0758 |       18.2161 |       12.2704 |            4.4716 |            1.9368 |            4.9498 |            0.9122
 34810 |    469 | 2020-03-15 07:55:52   |       13.1216 |       18.2064 |       11.9549 |            4.3451 |            1.8942 |            4.8218 |            0.8938
 34810 |    470 | 2020-03-15 07:56:05   |       13.1189 |       18.2081 |       10.7996 |            3.9266 |            1.7059 |            4.3659 |            0.8012
 34810 |    471 | 2020-03-15 07:56:18   |       13.1328 |       18.2086 |       11.3315 |            4.1221 |            1.7936 |            4.5711 |            0.8448
 34810 |    472 | 2020-03-15 07:56:28   |       13.1275 |       18.2066 |       11.6642 |            4.2419 |             1.847 |            4.7039 |            0.8714
 34810 |    473 | 2020-03-15 07:56:38   |       13.1311 |       18.2059 |       12.0671 |            4.3872 |            1.9129 |            4.8631 |            0.9039
 34810 |    474 | 2020-03-15 07:56:47.5 |       13.1312 |        18.209 |       12.0741 |            4.3891 |            1.9146 |            4.8666 |            0.9039
 34810 |    475 | 2020-03-15 07:56:59.5 |       13.1265 |       18.2069 |        12.171 |             4.423 |            1.9303 |            4.9063 |            0.9114
 34810 |    476 | 2020-03-15 07:57:14   |       13.1113 |       18.2111 |       11.4313 |            4.1688 |            1.8009 |            4.6164 |            0.8452
 34810 |    477 | 2020-03-15 07:57:26.5 |       13.1266 |       18.2068 |       11.5715 |            4.2085 |            1.8311 |            4.6678 |            0.8641
 34810 |    478 | 2020-03-15 07:57:36.5 |       13.1312 |       18.2065 |       12.0752 |            4.3903 |            1.9139 |            4.8661 |             0.905
 34810 |    479 | 2020-03-15 07:57:45   |       13.1277 |       18.2086 |       11.9343 |            4.3394 |            1.8908 |            4.8115 |            0.8926
 34810 |    480 | 2020-03-15 07:57:53   |       13.1258 |        18.207 |       12.0508 |            4.3797 |            1.9102 |             4.859 |            0.9019
 34810 |    481 | 2020-03-15 07:58:05   |       13.1082 |       18.1946 |       10.6305 |            3.8701 |            1.6732 |            4.3017 |            0.7854
 34810 |    482 | 2020-03-15 07:58:18   |       13.1249 |       18.1853 |       11.1388 |            4.0562 |            1.7597 |            4.4948 |             0.828
 34810 |    483 | 2020-03-15 07:58:28   |        13.128 |       18.2058 |       11.6883 |            4.2512 |            1.8503 |            4.7132 |            0.8736
 34810 |    484 | 2020-03-15 07:58:37.5 |       13.1251 |       18.2132 |       12.1108 |            4.4151 |            1.9114 |             4.883 |            0.9013
 34810 |    485 | 2020-03-15 07:58:48   |       13.1233 |       18.2071 |       11.9137 |             4.332 |             1.887 |            4.8037 |            0.8911
 34810 |    486 | 2020-03-15 07:59:00   |       13.1247 |       18.2057 |       12.0908 |            4.3939 |             1.916 |            4.8757 |            0.9051
 34810 |    487 | 2020-03-15 07:59:12.5 |        13.133 |       18.2104 |       11.2753 |            4.1017 |            1.7849 |            4.5488 |            0.8399
 34810 |    488 | 2020-03-15 07:59:23   |       13.1265 |        18.207 |        11.448 |             4.164 |             1.811 |             4.619 |             0.854
 34810 |    489 | 2020-03-15 07:59:33   |       13.1361 |       18.2064 |       11.9953 |            4.3609 |            1.9018 |            4.8337 |            0.8989
 34810 |    490 | 2020-03-15 07:59:43   |       13.1245 |       18.2115 |        12.084 |             4.399 |             1.913 |             4.872 |               0.9
 34810 |    491 | 2020-03-15 07:59:53   |       13.1263 |       18.2071 |       12.0611 |            4.3843 |            1.9113 |            4.8622 |            0.9033
 34810 |    492 | 2020-03-15 08:00:05.5 |       13.1186 |       18.2063 |       10.6378 |            3.8678 |            1.6797 |            4.3018 |            0.7885
 34810 |    493 | 2020-03-15 08:00:18   |       13.1355 |         18.21 |       11.4211 |            4.1558 |            1.8083 |            4.6065 |            0.8505
 34810 |    494 | 2020-03-15 08:00:28   |       13.1273 |       18.2065 |       11.6545 |            4.2399 |            1.8441 |            4.6998 |            0.8707
 34810 |    495 | 2020-03-15 08:00:38.5 |       13.1127 |       18.2085 |        12.051 |            4.3971 |            1.8974 |            4.8623 |            0.8942
 34810 |    496 | 2020-03-15 08:00:56.5 |       13.1308 |       18.2057 |       12.3235 |            4.4784 |            1.9555 |            4.9658 |            0.9238
(497 rows)

