  run  | subrun |         time          | step1_voltage | step2_voltage | total_current | pos_2step_current | pos_1step_current | neg_2step_current | neg_1step_current 
-------+--------+-----------------------+---------------+---------------+---------------+-------------------+-------------------+-------------------+-------------------
 34824 |      0 | 2020-03-15 18:18:51.5 |       13.1304 |       18.2058 |       11.2401 |            4.0868 |            1.7791 |            4.5364 |            0.8378
 34824 |      1 | 2020-03-15 18:19:02   |       13.1325 |       18.2102 |        11.581 |             4.213 |             1.834 |             4.669 |             0.865
 34824 |      2 | 2020-03-15 18:19:12   |       13.1278 |       18.2063 |       11.8166 |            4.2974 |            1.8713 |             4.764 |            0.8839
 34824 |      3 | 2020-03-15 18:19:22   |        13.132 |       18.2072 |        12.204 |             4.437 |             1.936 |             4.916 |             0.915
 34824 |      4 | 2020-03-15 18:19:32   |       13.0906 |       18.2039 |       12.0776 |            4.3994 |            1.9079 |            4.8712 |            0.8991
 34824 |      5 | 2020-03-15 18:19:44.5 |        13.122 |       18.2059 |       10.7201 |            3.8969 |            1.6939 |            4.3334 |            0.7959
 34824 |      6 | 2020-03-15 18:19:57   |       13.1321 |        18.208 |       11.3578 |            4.1317 |            1.7976 |            4.5817 |            0.8468
 34824 |      7 | 2020-03-15 18:20:05.5 |       13.1273 |       18.2114 |       11.9356 |            4.3545 |            1.8808 |            4.8143 |             0.886
(8 rows)

