  run  | subrun |         time          | step1_voltage | step2_voltage | total_current | pos_2step_current | pos_1step_current | neg_2step_current | neg_1step_current 
-------+--------+-----------------------+---------------+---------------+---------------+-------------------+-------------------+-------------------+-------------------
 34854 |      0 | 2020-03-16 23:39:16.5 |       13.0452 |       18.1966 |       11.3253 |             4.125 |            1.7872 |            4.5706 |            0.8425
 34854 |      1 | 2020-03-16 23:39:26   |       13.1245 |        18.206 |        11.461 |             4.169 |             1.813 |             4.623 |             0.856
 34854 |      2 | 2020-03-16 23:39:36   |       13.1297 |       18.2041 |       11.9467 |            4.3437 |             1.893 |            4.8151 |            0.8948
 34854 |      3 | 2020-03-16 23:39:46   |       13.1315 |        18.172 |        12.077 |             4.397 |             1.911 |             4.866 |             0.903
 34854 |      4 | 2020-03-16 23:39:55.5 |       13.1259 |       18.2042 |       12.0656 |            4.3852 |            1.9126 |            4.8645 |            0.9033
 34854 |      5 | 2020-03-16 23:40:08   |       13.1279 |       18.2059 |        10.527 |             3.827 |            1.6635 |            4.2563 |            0.7801
 34854 |      6 | 2020-03-16 23:40:21   |       13.1276 |       18.1919 |       11.3578 |            4.1396 |            1.7917 |             4.582 |            0.8444
 34854 |      7 | 2020-03-16 23:40:30.5 |       13.1269 |       18.2054 |       11.6848 |            4.2496 |            1.8495 |            4.7119 |            0.8738
 34854 |      8 | 2020-03-16 23:40:40.5 |       13.1347 |       18.2059 |        12.177 |            4.4255 |            1.9335 |            4.9043 |            0.9138
 34854 |      9 | 2020-03-16 23:40:50.5 |        13.133 |       18.2088 |       12.1343 |            4.4117 |            1.9253 |            4.8881 |            0.9092
 34854 |     10 | 2020-03-16 23:41:04   |       13.1218 |       18.2065 |       11.0138 |            4.0034 |            1.7411 |              4.45 |            0.8193
 34854 |     11 | 2020-03-16 23:41:16.5 |       13.1336 |       18.2098 |       11.3548 |            4.1304 |            1.7979 |            4.5793 |            0.8472
 34854 |     12 | 2020-03-16 23:41:26   |        13.126 |       18.2062 |        11.504 |             4.184 |             1.821 |              4.64 |             0.859
 34854 |     13 | 2020-03-16 23:41:35.5 |       13.1302 |       18.2047 |       11.9738 |            4.3537 |            1.8983 |            4.8251 |            0.8966
 34854 |     14 | 2020-03-16 23:41:45   |       13.1341 |       18.2135 |       12.1543 |              4.42 |            1.9277 |            4.8956 |             0.911
 34854 |     15 | 2020-03-16 23:41:55.5 |       13.1278 |         18.21 |        12.092 |            4.3946 |            1.9178 |            4.8741 |            0.9056
 34854 |     16 | 2020-03-16 23:42:08.5 |       13.1279 |       18.2053 |       10.6578 |            3.8745 |            1.6847 |            4.3076 |            0.7909
 34854 |     17 | 2020-03-16 23:42:25   |         13.13 |       18.2071 |       11.6341 |            4.2318 |            1.8422 |            4.6905 |            0.8696
 34854 |     18 | 2020-03-16 23:42:38   |       13.1325 |       18.2075 |        12.101 |             4.399 |             1.919 |             4.876 |             0.907
 34854 |     19 | 2020-03-16 23:42:46.5 |       13.1335 |       18.2092 |       12.1606 |            4.4212 |            1.9295 |            4.8992 |            0.9107
 34854 |     20 | 2020-03-16 23:42:55   |       13.1288 |       18.2069 |       12.2061 |            4.4368 |            1.9357 |            4.9187 |            0.9149
 34854 |     21 | 2020-03-16 23:43:06   |       13.1151 |       18.2057 |       10.5084 |            3.8205 |             1.658 |            4.2512 |            0.7787
 34854 |     22 | 2020-03-16 23:43:17   |         13.13 |       18.2066 |       11.3114 |            4.1135 |            1.7903 |            4.5645 |            0.8431
 34854 |     23 | 2020-03-16 23:43:26   |       13.1374 |       18.2079 |       11.8482 |             4.311 |            1.8773 |            4.7749 |             0.885
 34854 |     24 | 2020-03-16 23:43:36   |        13.125 |        18.206 |        11.722 |             4.263 |             1.856 |             4.726 |             0.877
 34854 |     25 | 2020-03-16 23:43:45.5 |       13.1299 |       18.2056 |       12.1198 |            4.4057 |            1.9217 |             4.884 |            0.9084
 34854 |     26 | 2020-03-16 23:43:55.5 |       13.1317 |       18.2095 |       12.4265 |             4.517 |            1.9738 |            5.0039 |            0.9318
 34854 |     27 | 2020-03-16 23:44:08   |        13.128 |       18.2065 |        10.602 |             3.854 |             1.676 |             4.286 |             0.786
 34854 |     28 | 2020-03-16 23:44:21   |       13.1303 |       18.2053 |       11.5291 |            4.1924 |            1.8257 |            4.6498 |            0.8613
 34854 |     29 | 2020-03-16 23:44:31   |       13.0427 |       18.2143 |        11.684 |            4.2639 |            1.8368 |            4.7168 |            0.8666
 34854 |     30 | 2020-03-16 23:44:41   |       13.1246 |       18.2059 |       11.9448 |            4.3432 |            1.8928 |            4.8146 |            0.8943
 34854 |     31 | 2020-03-16 23:44:51   |       13.1328 |       18.2069 |       12.3234 |            4.4787 |            1.9563 |            4.9634 |            0.9252
 34854 |     32 | 2020-03-16 23:45:04   |       13.0966 |        18.202 |       10.8239 |            3.9371 |            1.7065 |            4.3776 |            0.8026
 34854 |     33 | 2020-03-16 23:45:17   |        13.132 |       18.2085 |        11.249 |             4.092 |              1.78 |             4.538 |             0.839
 34854 |     34 | 2020-03-16 23:45:26.5 |       13.0914 |       18.1978 |          11.8 |            4.3025 |            1.8599 |            4.7602 |            0.8774
 34854 |     35 | 2020-03-16 23:45:36   |        13.124 |       18.2057 |         11.71 |             4.259 |             1.854 |             4.722 |             0.875
 34854 |     36 | 2020-03-16 23:45:47.5 |       13.1312 |       18.2067 |       12.2253 |            4.4442 |            1.9394 |            4.9253 |            0.9163
 34854 |     37 | 2020-03-16 23:46:00   |       13.1195 |       18.2088 |       12.0799 |             4.389 |            1.9151 |            4.8713 |            0.9045
 34854 |     38 | 2020-03-16 23:46:11.5 |       13.1319 |       18.2113 |        11.169 |            4.0611 |            1.7684 |            4.5072 |            0.8324
 34854 |     39 | 2020-03-16 23:46:21.5 |       13.1254 |       18.2055 |       11.3236 |             4.118 |            1.7916 |             4.569 |            0.8449
 34854 |     40 | 2020-03-16 23:46:31   |       13.1313 |       18.2055 |       11.8132 |            4.2949 |            1.8713 |            4.7622 |            0.8848
 34854 |     41 | 2020-03-16 23:46:41   |       13.1262 |       18.2105 |       12.0927 |            4.3993 |            1.9164 |            4.8724 |            0.9046
 34854 |     42 | 2020-03-16 23:46:51   |       13.1265 |       18.2064 |       12.0512 |            4.3797 |            1.9106 |            4.8583 |            0.9026
 34854 |     43 | 2020-03-16 23:47:04   |        13.117 |       18.2142 |       11.1362 |            4.0573 |            1.7547 |            4.5009 |            0.8232
 34854 |     44 | 2020-03-16 23:47:17   |       13.1242 |       18.2094 |       11.1514 |            4.0602 |              1.76 |            4.5026 |            0.8285
 34854 |     45 | 2020-03-16 23:47:27   |       13.1292 |        18.206 |       11.6805 |            4.2484 |            1.8494 |            4.7096 |             0.873
 34854 |     46 | 2020-03-16 23:47:37   |       13.1331 |       18.2076 |       12.1388 |            4.4139 |            1.9252 |            4.8899 |            0.9098
 34854 |     47 | 2020-03-16 23:47:47   |       13.1239 |       18.2055 |       11.8866 |            4.3214 |             1.883 |            4.7921 |            0.8902
 34854 |     48 | 2020-03-16 23:47:56.5 |       13.1304 |       18.2061 |       12.2292 |            4.4444 |              1.94 |            4.9284 |            0.9163
 34854 |     49 | 2020-03-16 23:48:10   |       13.1315 |          18.2 |        10.855 |             3.952 |             1.714 |             4.384 |             0.805
 34854 |     50 | 2020-03-16 23:48:23   |       13.1262 |       18.2059 |       11.4177 |            4.1531 |            1.8061 |            4.6056 |            0.8529
 34854 |     51 | 2020-03-16 23:48:32.5 |       13.1315 |       18.2061 |       11.9131 |            4.3305 |             1.889 |            4.8005 |            0.8932
 34854 |     52 | 2020-03-16 23:48:42   |        13.121 |       18.2145 |          11.9 |             4.342 |             1.872 |             4.803 |             0.883
 34854 |     53 | 2020-03-16 23:48:52   |       13.1279 |       18.2063 |       12.1287 |            4.4085 |             1.923 |            4.8887 |            0.9085
 34854 |     54 | 2020-03-16 23:49:04.5 |       13.1264 |       18.2096 |       10.8681 |            3.9491 |            1.7206 |            4.3908 |            0.8076
 34854 |     55 | 2020-03-16 23:49:21.5 |        13.129 |       18.2063 |       11.4004 |            4.1452 |            1.8041 |            4.5994 |            0.8517
 34854 |     56 | 2020-03-16 23:49:35.5 |       13.1345 |       18.2087 |       12.0477 |            4.3813 |            1.9108 |             4.853 |            0.9026
 34854 |     57 | 2020-03-16 23:49:45.5 |       13.1249 |       18.2058 |       11.8864 |            4.3223 |            1.8816 |            4.7926 |            0.8899
 34854 |     58 | 2020-03-16 23:49:54.5 |       13.1308 |       18.2036 |       12.2521 |            4.4525 |            1.9439 |            4.9373 |            0.9184
 34854 |     59 | 2020-03-16 23:50:03   |       13.1161 |       18.2078 |       11.3727 |            4.1323 |            1.7986 |            4.5933 |            0.8484
 34854 |     60 | 2020-03-16 23:50:12.5 |       13.1309 |       18.1962 |       11.0852 |            4.0357 |            1.7505 |            4.4756 |            0.8234
 34854 |     61 | 2020-03-16 23:50:23   |       13.1287 |       18.2064 |       11.5019 |            4.1835 |            1.8205 |            4.6387 |            0.8592
 34854 |     62 | 2020-03-16 23:50:32.5 |       13.1293 |       18.2043 |       11.9422 |             4.343 |             1.892 |            4.8127 |            0.8945
 34854 |     63 | 2020-03-16 23:50:42.5 |       13.0926 |       18.2183 |       12.0062 |              4.38 |            1.8927 |            4.8426 |            0.8909
 34854 |     64 | 2020-03-16 23:50:52   |       13.1279 |       18.2056 |       12.1621 |            4.4206 |            1.9279 |            4.9021 |            0.9115
 34854 |     65 | 2020-03-16 23:51:05.5 |        13.045 |       18.1999 |       10.3443 |            3.7732 |            1.6207 |            4.1891 |            0.7613
 34854 |     66 | 2020-03-16 23:51:18.5 |        13.132 |       18.2062 |       11.2536 |            4.0914 |            1.7815 |            4.5411 |            0.8396
 34854 |     67 | 2020-03-16 23:51:28   |       13.1312 |       18.2057 |       11.7984 |            4.2904 |            1.8692 |            4.7554 |            0.8834
 34854 |     68 | 2020-03-16 23:51:38   |        13.133 |       18.2107 |        11.968 |             4.354 |             1.897 |             4.822 |             0.895
 34854 |     69 | 2020-03-16 23:51:48   |       13.1271 |       18.2067 |       12.0329 |            4.3738 |            1.9071 |             4.851 |            0.9009
 34854 |     70 | 2020-03-16 23:52:00   |       13.1251 |       18.2061 |       12.2717 |            4.4605 |            1.9462 |            4.9453 |            0.9197
 34854 |     71 | 2020-03-16 23:52:12.5 |       13.0951 |       18.1883 |       10.8459 |            3.9525 |            1.7073 |             4.383 |            0.8031
 34854 |     72 | 2020-03-16 23:52:23   |       13.1293 |       18.2054 |       11.5467 |            4.1989 |            1.8282 |            4.6565 |            0.8631
 34854 |     73 | 2020-03-16 23:52:33   |       13.0686 |       18.2149 |       11.9018 |            4.3368 |            1.8774 |             4.801 |            0.8866
 34854 |     74 | 2020-03-16 23:52:43.5 |       13.1371 |       18.2058 |       11.9046 |            4.3272 |            1.8871 |            4.7989 |            0.8914
 34854 |     75 | 2020-03-16 23:53:00   |        13.127 |       18.2069 |       12.2957 |             4.469 |            1.9501 |             4.955 |            0.9216
 34854 |     76 | 2020-03-16 23:53:15   |       13.1253 |       18.2052 |       11.0035 |            3.9998 |            1.7405 |             4.443 |            0.8203
 34854 |     77 | 2020-03-16 23:53:23   |       13.1303 |       18.2046 |        11.582 |            4.2121 |             1.834 |            4.6704 |            0.8655
 34854 |     78 | 2020-03-16 23:53:31.5 |       13.1301 |       18.2127 |       12.0599 |            4.3932 |            1.9073 |            4.8599 |            0.8995
 34854 |     79 | 2020-03-16 23:53:40.5 |        13.123 |        18.205 |       11.7001 |             4.253 |            1.8532 |            4.7184 |            0.8755
 34854 |     80 | 2020-03-16 23:53:50   |       13.1285 |       18.2057 |        12.131 |             4.409 |             1.924 |             4.889 |             0.909
 34854 |     81 | 2020-03-16 23:54:01   |       13.1185 |       18.2081 |       12.1714 |            4.4258 |            1.9282 |            4.9069 |            0.9104
 34854 |     82 | 2020-03-16 23:54:12.5 |       13.1265 |        18.206 |       10.8882 |            3.9596 |            1.7211 |             4.398 |            0.8095
 34854 |     83 | 2020-03-16 23:54:23   |       13.1298 |       18.2071 |       11.5588 |            4.2034 |            1.8301 |            4.6613 |             0.864
 34854 |     84 | 2020-03-16 23:54:33   |       13.1384 |       18.2105 |       11.9345 |            4.3444 |            1.8905 |            4.8102 |            0.8894
 34854 |     85 | 2020-03-16 23:54:43   |       13.1272 |       18.2065 |       11.9473 |            4.3438 |            1.8932 |            4.8163 |             0.894
 34854 |     86 | 2020-03-16 23:54:52.5 |       13.1315 |       18.2058 |       12.2675 |            4.4582 |            1.9467 |            4.9421 |            0.9205
 34854 |     87 | 2020-03-16 23:55:05.5 |       13.1139 |       18.1961 |       10.5309 |            3.8414 |            1.6533 |            4.2638 |            0.7725
 34854 |     88 | 2020-03-16 23:55:19   |       13.1277 |       18.2055 |       11.3227 |            4.1182 |            1.7917 |            4.5683 |            0.8445
 34854 |     89 | 2020-03-16 23:55:28.5 |       13.1274 |       18.2136 |       11.9047 |            4.3395 |            1.8784 |            4.8007 |            0.8861
 34854 |     90 | 2020-03-16 23:55:38   |       13.1245 |       18.2065 |        11.742 |              4.27 |             1.859 |             4.735 |             0.878
 34854 |     91 | 2020-03-16 23:55:48   |       13.1289 |       18.2053 |         12.13 |            4.4089 |            1.9231 |            4.8886 |            0.9094
 34854 |     92 | 2020-03-16 23:56:00   |       13.1274 |        18.208 |       12.3296 |            4.4812 |            1.9562 |            4.9685 |            0.9236
 34854 |     93 | 2020-03-16 23:56:13   |       13.1267 |       18.2062 |       10.9243 |            3.9727 |            1.7268 |            4.4125 |            0.8123
 34854 |     94 | 2020-03-16 23:56:27   |        13.133 |       18.2105 |       11.8534 |            4.3135 |            1.8762 |            4.7777 |             0.886
 34854 |     95 | 2020-03-16 23:56:39   |       13.1278 |       18.2071 |       11.7831 |            4.2829 |            1.8669 |            4.7504 |            0.8829
 34854 |     96 | 2020-03-16 23:56:48   |         13.13 |       18.2061 |       12.1602 |            4.4204 |            1.9287 |            4.8996 |            0.9114
 34854 |     97 | 2020-03-16 23:56:57   |       13.1343 |       18.2096 |       12.4449 |            4.5239 |             1.976 |            5.0118 |            0.9332
 34854 |     98 | 2020-03-16 23:57:07.5 |       13.0904 |       18.1987 |       10.2482 |             3.732 |            1.6113 |            4.1493 |            0.7556
 34854 |     99 | 2020-03-16 23:57:19   |       13.1276 |        18.206 |        11.358 |            4.1319 |             1.797 |            4.5818 |            0.8473
 34854 |    100 | 2020-03-16 23:57:29   |        13.143 |       18.2107 |       11.9567 |            4.3488 |            1.8969 |            4.8166 |            0.8944
 34854 |    101 | 2020-03-16 23:57:38.5 |       13.1311 |       18.2066 |       11.7918 |            4.2866 |            1.8683 |            4.7543 |            0.8827
 34854 |    102 | 2020-03-16 23:57:48   |       13.1304 |       18.2041 |       12.1765 |            4.4258 |             1.931 |            4.9075 |            0.9121
 34854 |    103 | 2020-03-16 23:58:00.5 |        13.124 |       18.2065 |       12.2606 |            4.4605 |            1.9403 |            4.9442 |            0.9155
 34854 |    104 | 2020-03-16 23:58:13.5 |       13.1276 |       18.2062 |       11.0156 |            4.0055 |            1.7425 |            4.4475 |            0.8202
 34854 |    105 | 2020-03-16 23:58:24   |       13.1315 |        18.209 |       11.7693 |            4.2822 |            1.8647 |             4.743 |            0.8794
 34854 |    106 | 2020-03-16 23:58:34   |       13.1235 |         18.19 |        11.608 |             4.226 |             1.836 |             4.679 |             0.867
 34854 |    107 | 2020-03-16 23:58:44   |       13.1283 |       18.2045 |       12.0341 |            4.3756 |            1.9077 |            4.8502 |            0.9006
 34854 |    108 | 2020-03-16 23:58:54   |       13.1325 |         18.21 |        12.426 |             4.518 |             1.973 |             5.004 |             0.931
 34854 |    109 | 2020-03-16 23:59:06.5 |       13.1088 |        18.206 |       10.2653 |             3.733 |             1.618 |            4.1552 |            0.7591
 34854 |    110 | 2020-03-16 23:59:19   |       13.1305 |       18.2051 |       11.4222 |             4.154 |            1.8084 |            4.6065 |            0.8533
 34854 |    111 | 2020-03-16 23:59:29   |       13.1336 |       18.2103 |       11.8176 |            4.2995 |            1.8736 |            4.7624 |            0.8821
 34854 |    112 | 2020-03-16 23:59:39   |       13.1274 |       18.2064 |        11.871 |            4.3162 |            1.8805 |            4.7857 |            0.8885
 34854 |    113 | 2020-03-16 23:59:52.5 |       13.0896 |       18.2125 |       12.3725 |            4.5023 |            1.9595 |            4.9874 |            0.9233
 34854 |    114 | 2020-03-17 00:00:06.5 |        13.129 |       18.1822 |        10.525 |            3.8294 |            1.6631 |            4.2532 |            0.7794
 34854 |    115 | 2020-03-17 00:00:15.5 |       13.1249 |       18.2042 |       11.0557 |            4.0198 |            1.7486 |            4.4633 |            0.8241
 34854 |    116 | 2020-03-17 00:00:24.5 |       13.1336 |        18.205 |       11.7181 |            4.2592 |            1.8584 |            4.7225 |            0.8779
 34854 |    117 | 2020-03-17 00:00:34.5 |       13.1055 |       18.1976 |       11.8312 |            4.3149 |            1.8649 |            4.7731 |            0.8783
 34854 |    118 | 2020-03-17 00:00:44   |       13.1274 |       18.2057 |        12.023 |            4.3704 |            1.9058 |            4.8463 |            0.9005
 34854 |    119 | 2020-03-17 00:00:54   |       13.1335 |       18.2087 |        12.395 |             4.506 |             1.968 |             4.992 |             0.929
 34854 |    120 | 2020-03-17 00:01:06.5 |       13.1095 |       18.2062 |       10.2765 |            3.7372 |            1.6196 |            4.1599 |            0.7598
 34854 |    121 | 2020-03-17 00:01:19   |       13.1316 |       18.2069 |       11.4741 |            4.1733 |            1.8163 |             4.628 |            0.8565
 34854 |    122 | 2020-03-17 00:01:29   |       13.1277 |       18.2158 |       11.7508 |            4.2871 |            1.8511 |             4.741 |            0.8716
 34854 |    123 | 2020-03-17 00:01:39   |       13.1272 |       18.2062 |       11.8877 |            4.3224 |            1.8833 |            4.7931 |             0.889
 34854 |    124 | 2020-03-17 00:01:48.5 |       13.1308 |       18.2062 |       12.2638 |            4.4583 |             1.946 |            4.9396 |            0.9199
 34854 |    125 | 2020-03-17 00:02:01   |       13.1086 |       18.2012 |       12.1247 |            4.4101 |            1.9185 |              4.89 |            0.9062
 34854 |    126 | 2020-03-17 00:02:13.5 |       13.1304 |       18.2065 |       11.0828 |            4.0301 |            1.7531 |            4.4735 |            0.8261
 34854 |    127 | 2020-03-17 00:02:24   |       13.1405 |       18.2108 |       11.6543 |            4.2375 |            1.8482 |            4.6965 |            0.8721
 34854 |    128 | 2020-03-17 00:02:34   |        13.125 |       18.2055 |        11.682 |             4.248 |             1.849 |             4.711 |             0.874
 34854 |    129 | 2020-03-17 00:02:44   |       13.1302 |       18.2063 |       12.1039 |               4.4 |            1.9194 |            4.8769 |            0.9076
 34854 |    130 | 2020-03-17 00:02:54   |        13.132 |       18.2083 |        12.163 |             4.421 |              1.93 |             4.901 |             0.911
 34854 |    131 | 2020-03-17 00:03:07   |       13.1102 |        18.206 |       10.2652 |            3.7321 |             1.618 |            4.1562 |             0.759
 34854 |    132 | 2020-03-17 00:03:24   |       13.1343 |         18.21 |        11.697 |            4.2556 |            1.8535 |            4.7137 |            0.8742
 34854 |    133 | 2020-03-17 00:03:37.5 |       13.1281 |       18.2061 |        11.885 |            4.3216 |             1.883 |            4.7908 |            0.8896
 34854 |    134 | 2020-03-17 00:03:46   |       13.1315 |       18.2065 |        12.202 |             4.436 |             1.935 |             4.916 |             0.915
 34854 |    135 | 2020-03-17 00:03:54.5 |       13.1358 |       18.2085 |       12.1285 |             4.408 |            1.9243 |            4.8871 |            0.9091
 34854 |    136 | 2020-03-17 00:04:03.5 |       13.1172 |        18.206 |       11.4216 |            4.1515 |            1.8072 |            4.6116 |            0.8514
 34854 |    137 | 2020-03-17 00:04:14   |       13.1285 |       18.2067 |        11.075 |             4.027 |             1.752 |             4.471 |             0.825
 34854 |    138 | 2020-03-17 00:04:24.5 |       13.1131 |       18.2123 |       11.6734 |            4.2528 |            1.8421 |            4.7115 |             0.867
 34854 |    139 | 2020-03-17 00:04:34.5 |       13.1268 |       18.2064 |       11.7618 |            4.2766 |            1.8626 |            4.7424 |            0.8802
 34854 |    140 | 2020-03-17 00:04:44.5 |       13.1303 |       18.2058 |       12.1641 |             4.422 |             1.929 |            4.9012 |            0.9119
 34854 |    141 | 2020-03-17 00:04:54   |       13.0935 |        18.216 |        12.205 |             4.444 |             1.931 |             4.922 |             0.908
 34854 |    142 | 2020-03-17 00:05:07   |       13.1085 |       18.2055 |        10.313 |             3.749 |             1.626 |             4.175 |             0.763
 34854 |    143 | 2020-03-17 00:05:19.5 |       13.1323 |       18.2074 |       11.5291 |            4.1936 |            1.8258 |            4.6485 |            0.8612
 34854 |    144 | 2020-03-17 00:05:29   |       13.1261 |       18.2062 |       11.5354 |            4.1959 |            1.8257 |            4.6522 |            0.8615
 34854 |    145 | 2020-03-17 00:05:39   |       13.1267 |       18.2055 |       11.9213 |            4.3347 |            1.8884 |            4.8056 |            0.8925
 34854 |    146 | 2020-03-17 00:05:49.5 |       13.0488 |       18.1882 |       12.1692 |            4.4362 |            1.9179 |            4.9098 |            0.9053
 34854 |    147 | 2020-03-17 00:06:02   |        13.125 |       18.2052 |        12.087 |             4.393 |             1.916 |             4.873 |             0.905
 34854 |    148 | 2020-03-17 00:06:14.5 |       13.1316 |       18.2076 |       11.2336 |            4.0848 |            1.7782 |            4.5336 |             0.837
 34854 |    149 | 2020-03-17 00:06:25   |       13.1227 |       18.2057 |       11.3898 |            4.1467 |             1.798 |            4.5968 |            0.8484
 34854 |    150 | 2020-03-17 00:06:35   |        13.128 |       18.2056 |       11.8321 |            4.3026 |            1.8743 |            4.7695 |            0.8856
 34854 |    151 | 2020-03-17 00:06:46   |       13.1301 |       18.2041 |       12.1602 |            4.4201 |            1.9285 |            4.9003 |            0.9113
 34854 |    152 | 2020-03-17 00:06:59.5 |       13.1278 |        18.206 |       12.2402 |            4.4482 |            1.9415 |            4.9327 |            0.9178
 34854 |    153 | 2020-03-17 00:07:11   |       13.1275 |        18.206 |         10.78 |             3.919 |             1.704 |             4.356 |             0.801
 34854 |    154 | 2020-03-17 00:07:20   |       13.1238 |       18.2115 |       11.4973 |            4.1853 |            1.8182 |            4.6387 |            0.8551
 34854 |    155 | 2020-03-17 00:07:30   |       13.1235 |       18.2055 |        11.498 |             4.182 |             1.819 |             4.638 |             0.859
 34854 |    156 | 2020-03-17 00:07:40   |       13.1302 |       18.2065 |       12.0341 |            4.3749 |             1.908 |            4.8498 |            0.9015
 34854 |    157 | 2020-03-17 00:07:49.5 |       13.1331 |       18.2097 |       12.1712 |             4.425 |            1.9309 |            4.9034 |            0.9119
 34854 |    158 | 2020-03-17 00:08:01.5 |       13.1295 |       18.2058 |       12.4365 |            4.5195 |            1.9737 |              5.01 |            0.9332
 34854 |    159 | 2020-03-17 00:08:15   |       13.1232 |       18.2074 |       11.2129 |            4.0818 |            1.7702 |            4.5269 |             0.834
 34854 |    160 | 2020-03-17 00:08:25.5 |       13.1255 |       18.2062 |       11.3907 |            4.1427 |            1.8022 |            4.5947 |            0.8511
 34854 |    161 | 2020-03-17 00:08:35   |       13.1281 |        18.206 |       11.8411 |            4.3053 |            1.8762 |            4.7731 |            0.8866
 34854 |    162 | 2020-03-17 00:08:44.5 |       13.1323 |       18.2081 |       12.2499 |            4.4543 |            1.9429 |            4.9345 |            0.9182
 34854 |    163 | 2020-03-17 00:08:54   |       13.1245 |       18.2055 |         11.97 |             4.351 |             1.897 |             4.826 |             0.896
 34854 |    164 | 2020-03-17 00:09:07   |       13.1113 |       18.2053 |        10.415 |            3.7872 |            1.6422 |            4.2145 |            0.7711
 34854 |    165 | 2020-03-17 00:09:20.5 |       13.1095 |       18.1998 |       11.4617 |            4.1826 |            1.8056 |            4.6257 |            0.8479
 34854 |    166 | 2020-03-17 00:09:30.5 |       13.1262 |       18.2058 |       11.6504 |            4.2371 |            1.8446 |            4.6977 |            0.8711
 34854 |    167 | 2020-03-17 00:09:40   |       13.1296 |       18.2053 |       12.0859 |            4.3946 |            1.9156 |            4.8704 |            0.9052
 34854 |    168 | 2020-03-17 00:09:49.5 |       13.0964 |       18.1916 |       12.1409 |            4.4268 |            1.9158 |            4.8962 |            0.9021
 34854 |    169 | 2020-03-17 00:10:02   |       13.1254 |       18.2055 |       12.2568 |            4.4538 |            1.9439 |            4.9407 |            0.9183
 34854 |    170 | 2020-03-17 00:10:15   |        13.131 |       18.2055 |         11.19 |             4.069 |             1.771 |             4.516 |             0.834
 34854 |    171 | 2020-03-17 00:10:28.5 |       13.1256 |       18.2043 |       11.5272 |            4.1915 |            1.8245 |            4.6495 |            0.8617
 34854 |    172 | 2020-03-17 00:10:40   |       13.1305 |       18.2049 |       12.0567 |            4.3839 |            1.9109 |            4.8589 |             0.903
 34854 |    173 | 2020-03-17 00:10:48   |       13.1295 |        18.209 |       12.1819 |            4.4341 |            1.9279 |            4.9098 |              0.91
 34854 |    174 | 2020-03-17 00:10:57   |       13.1253 |       18.2051 |       12.0327 |             4.372 |            1.9086 |             4.851 |            0.9012
 34854 |    175 | 2020-03-17 00:11:08.5 |       13.1213 |       18.2057 |       10.6196 |            3.8612 |             1.677 |            4.2943 |            0.7871
 34854 |    176 | 2020-03-17 00:11:20   |       13.1279 |       18.2075 |       11.2176 |            4.0803 |            1.7742 |            4.5266 |            0.8364
 34854 |    177 | 2020-03-17 00:11:30   |       13.1275 |       18.2057 |        11.672 |             4.245 |             1.848 |             4.706 |             0.873
 34854 |    178 | 2020-03-17 00:11:40   |       13.1315 |       18.2065 |       12.1223 |            4.4077 |            1.9224 |            4.8837 |            0.9085
 34854 |    179 | 2020-03-17 00:11:50   |       13.1315 |       18.2103 |        12.164 |             4.424 |              1.93 |               4.9 |              0.91
 34854 |    180 | 2020-03-17 00:12:02   |        13.128 |        18.206 |        12.222 |             4.441 |             1.939 |             4.926 |             0.916
 34854 |    181 | 2020-03-17 00:12:14.5 |       13.1333 |       18.2103 |       11.2957 |            4.1086 |            1.7884 |            4.5566 |            0.8421
 34854 |    182 | 2020-03-17 00:12:25   |       13.1248 |       18.2007 |       11.3843 |            4.1404 |            1.8008 |            4.5927 |            0.8504
 34854 |    183 | 2020-03-17 00:12:35.5 |        13.128 |       18.2066 |       11.8096 |            4.2942 |             1.871 |            4.7604 |             0.884
 34854 |    184 | 2020-03-17 00:12:45   |        13.134 |       18.2103 |       12.1419 |            4.4156 |            1.9258 |            4.8913 |            0.9092
 34854 |    185 | 2020-03-17 00:12:54.5 |       13.1263 |       18.2056 |       12.0644 |            4.3842 |            1.9129 |            4.8635 |            0.9039
 34854 |    186 | 2020-03-17 00:13:07   |       13.1112 |       18.2081 |        10.501 |            3.8188 |            1.6564 |            4.2484 |            0.7774
 34854 |    187 | 2020-03-17 00:13:20   |       13.1291 |       18.2103 |       11.2907 |            4.1068 |            1.7864 |            4.5555 |             0.842
 34854 |    188 | 2020-03-17 00:13:30   |       13.1285 |       18.2063 |        11.716 |             4.261 |             1.855 |             4.724 |             0.876
 34854 |    189 | 2020-03-17 00:13:40.5 |       13.1275 |       18.2132 |       12.1437 |            4.4259 |            1.9168 |            4.8965 |            0.9045
 34854 |    190 | 2020-03-17 00:13:55   |       13.1274 |       18.2065 |       12.0916 |            4.3947 |            1.9173 |            4.8741 |            0.9056
 34854 |    191 | 2020-03-17 00:14:08   |       13.1184 |       18.2063 |        10.314 |             3.748 |            1.6268 |            4.1744 |            0.7648
 34854 |    192 | 2020-03-17 00:14:16.5 |       13.1008 |       18.1885 |        11.148 |            4.0666 |            1.7549 |            4.5017 |            0.8247
 34854 |    193 | 2020-03-17 00:14:25.5 |       13.1238 |       18.2073 |       11.4874 |            4.1804 |             1.815 |            4.6349 |             0.857
 34854 |    194 | 2020-03-17 00:14:35   |       13.1295 |       18.2038 |        11.879 |             4.319 |             1.882 |             4.789 |             0.889
 34854 |    195 | 2020-03-17 00:14:45   |       13.1158 |       18.2054 |       12.0984 |            4.4106 |            1.9096 |            4.8778 |            0.9004
 34854 |    196 | 2020-03-17 00:14:55   |       13.1269 |       18.2062 |       12.1254 |            4.4073 |            1.9227 |            4.8878 |            0.9077
 34854 |    197 | 2020-03-17 00:15:08   |       13.1115 |       18.2067 |        10.375 |            3.7728 |            1.6356 |            4.1985 |            0.7681
 34854 |    198 | 2020-03-17 00:15:21   |       13.1243 |        18.205 |       11.1953 |            4.0719 |            1.7703 |            4.5192 |            0.8339
 34854 |    199 | 2020-03-17 00:15:31   |        13.129 |       18.2038 |       11.7553 |            4.2747 |            1.8619 |            4.7388 |            0.8799
 34854 |    200 | 2020-03-17 00:15:41   |       13.1332 |       18.2091 |       12.0488 |            4.3823 |            1.9097 |            4.8543 |            0.9025
 34854 |    201 | 2020-03-17 00:15:50.5 |       13.1258 |       18.2062 |       11.9868 |            4.3571 |            1.8992 |            4.8334 |            0.8971
 34854 |    202 | 2020-03-17 00:16:02.5 |       13.1317 |       18.2034 |       12.4419 |            4.5214 |            1.9749 |             5.012 |            0.9335
 34854 |    203 | 2020-03-17 00:16:15.5 |       13.1273 |       18.2088 |       11.0312 |            4.0129 |            1.7446 |             4.453 |            0.8207
 34854 |    204 | 2020-03-17 00:16:26   |       13.1259 |       18.2062 |       11.4286 |            4.1565 |            1.8083 |            4.6106 |            0.8533
 34854 |    205 | 2020-03-17 00:16:36   |       13.1305 |       18.2077 |       12.0144 |            4.3691 |            1.9043 |            4.8413 |            0.8997
 34854 |    206 | 2020-03-17 00:16:45.5 |       13.1256 |       18.2061 |       11.8623 |            4.3136 |            1.8795 |            4.7823 |            0.8868
 34854 |    207 | 2020-03-17 00:16:55   |       13.1276 |       18.2057 |       12.1286 |            4.4088 |             1.923 |            4.8884 |            0.9084
 34854 |    208 | 2020-03-17 00:17:08.5 |       13.1276 |       18.2117 |        10.565 |             3.839 |            1.6708 |            4.2713 |            0.7839
 34854 |    209 | 2020-03-17 00:17:23.5 |       13.1257 |       18.2057 |       11.4366 |            4.1602 |            1.8091 |            4.6134 |             0.854
 34854 |    210 | 2020-03-17 00:17:36   |       13.1331 |       18.1921 |       11.9615 |            4.3522 |            1.8948 |            4.8198 |            0.8948
 34854 |    211 | 2020-03-17 00:17:46   |       13.1245 |        18.206 |        11.874 |             4.317 |             1.881 |             4.788 |             0.888
 34854 |    212 | 2020-03-17 00:17:54   |        13.129 |       18.2063 |        12.182 |             4.427 |             1.932 |              4.91 |             0.913
 34854 |    213 | 2020-03-17 00:18:05.5 |         13.11 |       18.2048 |       11.1993 |            4.0715 |             1.769 |            4.5256 |            0.8331
 34854 |    214 | 2020-03-17 00:18:18   |        13.125 |       18.2057 |        11.094 |             4.035 |             1.754 |             4.479 |             0.826
 34854 |    215 | 2020-03-17 00:18:26.5 |       13.1294 |       18.2063 |        11.632 |            4.2296 |            1.8424 |            4.6907 |            0.8693
 34854 |    216 | 2020-03-17 00:18:35   |        13.132 |        18.207 |         11.99 |              4.36 |             1.901 |             4.831 |             0.898
 34854 |    217 | 2020-03-17 00:18:45   |        13.127 |        18.207 |       11.9271 |            4.3364 |            1.8901 |            4.8079 |            0.8928
 34854 |    218 | 2020-03-17 00:18:55   |       13.1275 |       18.2062 |        12.137 |             4.411 |             1.925 |             4.892 |             0.909
 34854 |    219 | 2020-03-17 00:19:08   |       13.1101 |       18.2019 |        10.531 |            3.8308 |            1.6598 |            4.2614 |            0.7789
 34854 |    220 | 2020-03-17 00:19:21   |       13.1237 |        18.205 |       11.2134 |            4.0787 |            1.7727 |             4.526 |             0.836
 34854 |    221 | 2020-03-17 00:19:30.5 |       13.1317 |       18.2083 |       11.8845 |            4.3225 |            1.8836 |            4.7893 |            0.8892
 34854 |    222 | 2020-03-17 00:19:40   |       13.1278 |       18.2068 |       11.8115 |             4.295 |            1.8713 |            4.7613 |            0.8839
 34854 |    223 | 2020-03-17 00:19:50   |       13.1253 |       18.2067 |       11.9531 |            4.3446 |            1.8941 |            4.8198 |            0.8946
 34854 |    224 | 2020-03-17 00:20:02.5 |       13.1294 |       18.2053 |       12.3333 |            4.4819 |            1.9573 |            4.9698 |            0.9243
 34854 |    225 | 2020-03-17 00:20:15.5 |       13.1304 |        18.208 |       11.0108 |            4.0054 |             1.742 |            4.4441 |            0.8192
 34854 |    226 | 2020-03-17 00:20:26   |       13.1285 |       18.2051 |       11.5196 |            4.1896 |            1.8237 |            4.6457 |            0.8607
 34854 |    227 | 2020-03-17 00:20:36   |       13.1133 |       18.2112 |       12.0195 |            4.3744 |            1.9038 |            4.8439 |            0.8972
 34854 |    228 | 2020-03-17 00:20:46.5 |       13.1325 |       18.2081 |       12.0214 |            4.3708 |            1.9066 |             4.844 |               0.9
 34854 |    229 | 2020-03-17 00:20:59.5 |       13.1312 |       18.2068 |       12.3989 |             4.509 |            1.9659 |            4.9961 |             0.928
 34854 |    230 | 2020-03-17 00:21:11.5 |        13.139 |       18.2096 |       10.8366 |            3.9426 |            1.7142 |            4.3781 |            0.8017
 34854 |    231 | 2020-03-17 00:21:21   |       13.1277 |       18.2054 |       11.3127 |            4.1144 |            1.7899 |            4.5655 |            0.8429
 34854 |    232 | 2020-03-17 00:21:31   |        13.132 |       18.2063 |         11.87 |             4.317 |             1.881 |             4.784 |             0.888
 34854 |    233 | 2020-03-17 00:21:41   |       13.1192 |       18.2052 |       11.8278 |            4.3049 |              1.87 |            4.7702 |            0.8827
 34854 |    234 | 2020-03-17 00:21:50.5 |       13.1279 |       18.2067 |       12.0841 |            4.3934 |            1.9155 |            4.8704 |            0.9048
 34854 |    235 | 2020-03-17 00:22:02.5 |       13.1354 |       18.2103 |       12.5817 |            4.5739 |            1.9984 |            5.0655 |            0.9439
 34854 |    236 | 2020-03-17 00:22:15.5 |        13.124 |       18.2061 |       10.8811 |            3.9566 |            1.7199 |            4.3956 |             0.809
 34854 |    237 | 2020-03-17 00:22:26   |       13.1296 |       18.2037 |       11.6168 |            4.2251 |            1.8389 |            4.6849 |            0.8679
 34854 |    238 | 2020-03-17 00:22:36   |       13.1203 |       18.1992 |       11.9059 |            4.3418 |            1.8772 |            4.8021 |            0.8847
 34854 |    239 | 2020-03-17 00:22:46   |        13.127 |       18.2058 |        11.998 |             4.362 |             1.902 |             4.836 |             0.898
 34854 |    240 | 2020-03-17 00:22:55.5 |       13.1314 |       18.2064 |        12.304 |            4.4721 |            1.9525 |            4.9571 |            0.9222
 34854 |    241 | 2020-03-17 00:23:08   |       13.1096 |       18.2055 |       10.3014 |            3.7456 |            1.6241 |            4.1695 |            0.7621
 34854 |    242 | 2020-03-17 00:23:21   |       13.1281 |       18.2045 |       11.2865 |            4.1046 |            1.7861 |            4.5543 |            0.8414
 34854 |    243 | 2020-03-17 00:23:31   |        13.133 |        18.209 |         11.92 |             4.335 |              1.89 |             4.803 |             0.892
 34854 |    244 | 2020-03-17 00:23:40.5 |       13.1243 |       18.2057 |       11.7887 |            4.2864 |            1.8668 |             4.754 |            0.8815
 34854 |    245 | 2020-03-17 00:23:50   |         13.13 |       18.2043 |        12.178 |             4.426 |             1.932 |             4.907 |             0.913
 34854 |    246 | 2020-03-17 00:24:02.5 |       13.1341 |       18.2083 |       12.5192 |            4.5489 |            1.9883 |            5.0427 |            0.9393
 34854 |    247 | 2020-03-17 00:24:16.5 |        13.126 |       18.2067 |        11.073 |            4.0261 |            1.7517 |            4.4705 |            0.8247
 34854 |    248 | 2020-03-17 00:24:30   |       13.1316 |       18.2075 |       11.8512 |            4.3107 |            1.8775 |            4.7758 |            0.8873
 34854 |    249 | 2020-03-17 00:24:41   |        13.125 |       18.2057 |       11.8187 |            4.2977 |            1.8719 |            4.7648 |            0.8843
 34854 |    250 | 2020-03-17 00:24:50   |       13.1305 |       18.2047 |        12.195 |             4.433 |             1.934 |             4.914 |             0.914
 34854 |    251 | 2020-03-17 00:24:59   |        13.133 |       18.2085 |        12.419 |             4.514 |             1.971 |             5.002 |             0.932
 34854 |    252 | 2020-03-17 00:25:09.5 |       13.1227 |       18.2083 |       10.8312 |            3.9397 |             1.712 |            4.3753 |            0.8042
 34854 |    253 | 2020-03-17 00:25:21   |       13.1288 |       18.2054 |       11.3377 |             4.124 |            1.7938 |            4.5737 |            0.8461
 34854 |    254 | 2020-03-17 00:25:31   |       13.1325 |        18.208 |         11.89 |             4.325 |             1.884 |             4.791 |              0.89
 34854 |    255 | 2020-03-17 00:25:40.5 |       13.1235 |       18.2061 |       11.7403 |            4.2693 |            1.8589 |            4.7343 |            0.8777
 34854 |    256 | 2020-03-17 00:25:50.5 |       13.1277 |       18.2054 |       12.1719 |            4.4243 |            1.9303 |             4.905 |            0.9123
 34854 |    257 | 2020-03-17 00:26:03   |       13.1325 |       18.2085 |        12.244 |              4.45 |             1.943 |             4.934 |             0.917
 34854 |    258 | 2020-03-17 00:26:16   |       13.1265 |       18.2052 |       11.0265 |            4.0098 |             1.744 |            4.4524 |            0.8203
 34854 |    259 | 2020-03-17 00:26:26   |       13.1309 |       18.2066 |       11.6544 |            4.2396 |             1.845 |            4.6986 |            0.8712
 34854 |    260 | 2020-03-17 00:26:36   |       13.1122 |       18.1983 |       11.6887 |            4.2663 |            1.8391 |            4.7167 |            0.8665
 34854 |    261 | 2020-03-17 00:26:46   |        13.128 |       18.2079 |       12.0112 |            4.3659 |            1.9039 |            4.8421 |            0.8993
 34854 |    262 | 2020-03-17 00:26:55.5 |       13.1337 |       18.2095 |       12.3777 |            4.4988 |            1.9654 |            4.9854 |            0.9281
 34854 |    263 | 2020-03-17 00:27:08.5 |       13.1159 |       18.2064 |       10.5448 |            3.8319 |            1.6655 |            4.2651 |            0.7822
 34854 |    264 | 2020-03-17 00:27:21   |        13.131 |       18.2047 |       11.4077 |            4.1487 |            1.8059 |            4.6017 |            0.8514
 34854 |    265 | 2020-03-17 00:27:31   |        13.132 |       18.2095 |        11.699 |             4.255 |             1.853 |             4.716 |             0.875
 34854 |    266 | 2020-03-17 00:27:41   |       13.1255 |       18.2059 |         11.82 |            4.2977 |            1.8722 |            4.7658 |            0.8844
 34854 |    267 | 2020-03-17 00:27:55   |        13.132 |       18.2092 |        12.406 |             4.511 |             1.969 |             4.996 |              0.93
 34854 |    268 | 2020-03-17 00:28:09.5 |       13.1192 |       18.2058 |       10.5539 |            3.8369 |            1.6665 |            4.2684 |            0.7822
 34854 |    269 | 2020-03-17 00:28:19.5 |       13.1305 |       18.2052 |       11.3359 |            4.1219 |            1.7947 |            4.5729 |            0.8462
 34854 |    270 | 2020-03-17 00:28:28.5 |       13.1339 |       18.2094 |       11.7847 |             4.287 |            1.8669 |            4.7497 |            0.8811
 34854 |    271 | 2020-03-17 00:28:37.5 |       13.1242 |       18.2057 |       11.6779 |            4.2466 |            1.8483 |            4.7096 |            0.8734
 34854 |    272 | 2020-03-17 00:28:46.5 |       13.1293 |       18.2051 |       12.1079 |            4.4013 |            1.9201 |            4.8794 |            0.9071
 34854 |    273 | 2020-03-17 00:28:56   |       13.0979 |       18.2176 |       12.3178 |            4.4903 |            1.9452 |            4.9654 |            0.9169
 34854 |    274 | 2020-03-17 00:29:08.5 |       13.1182 |        18.205 |       10.6167 |            3.8588 |            1.6769 |            4.2929 |            0.7882
 34854 |    275 | 2020-03-17 00:29:21   |       13.1294 |       18.2053 |       11.4095 |            4.1496 |            1.8063 |            4.6027 |            0.8509
 34854 |    276 | 2020-03-17 00:29:31   |       13.0735 |       18.1937 |        11.602 |             4.235 |             1.825 |             4.683 |             0.859
 34854 |    277 | 2020-03-17 00:29:41   |       13.1259 |       18.2054 |       11.8982 |            4.3262 |            1.8851 |            4.7964 |            0.8905
 34854 |    278 | 2020-03-17 00:29:51   |        13.132 |        18.208 |        12.287 |             4.467 |              1.95 |             4.949 |             0.921
 34854 |    279 | 2020-03-17 00:30:03   |        13.132 |       18.2065 |        12.405 |             4.508 |             1.969 |             4.997 |             0.931
 34854 |    280 | 2020-03-17 00:30:15.5 |       13.1253 |       18.2051 |       10.9435 |            3.9793 |            1.7307 |            4.4192 |            0.8143
 34854 |    281 | 2020-03-17 00:30:26   |       13.1346 |       18.2128 |       11.8082 |            4.2948 |            1.8717 |            4.7585 |            0.8832
 34854 |    282 | 2020-03-17 00:30:36   |       13.1246 |       18.2093 |       11.6467 |            4.2353 |            1.8437 |            4.6967 |             0.871
 34854 |    283 | 2020-03-17 00:30:46   |       13.1298 |       18.2032 |       12.0493 |            4.3797 |            1.9106 |            4.8563 |            0.9028
 34854 |    284 | 2020-03-17 00:30:56   |       13.0986 |       18.1896 |       12.1023 |            4.4094 |            1.9111 |            4.8794 |            0.9023
 34854 |    285 | 2020-03-17 00:31:09   |       13.1134 |       18.2052 |       10.6629 |            3.8772 |            1.6838 |            4.3114 |            0.7905
 34854 |    286 | 2020-03-17 00:31:25   |       13.1338 |       18.2089 |       11.7495 |            4.2745 |            1.8615 |            4.7347 |            0.8787
 34854 |    287 | 2020-03-17 00:31:37.5 |       13.1269 |       18.2066 |       11.7926 |            4.2891 |            1.8679 |            4.7538 |            0.8818
 34854 |    288 | 2020-03-17 00:31:46   |       13.1302 |       18.2048 |       12.1075 |             4.401 |            1.9203 |            4.8791 |            0.9071
 34854 |    289 | 2020-03-17 00:31:55   |        13.132 |        18.209 |         12.16 |             4.421 |             1.929 |             4.899 |             0.911
 34854 |    290 | 2020-03-17 00:32:05   |       13.1219 |        18.208 |       11.6798 |            4.2467 |            1.8498 |            4.7129 |            0.8704
 34854 |    291 | 2020-03-17 00:32:16.5 |       13.1358 |       18.2036 |       11.1868 |            4.0669 |            1.7712 |            4.5142 |            0.8345
 34854 |    292 | 2020-03-17 00:32:27   |       13.1335 |         18.21 |        11.796 |             4.291 |             1.869 |             4.754 |             0.882
 34854 |    293 | 2020-03-17 00:32:36.5 |       13.1329 |       18.2089 |       11.7055 |            4.2552 |            1.8546 |            4.7199 |            0.8758
 34854 |    294 | 2020-03-17 00:32:46   |       13.1303 |        18.205 |       12.1051 |            4.4007 |            1.9194 |            4.8781 |            0.9068
 34854 |    295 | 2020-03-17 00:32:56   |         13.13 |       18.2086 |       12.0913 |            4.3958 |            1.9172 |             4.873 |            0.9053
 34854 |    296 | 2020-03-17 00:33:09   |       13.1173 |       18.2049 |       10.6737 |            3.8801 |            1.6853 |            4.3157 |            0.7925
 34854 |    297 | 2020-03-17 00:33:21.5 |       13.1138 |       18.2101 |       11.5599 |            4.2142 |            1.8227 |            4.6664 |            0.8566
 34854 |    298 | 2020-03-17 00:33:31   |       13.1245 |        18.206 |        11.492 |             4.179 |             1.818 |             4.636 |             0.859
 34854 |    299 | 2020-03-17 00:33:41   |       13.1291 |       18.2049 |       11.9608 |            4.3484 |            1.8959 |            4.8212 |            0.8954
 34854 |    300 | 2020-03-17 00:33:51   |       13.1325 |         18.21 |        12.353 |             4.492 |             1.961 |             4.975 |             0.925
 34854 |    301 | 2020-03-17 00:34:03   |       13.1235 |       18.2062 |        12.006 |             4.363 |             1.903 |             4.842 |             0.898
 34854 |    302 | 2020-03-17 00:34:16   |       13.1284 |       18.2051 |       11.1732 |            4.0628 |            1.7675 |            4.5106 |            0.8322
 34854 |    303 | 2020-03-17 00:34:26.5 |        13.068 |       18.1893 |       11.4117 |             4.166 |            1.7925 |            4.6089 |            0.8443
 34854 |    304 | 2020-03-17 00:34:36.5 |       13.1255 |       18.2054 |       11.7872 |            4.2861 |            1.8665 |            4.7526 |            0.8819
 34854 |    305 | 2020-03-17 00:34:49.5 |       13.1359 |       18.2086 |       12.3113 |            4.4751 |            1.9545 |            4.9574 |            0.9243
 34854 |    306 | 2020-03-17 00:35:03   |        13.133 |       18.2092 |        12.271 |             4.461 |             1.947 |             4.944 |             0.919
 34854 |    307 | 2020-03-17 00:35:12.5 |       13.1324 |       18.2056 |       10.7725 |            3.9165 |            1.7037 |            4.3518 |            0.8005
 34854 |    308 | 2020-03-17 00:35:22   |       13.1398 |       18.2102 |       11.6056 |            4.2203 |            1.8394 |             4.678 |            0.8679
 34854 |    309 | 2020-03-17 00:35:31.5 |       13.1282 |       18.2063 |       11.5163 |             4.188 |            1.8226 |            4.6448 |            0.8609
 34854 |    310 | 2020-03-17 00:35:41   |       13.1297 |       18.2057 |       11.9775 |            4.3556 |            1.8982 |            4.8267 |             0.897
 34854 |    311 | 2020-03-17 00:35:51   |        13.132 |        18.209 |        12.095 |             4.398 |             1.918 |             4.873 |             0.906
 34854 |    312 | 2020-03-17 00:36:03.5 |       13.1224 |       18.2061 |       11.9515 |            4.3433 |            1.8937 |            4.8204 |            0.8941
 34854 |    313 | 2020-03-17 00:36:16.5 |        13.129 |       18.2069 |       11.2665 |            4.0993 |            1.7817 |            4.5471 |            0.8383
 34854 |    314 | 2020-03-17 00:36:26.5 |       13.1243 |       18.2056 |       11.3028 |             4.112 |            1.7869 |            4.5605 |            0.8434
 34854 |    315 | 2020-03-17 00:36:36   |       13.1271 |       18.2055 |       11.7673 |            4.2798 |            1.8634 |            4.7437 |            0.8804
 34854 |    316 | 2020-03-17 00:36:46   |       13.1313 |       18.2081 |       12.2578 |            4.4585 |            1.9442 |            4.9367 |            0.9184
 34854 |    317 | 2020-03-17 00:36:56   |       13.1228 |       18.2061 |       11.9297 |            4.3373 |            1.8897 |            4.8104 |            0.8924
 34854 |    318 | 2020-03-17 00:37:09   |       13.1184 |       18.2064 |       10.7721 |            3.9166 |            1.7017 |            4.3546 |            0.7993
 34854 |    319 | 2020-03-17 00:37:22   |       13.1335 |         18.21 |       11.4396 |            4.1625 |            1.8114 |            4.6123 |            0.8534
 34854 |    320 | 2020-03-17 00:37:31.5 |       13.1255 |       18.2064 |       11.5536 |            4.2024 |            1.8277 |            4.6606 |            0.8629
 34854 |    321 | 2020-03-17 00:37:41   |       13.1333 |       18.2061 |       12.1589 |            4.4209 |            1.9281 |            4.8981 |            0.9117
 34854 |    322 | 2020-03-17 00:37:51   |       13.1325 |       18.2097 |        12.132 |             4.412 |             1.924 |             4.888 |             0.908
 34854 |    323 | 2020-03-17 00:38:03.5 |       13.1236 |       18.2063 |       12.0356 |            4.3741 |            1.9072 |            4.8531 |            0.9012
 34854 |    324 | 2020-03-17 00:38:18.5 |        13.132 |       18.2096 |       11.4228 |            4.1561 |            1.8093 |            4.6063 |             0.851
 34854 |    325 | 2020-03-17 00:38:31.5 |       13.1084 |       18.2061 |        8.2154 |            2.9897 |            1.2819 |            3.3384 |            0.6055
 34854 |    326 | 2020-03-17 00:38:41.5 |       13.1079 |       18.2059 |         5.746 |            2.1013 |             0.876 |            2.3533 |            0.4154
 34854 |    327 | 2020-03-17 00:38:51   |        13.108 |        18.206 |         4.174 |              1.54 |             0.616 |             1.722 |             0.296
 34854 |    328 | 2020-03-17 00:39:04.5 |       13.1079 |       18.2055 |        2.7462 |            1.0355 |            0.3758 |             1.145 |              0.19
 34854 |    329 | 2020-03-17 00:39:19   |        13.108 |       18.2057 |         1.868 |             0.729 |             0.227 |             0.787 |             0.125
 34854 |    330 | 2020-03-17 00:39:30.5 |       13.1081 |       18.2055 |        1.4623 |            0.5896 |            0.1573 |            0.6195 |            0.0959
 34854 |    331 | 2020-03-17 00:39:42   |        13.108 |       18.2055 |        1.1994 |            0.4992 |            0.1113 |            0.5106 |            0.0784
 34854 |    332 | 2020-03-17 00:39:53.5 |       13.1084 |       18.2057 |        1.0339 |            0.4428 |             0.083 |            0.4497 |            0.0585
 34854 |    333 | 2020-03-17 00:40:07.5 |        13.108 |        18.206 |        0.8966 |             0.401 |            0.0603 |            0.3926 |            0.0426
 34854 |    334 | 2020-03-17 00:40:22   |        13.108 |        18.206 |        0.8199 |            0.3773 |            0.0478 |            0.3615 |            0.0334
 34854 |    335 | 2020-03-17 00:40:33.5 |       13.1079 |       18.2058 |        0.7837 |            0.3662 |            0.0419 |            0.3463 |            0.0293
 34854 |    336 | 2020-03-17 00:40:45   |       13.1082 |       18.2065 |        0.7591 |             0.359 |            0.0375 |             0.336 |            0.0265
 34854 |    337 | 2020-03-17 00:40:57   |        13.108 |        18.206 |        0.7441 |            0.3546 |            0.0344 |              0.33 |            0.0251
 34854 |    338 | 2020-03-17 00:41:11.5 |        13.108 |       18.2057 |        0.7287 |              0.35 |            0.0319 |            0.3239 |            0.0229
 34854 |    339 | 2020-03-17 00:41:25.5 |        13.108 |       18.2061 |        0.7224 |            0.3479 |            0.0309 |            0.3213 |            0.0222
 34854 |    340 | 2020-03-17 00:41:37   |       13.1083 |       18.2057 |        0.7174 |            0.3463 |            0.0305 |            0.3188 |            0.0218
 34854 |    341 | 2020-03-17 00:41:53   |        13.108 |        18.206 |        0.7575 |            0.3595 |             0.036 |            0.3332 |            0.0288
 34854 |    342 | 2020-03-17 00:42:07   |        13.108 |       18.2057 |         0.745 |             0.352 |             0.033 |             0.324 |             0.036
 34854 |    343 | 2020-03-17 00:42:17   |       13.1079 |        18.206 |        0.7391 |            0.3478 |            0.0321 |            0.3215 |            0.0377
 34854 |    344 | 2020-03-17 00:42:28.5 |        13.108 |       18.2053 |        0.7267 |            0.3459 |            0.0311 |            0.3186 |            0.0312
 34854 |    345 | 2020-03-17 00:42:40   |       13.1081 |       18.2059 |        0.7217 |            0.3461 |            0.0301 |            0.3178 |            0.0277
 34854 |    346 | 2020-03-17 00:42:51.5 |       13.1085 |       18.2069 |         0.717 |             0.345 |              0.03 |            0.3171 |            0.0249
 34854 |    347 | 2020-03-17 00:43:05.5 |       13.1083 |       18.2063 |        0.7139 |            0.3445 |             0.029 |            0.3164 |            0.0241
 34854 |    348 | 2020-03-17 00:43:20   |       13.1081 |       18.2055 |        0.7123 |            0.3442 |            0.0291 |            0.3162 |            0.0229
 34854 |    349 | 2020-03-17 00:43:31.5 |       13.1081 |       18.2062 |        0.7533 |            0.3577 |            0.0353 |            0.3307 |            0.0296
 34854 |    350 | 2020-03-17 00:43:43   |        13.108 |       18.2052 |         0.733 |              0.35 |             0.032 |             0.323 |             0.028
 34854 |    351 | 2020-03-17 00:43:55   |       13.1085 |       18.2055 |         0.725 |             0.348 |             0.031 |              0.32 |             0.026
 34854 |    352 | 2020-03-17 00:44:09.5 |        13.108 |       18.2059 |        0.7166 |            0.3452 |              0.03 |            0.3179 |            0.0235
 34854 |    353 | 2020-03-17 00:44:23.5 |        13.108 |       18.2055 |        0.7176 |             0.345 |            0.0299 |            0.3169 |            0.0259
 34854 |    354 | 2020-03-17 00:44:35   |        13.109 |       18.2057 |         0.714 |             0.344 |              0.03 |             0.316 |             0.024
 34854 |    355 | 2020-03-17 00:44:46.5 |       12.9602 |       17.6906 |        0.4548 |             0.228 |             0.014 |            0.2067 |            0.0061
 34854 |    356 | 2020-03-17 00:44:58   |        12.712 |       16.8995 |        0.1651 |            0.0998 |           -0.0037 |             0.082 |           -0.0129
 34854 |    357 | 2020-03-17 00:45:12.5 |       12.3729 |       15.9328 |       -0.0597 |            0.0005 |           -0.0168 |           -0.0153 |           -0.0281
 34854 |    358 | 2020-03-17 00:45:28.5 |       11.9844 |       14.9399 |       -0.1951 |           -0.0592 |           -0.0255 |           -0.0747 |           -0.0357
 34854 |    359 | 2020-03-17 00:45:40   |       11.7072 |       14.5972 |       -0.1144 |           -0.0103 |           -0.0282 |           -0.0368 |            -0.039
 34854 |    360 | 2020-03-17 00:45:49.5 |       11.4711 |        14.381 |       -0.0483 |            0.0247 |             -0.03 |           -0.0023 |           -0.0407
 34854 |    361 | 2020-03-17 00:46:03.5 |       11.1239 |       14.2132 |         0.073 |            0.0899 |            -0.032 |            0.0572 |           -0.0421
 34854 |    362 | 2020-03-17 00:46:18   |       10.8032 |       14.2124 |        0.2003 |            0.1526 |           -0.0331 |            0.1227 |            -0.042
 34854 |    363 | 2020-03-17 00:46:30   |       10.5649 |       14.2124 |        0.2675 |            0.1857 |           -0.0329 |            0.1567 |            -0.042
 34854 |    364 | 2020-03-17 00:46:42   |       10.3495 |       14.2121 |        0.3093 |            0.2065 |            -0.034 |            0.1788 |            -0.042
 34854 |    365 | 2020-03-17 00:46:53.5 |       10.1589 |       14.2126 |        0.3381 |            0.2206 |            -0.034 |            0.1936 |            -0.042
 34854 |    366 | 2020-03-17 00:47:07.5 |        9.9427 |        14.212 |        0.3595 |            0.2303 |            -0.034 |            0.2053 |           -0.0421
 34854 |    367 | 2020-03-17 00:47:21.5 |        9.7381 |       14.2123 |        0.3735 |            0.2365 |            -0.034 |            0.2121 |            -0.041
 34854 |    368 | 2020-03-17 00:47:33   |        9.5786 |       14.2124 |        0.3813 |            0.2404 |            -0.034 |            0.2159 |            -0.041
 34854 |    369 | 2020-03-17 00:47:44.5 |        9.4264 |       14.2122 |        0.3866 |            0.2423 |            -0.034 |            0.2194 |           -0.0411
 34854 |    370 | 2020-03-17 00:47:56.5 |        9.2764 |       14.2119 |        0.3927 |            0.2454 |            -0.034 |            0.2214 |             -0.04
 34854 |    371 | 2020-03-17 00:48:11   |         9.124 |        14.212 |         0.401 |             0.247 |            -0.034 |             0.223 |            -0.035
 34854 |    372 | 2020-03-17 00:48:25   |        9.1053 |       14.2142 |        0.4699 |            0.2638 |           -0.0151 |            0.2395 |           -0.0184
 34854 |    373 | 2020-03-17 00:48:36.5 |        9.0657 |       14.2207 |        0.7531 |            0.3677 |            0.0289 |            0.3504 |            0.0062
 34854 |    374 | 2020-03-17 00:48:50.5 |        9.1061 |       14.2143 |        0.9629 |            0.4413 |            0.0667 |            0.4291 |            0.0257
 34854 |    375 | 2020-03-17 00:49:03.5 |        9.1047 |       14.2125 |        1.0663 |            0.4765 |            0.0839 |            0.4701 |            0.0357
 34854 |    376 | 2020-03-17 00:49:14.5 |        9.1165 |       14.1937 |        2.6184 |            1.0828 |            0.2973 |            1.1038 |            0.1345
 34854 |    377 | 2020-03-17 00:49:26   |        9.1224 |       14.2173 |         5.281 |            2.1029 |            0.6713 |            2.1997 |            0.3072
 34854 |    378 | 2020-03-17 00:49:36   |        9.3405 |       14.4301 |         7.033 |            2.7638 |            0.9228 |            2.9099 |            0.4364
 34854 |    379 | 2020-03-17 00:49:46   |         9.292 |       14.3875 |        7.7198 |            3.0249 |            1.0198 |            3.2053 |            0.4698
 34854 |    380 | 2020-03-17 00:49:56   |        9.5185 |       14.6074 |        8.6766 |            3.3732 |            1.1665 |             3.591 |            0.5459
 34854 |    381 | 2020-03-17 00:50:09   |         9.722 |       14.8133 |        7.9662 |            3.0852 |            1.0738 |            3.3014 |            0.5058
 34854 |    382 | 2020-03-17 00:50:22.5 |        9.9032 |       14.9913 |         8.895 |            3.4253 |            1.2193 |            3.6749 |            0.5755
 34854 |    383 | 2020-03-17 00:50:32.5 |        9.9116 |       14.9976 |        9.5352 |            3.6643 |            1.3188 |            3.9387 |            0.6134
 34854 |    384 | 2020-03-17 00:50:42   |       10.1287 |       15.2181 |        9.6278 |            3.6858 |            1.3404 |            3.9699 |            0.6318
 34854 |    385 | 2020-03-17 00:50:52   |       10.1633 |       15.2509 |        9.9503 |            3.8013 |            1.3939 |            4.1035 |            0.6516
 34854 |    386 | 2020-03-17 00:51:04.5 |       10.3919 |       15.4848 |       10.2352 |            3.8955 |             1.448 |            4.2099 |            0.6817
 34854 |    387 | 2020-03-17 00:51:17.5 |        10.501 |       15.5872 |        9.3202 |            3.5396 |            1.3229 |            3.8393 |            0.6185
 34854 |    388 | 2020-03-17 00:51:28   |       10.7257 |       15.8064 |        10.051 |            3.8028 |            1.4417 |            4.1245 |             0.682
 34854 |    389 | 2020-03-17 00:51:38   |       10.8853 |       15.9695 |       10.4514 |            3.9454 |              1.51 |            4.2783 |            0.7177
 34854 |    390 | 2020-03-17 00:51:48   |       10.9129 |       15.9973 |       10.4878 |             3.951 |            1.5226 |             4.297 |            0.7171
 34854 |    391 | 2020-03-17 00:51:58.5 |       11.1303 |       16.2139 |       10.9344 |             4.106 |            1.5991 |            4.4689 |            0.7605
 34854 |    392 | 2020-03-17 00:52:11.5 |       11.3384 |       16.4181 |        9.3679 |            3.5101 |            1.3707 |            3.8343 |            0.6527
 34854 |    393 | 2020-03-17 00:52:27   |        11.525 |        16.608 |        10.607 |             3.961 |             1.572 |             4.322 |             0.752
 34854 |    394 | 2020-03-17 00:52:39   |       11.6715 |       16.7962 |        11.034 |             4.122 |             1.634 |             4.491 |             0.787
 34854 |    395 | 2020-03-17 00:52:48   |       11.7134 |       16.7962 |       11.0603 |            4.1133 |             1.657 |            4.5015 |            0.7885
 34854 |    396 | 2020-03-17 00:52:57   |       11.9536 |       17.0267 |       11.4839 |            4.2577 |            1.7328 |            4.6597 |            0.8337
 34854 |    397 | 2020-03-17 00:53:08   |       11.9584 |       17.0496 |       10.2663 |            3.8025 |            1.5469 |            4.1806 |            0.7363
 34854 |    398 | 2020-03-17 00:53:20   |       12.1188 |       17.1951 |       10.5591 |            3.9035 |            1.6029 |            4.2892 |            0.7635
 34854 |    399 | 2020-03-17 00:53:29.5 |       12.3411 |       17.4237 |       11.2645 |            4.1561 |            1.7209 |             4.559 |            0.8285
 34854 |    400 | 2020-03-17 00:53:39   |       12.2755 |       17.3927 |        11.323 |             4.186 |             1.726 |             4.591 |              0.82
 34854 |    401 | 2020-03-17 00:53:49   |       12.4989 |       17.5778 |       11.6085 |            4.2668 |            1.7898 |            4.6958 |            0.8561
 34854 |    402 | 2020-03-17 00:53:58.5 |       12.7366 |        17.811 |        12.095 |            4.4344 |            1.8756 |             4.878 |            0.9069
 34854 |    403 | 2020-03-17 00:54:11   |       12.9245 |       18.0035 |        10.343 |             3.784 |             1.603 |              4.18 |             0.776
 34854 |    404 | 2020-03-17 00:54:24   |       12.9717 |       18.0447 |       11.3866 |            4.1591 |            1.7795 |            4.5919 |            0.8561
 34854 |    405 | 2020-03-17 00:54:34   |       13.1294 |       18.2118 |       12.0164 |             4.392 |            1.8806 |            4.8394 |            0.9044
 34854 |    406 | 2020-03-17 00:54:44   |       13.1292 |       18.2076 |       11.8475 |            4.3145 |            1.8661 |            4.7726 |            0.8942
 34854 |    407 | 2020-03-17 00:54:53.5 |       13.1298 |       18.2063 |       12.2129 |            4.4444 |            1.9297 |            4.9183 |            0.9205
 34854 |    408 | 2020-03-17 00:55:06   |       13.1114 |       18.2056 |       11.5023 |            4.1843 |            1.8142 |             4.643 |            0.8608
 34854 |    409 | 2020-03-17 00:55:19   |        13.125 |       18.2057 |         11.03 |             4.013 |             1.741 |             4.453 |             0.823
 34854 |    410 | 2020-03-17 00:55:29   |       13.1274 |       18.2063 |       11.6237 |            4.2289 |            1.8385 |            4.6866 |            0.8697
 34854 |    411 | 2020-03-17 00:55:39   |       13.0925 |       18.1897 |        11.868 |             4.332 |             1.868 |             4.788 |              0.88
 34854 |    412 | 2020-03-17 00:55:53.5 |       13.1302 |       18.2051 |       12.2373 |            4.4485 |            1.9408 |            4.9304 |            0.9177
 34854 |    413 | 2020-03-17 00:56:07   |        13.108 |       18.2062 |        11.364 |             4.132 |             1.795 |              4.59 |             0.847
 34854 |    414 | 2020-03-17 00:56:15   |        13.125 |       18.2065 |        10.778 |             3.919 |             1.703 |             4.355 |             0.801
 34854 |    415 | 2020-03-17 00:56:24   |       13.1294 |       18.2063 |       11.4409 |            4.1619 |            1.8108 |            4.6145 |            0.8537
 34854 |    416 | 2020-03-17 00:56:34   |       13.1372 |         18.21 |       11.8313 |            4.3021 |            1.8767 |            4.7674 |            0.8851
 34854 |    417 | 2020-03-17 00:56:44   |       13.1297 |       18.2065 |       11.8674 |            4.3138 |             1.881 |            4.7839 |            0.8888
 34854 |    418 | 2020-03-17 00:56:54   |       13.1315 |       18.2057 |       12.2502 |            4.4528 |            1.9435 |            4.9351 |            0.9188
 34854 |    419 | 2020-03-17 00:57:07   |       13.1085 |        18.206 |        11.367 |             4.132 |             1.796 |             4.591 |             0.848
 34854 |    420 | 2020-03-17 00:57:19.5 |       13.1286 |       18.2061 |       11.1926 |            4.0702 |            1.7708 |            4.5173 |            0.8343
 34854 |    421 | 2020-03-17 00:57:29   |       13.1307 |       18.2133 |       11.7292 |            4.2648 |            1.8583 |            4.7287 |            0.8775
 34854 |    422 | 2020-03-17 00:57:39   |       13.1235 |       18.2062 |        11.663 |             4.241 |             1.846 |             4.704 |             0.872
 34854 |    423 | 2020-03-17 00:57:49   |       13.1285 |       18.2062 |       12.0594 |            4.3836 |            1.9115 |            4.8612 |             0.903
 34854 |    424 | 2020-03-17 00:57:59.5 |       13.1338 |       18.2095 |       12.4322 |             4.519 |            1.9732 |            5.0077 |            0.9323
 34854 |    425 | 2020-03-17 00:58:12.5 |       13.1287 |       18.2062 |        10.477 |            3.8087 |            1.6555 |             4.237 |            0.7758
 34854 |    426 | 2020-03-17 00:58:24.5 |       13.1362 |       18.2043 |       11.5121 |            4.1844 |            1.8238 |            4.6435 |            0.8603
 34854 |    427 | 2020-03-17 00:58:34   |       13.1177 |       18.2121 |       11.8527 |            4.3154 |            1.8761 |            4.7775 |            0.8837
 34854 |    428 | 2020-03-17 00:58:44   |       13.1268 |       18.2067 |       11.8793 |            4.3189 |             1.882 |            4.7895 |            0.8889
 34854 |    429 | 2020-03-17 00:58:54   |         13.13 |       18.2065 |       12.2689 |            4.4603 |            1.9458 |            4.9434 |            0.9195
 34854 |    430 | 2020-03-17 00:59:07   |       13.1272 |       18.2064 |       11.5129 |            4.1793 |             1.826 |            4.6467 |             0.861
 34854 |    431 | 2020-03-17 00:59:23.5 |       13.1005 |       18.1988 |       11.2235 |            4.0888 |              1.77 |            4.5316 |            0.8331
 34854 |    432 | 2020-03-17 00:59:36.5 |       13.1282 |       18.2063 |       11.8194 |             4.298 |            1.8721 |            4.7652 |             0.884
 34854 |    433 | 2020-03-17 00:59:45   |       13.0945 |       18.1957 |        12.164 |             4.438 |             1.917 |             4.906 |             0.903
 34854 |    434 | 2020-03-17 00:59:53   |       13.1245 |        18.207 |        11.939 |              4.34 |             1.892 |             4.814 |             0.893
 34854 |    435 | 2020-03-17 01:00:02   |       13.1295 |       18.2059 |       12.3017 |            4.4698 |            1.9521 |            4.9577 |            0.9222
 34854 |    436 | 2020-03-17 01:00:13.5 |       13.1346 |       18.2088 |       11.0706 |            4.0256 |            1.7524 |            4.4684 |            0.8242
 34854 |    437 | 2020-03-17 01:00:25   |       13.1245 |        18.206 |        11.253 |             4.093 |              1.78 |             4.541 |             0.839
 34854 |    438 | 2020-03-17 01:00:34.5 |       13.1274 |       18.2055 |       11.7563 |            4.2749 |            1.8622 |            4.7402 |            0.8791
 34854 |    439 | 2020-03-17 01:00:44   |       13.0975 |       18.1959 |       12.1048 |            4.4126 |            1.9098 |            4.8813 |            0.9011
 34854 |    440 | 2020-03-17 01:00:54   |       13.1239 |       18.2052 |       11.9639 |            4.3488 |            1.8965 |            4.8226 |             0.896
 34854 |    441 | 2020-03-17 01:01:07   |       13.1179 |       18.2056 |       11.4725 |            4.1699 |            1.8156 |            4.6313 |            0.8557
 34854 |    442 | 2020-03-17 01:01:19.5 |       13.0905 |       18.1957 |       11.1327 |            4.0576 |            1.7532 |             4.496 |            0.8259
 34854 |    443 | 2020-03-17 01:01:29   |        13.127 |       18.2067 |        11.525 |             4.191 |             1.824 |             4.649 |             0.861
 34854 |    444 | 2020-03-17 01:01:39   |       13.1293 |       18.2059 |       12.0258 |            4.3728 |            1.9059 |            4.8463 |            0.9008
 34854 |    445 | 2020-03-17 01:01:49   |       13.0665 |       18.2027 |        11.889 |             4.336 |              1.87 |               4.8 |             0.883
 34854 |    446 | 2020-03-17 01:01:59   |       13.1253 |        18.206 |       12.1169 |            4.4038 |            1.9213 |            4.8846 |            0.9072
 34854 |    447 | 2020-03-17 01:02:12   |       13.1264 |       18.2075 |       10.8234 |            3.9356 |            1.7113 |            4.3726 |            0.8039
 34854 |    448 | 2020-03-17 01:02:24.5 |       13.1246 |       18.2044 |       11.2438 |            4.0897 |            1.7781 |            4.5378 |            0.8382
 34854 |    449 | 2020-03-17 01:02:34   |        13.131 |       18.2047 |       11.8156 |            4.2966 |            1.8719 |            4.7631 |             0.884
 34854 |    450 | 2020-03-17 01:02:44.5 |       13.1395 |       18.2086 |       12.0287 |            4.3735 |            1.9077 |            4.8468 |            0.9007
 34854 |    451 | 2020-03-17 01:03:01   |       13.1295 |       18.2035 |        12.254 |             4.452 |             1.944 |             4.939 |             0.919
 34854 |    452 | 2020-03-17 01:03:16   |       13.1356 |       18.2103 |       11.1124 |            4.0418 |            1.7593 |            4.4852 |            0.8262
 34854 |    453 | 2020-03-17 01:03:24.5 |       13.1255 |       18.2066 |       11.2651 |            4.0975 |            1.7814 |            4.5463 |            0.8398
 34854 |    454 | 2020-03-17 01:03:33   |       13.1305 |       18.2045 |         11.79 |             4.287 |             1.868 |             4.753 |             0.882
 34854 |    455 | 2020-03-17 01:03:41.5 |       13.1338 |       18.2102 |       12.1527 |            4.4196 |            1.9279 |            4.8949 |            0.9103
 34854 |    456 | 2020-03-17 01:03:50   |       13.1229 |       18.1873 |       11.8637 |            4.3172 |            1.8761 |            4.7843 |            0.8862
 34854 |    457 | 2020-03-17 01:03:59   |       13.1265 |       18.2041 |       12.0869 |            4.3925 |            1.9162 |            4.8727 |            0.9054
 34854 |    458 | 2020-03-17 01:04:12   |       13.1267 |       18.2067 |       10.8108 |            3.9305 |            1.7097 |            4.3679 |            0.8027
 34854 |    459 | 2020-03-17 01:04:24.5 |       13.1252 |       18.2061 |       11.2453 |            4.0895 |            1.7785 |            4.5383 |             0.839
 34854 |    460 | 2020-03-17 01:04:34.5 |        13.135 |        18.206 |       11.8589 |            4.3112 |            1.8802 |            4.7794 |            0.8882
 34854 |    461 | 2020-03-17 01:04:44   |       13.1138 |        18.211 |       12.1352 |             4.428 |              1.91 |            4.8964 |            0.9008
 34854 |    462 | 2020-03-17 01:04:54   |       13.1273 |       18.2068 |       12.0813 |            4.3907 |            1.9156 |            4.8706 |            0.9044
 34854 |    463 | 2020-03-17 01:05:07   |       13.1173 |       18.2047 |       11.5131 |            4.1842 |            1.8218 |            4.6477 |            0.8594
 34854 |    464 | 2020-03-17 01:05:20   |       13.1189 |       18.2046 |       11.0081 |            4.0072 |            1.7367 |            4.4468 |            0.8175
 34854 |    465 | 2020-03-17 01:05:30   |        13.129 |       18.2058 |       11.6368 |            4.2312 |             1.843 |            4.6921 |            0.8704
 34854 |    466 | 2020-03-17 01:05:40   |       13.1327 |       18.2087 |       12.0989 |            4.3997 |            1.9185 |            4.8748 |             0.906
 34854 |    467 | 2020-03-17 01:05:49.5 |       13.1243 |       18.2063 |       11.8747 |            4.3171 |            1.8804 |            4.7885 |            0.8887
 34854 |    468 | 2020-03-17 01:05:59   |       13.1292 |       18.2059 |        12.208 |            4.4364 |            1.9365 |            4.9204 |            0.9146
 34854 |    469 | 2020-03-17 01:06:12   |       13.1333 |       18.2094 |       10.6653 |            3.8759 |            1.6872 |            4.3106 |            0.7916
 34854 |    470 | 2020-03-17 01:06:27   |       13.1266 |       18.2058 |       11.4864 |            4.1776 |            1.8176 |            4.6334 |            0.8578
 34854 |    471 | 2020-03-17 01:06:38   |       13.1285 |       18.2099 |       11.9865 |            4.3616 |            1.8973 |            4.8325 |            0.8952
 34854 |    472 | 2020-03-17 01:06:46.5 |       13.1239 |       18.1977 |       11.7521 |            4.2751 |            1.8609 |            4.7365 |            0.8795
 34854 |    473 | 2020-03-17 01:06:55   |       13.1284 |       18.2059 |       12.1304 |            4.4091 |            1.9233 |            4.8893 |            0.9087
 34854 |    474 | 2020-03-17 01:07:07   |        13.113 |       18.2058 |        11.556 |             4.201 |             1.828 |             4.665 |             0.862
 34854 |    475 | 2020-03-17 01:07:20   |       13.1288 |       18.2052 |       11.1865 |            4.0682 |            1.7699 |            4.5149 |            0.8335
 34854 |    476 | 2020-03-17 01:07:30   |       13.1305 |       18.2073 |       11.4722 |            4.1707 |             1.817 |             4.627 |            0.8575
 34854 |    477 | 2020-03-17 01:07:40   |       13.1295 |       18.2075 |       11.8277 |            4.3013 |            1.8737 |            4.7685 |            0.8842
 34854 |    478 | 2020-03-17 01:07:50   |       13.1291 |       18.2075 |       12.1049 |            4.4005 |            1.9194 |            4.8783 |            0.9066
 34854 |    479 | 2020-03-17 01:08:00   |       13.1242 |       18.2151 |       11.9518 |            4.3453 |            1.8937 |            4.8189 |             0.894
 34854 |    480 | 2020-03-17 01:08:12.5 |       13.1325 |        18.206 |       10.6219 |            3.8606 |            1.6807 |            4.2933 |            0.7874
 34854 |    481 | 2020-03-17 01:08:25   |        13.128 |       18.2063 |        11.401 |             4.146 |             1.804 |               4.6 |             0.851
 34854 |    482 | 2020-03-17 01:08:35   |       13.1328 |       18.2088 |       11.9843 |             4.358 |            1.8996 |            4.8293 |            0.8975
 34854 |    483 | 2020-03-17 01:08:45   |        13.124 |       18.2052 |        11.783 |             4.284 |             1.866 |             4.752 |             0.881
 34854 |    484 | 2020-03-17 01:08:55   |       13.1294 |       18.2048 |       12.1794 |            4.4265 |            1.9316 |            4.9085 |            0.9128
 34854 |    485 | 2020-03-17 01:09:07.5 |       13.1139 |       18.2063 |       11.3461 |            4.1241 |             1.794 |            4.5824 |            0.8456
 34854 |    486 | 2020-03-17 01:09:20.5 |       13.1239 |       18.2066 |       11.0192 |            4.0082 |            1.7422 |             4.449 |            0.8198
 34854 |    487 | 2020-03-17 01:09:30.5 |       13.1301 |       18.2061 |       11.7495 |            4.2727 |             1.862 |            4.7359 |             0.879
 34854 |    488 | 2020-03-17 01:09:40.5 |       13.0751 |       18.2174 |       11.9567 |            4.3594 |            1.8852 |            4.8258 |            0.8863
 34854 |    489 | 2020-03-17 01:09:54.5 |       13.1291 |       18.2056 |       12.1577 |            4.4192 |            1.9283 |            4.8994 |            0.9108
 34854 |    490 | 2020-03-17 01:10:06.5 |       13.1279 |       18.2039 |       12.0921 |            4.3931 |            1.9179 |            4.8755 |            0.9056
 34854 |    491 | 2020-03-17 01:10:15   |       13.1001 |       18.2133 |       11.1392 |            4.0575 |            1.7578 |            4.5006 |            0.8233
 34854 |    492 | 2020-03-17 01:10:25   |        13.127 |       18.2058 |        11.353 |             4.129 |             1.797 |              4.58 |             0.847
 34854 |    493 | 2020-03-17 01:10:35   |        13.133 |       18.2108 |       11.9813 |            4.3614 |            1.8959 |            4.8305 |            0.8934
 34854 |    494 | 2020-03-17 01:10:45   |       13.1325 |       18.2107 |        12.037 |             4.378 |             1.909 |              4.85 |               0.9
 34854 |    495 | 2020-03-17 01:10:54.5 |       13.1299 |       18.2066 |       12.2047 |            4.4363 |            1.9357 |            4.9182 |            0.9144
 34854 |    496 | 2020-03-17 01:11:07   |       13.1007 |       18.2101 |       11.6608 |            4.2448 |            1.8402 |            4.7099 |            0.8659
(497 rows)

