  run  | subrun |         time          | step1_voltage | step2_voltage | total_current | pos_2step_current | pos_1step_current | neg_2step_current | neg_1step_current 
-------+--------+-----------------------+---------------+---------------+---------------+-------------------+-------------------+-------------------+-------------------
 34873 |      0 | 2020-03-17 18:18:31   |       13.1333 |       18.2096 |       13.3175 |            4.8335 |            2.1217 |            5.3647 |            0.9976
 34873 |      1 | 2020-03-17 18:18:42.5 |       13.1331 |       18.2095 |       13.3045 |            4.8284 |            2.1191 |            5.3602 |            0.9968
 34873 |      2 | 2020-03-17 18:18:56   |       13.1327 |       18.2089 |       13.2893 |            4.8217 |            2.1172 |            5.3543 |            0.9961
 34873 |      3 | 2020-03-17 18:19:10.5 |       13.1316 |        18.207 |       13.2199 |            4.7965 |             2.105 |            5.3276 |            0.9907
 34873 |      4 | 2020-03-17 18:19:23   |       13.1302 |       18.2063 |       13.1438 |            4.7691 |            2.0928 |            5.2976 |            0.9842
 34873 |      5 | 2020-03-17 18:19:34.5 |       13.1314 |       18.2066 |       13.2444 |            4.8051 |            2.1093 |            5.3372 |            0.9928
 34873 |      6 | 2020-03-17 18:19:45   |        13.129 |       18.2065 |         12.67 |             4.597 |             2.015 |              5.11 |             0.948
 34873 |      7 | 2020-03-17 18:19:57   |       13.1344 |       18.2102 |       13.1025 |            4.7577 |            2.0861 |            5.2786 |            0.9801
 34873 |      8 | 2020-03-17 18:20:09.5 |       13.0758 |       18.1905 |       11.2138 |            4.0888 |            1.7655 |            4.5356 |             0.824
 34873 |      9 | 2020-03-17 18:20:21   |       13.1288 |       18.2044 |       11.7089 |            4.2554 |            1.8564 |            4.7241 |            0.8731
(10 rows)

