  run  | subrun |         time          | step1_voltage | step2_voltage | total_current | pos_2step_current | pos_1step_current | neg_2step_current | neg_1step_current 
-------+--------+-----------------------+---------------+---------------+---------------+-------------------+-------------------+-------------------+-------------------
 34884 |      0 | 2020-03-18 03:50:49.5 |       13.1008 |       18.2107 |       10.8631 |             3.956 |             1.712 |            4.3939 |            0.8013
 34884 |      1 | 2020-03-18 03:51:02   |        13.128 |       18.2058 |       11.0542 |            4.0204 |            1.7476 |            4.4632 |             0.823
 34884 |      2 | 2020-03-18 03:51:12   |        13.131 |        18.204 |       11.7009 |            4.2538 |             1.854 |             4.718 |            0.8751
 34884 |      3 | 2020-03-18 03:51:22   |        13.131 |       18.2109 |       12.0146 |             4.374 |            1.9021 |            4.8421 |            0.8964
 34884 |      4 | 2020-03-18 03:51:31.5 |       13.1265 |       18.2064 |       11.9647 |            4.3489 |            1.8967 |            4.8239 |            0.8952
 34884 |      5 | 2020-03-18 03:51:41   |       13.1328 |       18.2072 |       12.3277 |            4.4803 |            1.9565 |            4.9668 |            0.9241
 34884 |      6 | 2020-03-18 03:51:54.5 |       13.1235 |       18.2067 |       10.5792 |            3.8467 |             1.671 |            4.2778 |            0.7837
 34884 |      7 | 2020-03-18 03:52:07.5 |       13.1293 |       18.2065 |       11.5164 |            4.1881 |            1.8229 |            4.6451 |            0.8604
 34884 |      8 | 2020-03-18 03:52:17   |       13.1063 |       18.2128 |       11.9474 |            4.3517 |            1.8883 |            4.8179 |            0.8894
 34884 |      9 | 2020-03-18 03:52:27   |        13.127 |       18.2065 |        11.914 |             4.331 |             1.888 |             4.803 |             0.892
 34884 |     10 | 2020-03-18 03:52:37   |        13.132 |       18.2068 |       12.2814 |             4.464 |            1.9484 |            4.9485 |            0.9205
 34884 |     11 | 2020-03-18 03:52:49.5 |       13.1102 |       18.2067 |       10.8011 |            3.9276 |            1.7048 |            4.3677 |             0.801
 34884 |     12 | 2020-03-18 03:53:04   |       13.1287 |       18.2062 |       11.3166 |            4.1156 |            1.7902 |             4.567 |            0.8438
 34884 |     13 | 2020-03-18 03:53:15.5 |       13.1316 |       18.2085 |       11.6894 |            4.2522 |            1.8518 |            4.7118 |            0.8735
 34884 |     14 | 2020-03-18 03:53:24   |       13.1252 |       18.2064 |       11.7607 |             4.277 |            1.8622 |            4.7426 |            0.8789
 34884 |     15 | 2020-03-18 03:53:32.5 |       13.1308 |       18.2065 |       12.1446 |            4.4145 |            1.9258 |            4.8943 |              0.91
 34884 |     16 | 2020-03-18 03:53:41.5 |       13.1338 |       18.1899 |       12.2365 |            4.4515 |            1.9408 |            4.9281 |            0.9161
 34884 |     17 | 2020-03-18 03:53:55   |       13.1255 |       18.2062 |        10.671 |             3.881 |             1.686 |             4.313 |             0.791
 34884 |     18 | 2020-03-18 03:54:08   |       13.1215 |       18.2088 |       11.6463 |            4.2382 |            1.8424 |            4.6972 |            0.8685
 34884 |     19 | 2020-03-18 03:54:17   |       13.1335 |       18.2073 |       11.6338 |            4.2305 |            1.8429 |            4.6899 |            0.8705
 34884 |     20 | 2020-03-18 03:54:27   |       13.1285 |       18.2067 |         11.96 |             4.349 |             1.895 |             4.821 |             0.895
 34884 |     21 | 2020-03-18 03:54:37   |         13.11 |       18.1991 |       12.3542 |            4.4995 |            1.9539 |             4.979 |            0.9216
 34884 |     22 | 2020-03-18 03:54:49.5 |       13.1113 |       18.2058 |       10.9269 |            3.9719 |            1.7258 |            4.4173 |            0.8118
 34884 |     23 | 2020-03-18 03:55:02.5 |       13.1284 |       18.2058 |       11.2273 |            4.0835 |            1.7759 |             4.531 |            0.8369
 34884 |     24 | 2020-03-18 03:55:12   |        13.136 |       18.2092 |       11.8553 |            4.3116 |              1.88 |            4.7768 |            0.8869
 34884 |     25 | 2020-03-18 03:55:22   |        13.119 |       18.2047 |       11.8431 |             4.312 |            1.8728 |            4.7753 |            0.8831
 34884 |     26 | 2020-03-18 03:55:32   |       13.1322 |       18.2053 |       12.1881 |            4.4304 |            1.9333 |             4.911 |            0.9133
 34884 |     27 | 2020-03-18 03:55:42   |       13.1338 |       18.2103 |       12.2504 |            4.4536 |            1.9445 |            4.9347 |            0.9176
 34884 |     28 | 2020-03-18 03:55:55   |       13.1295 |       18.2067 |        10.819 |             3.933 |             1.711 |             4.371 |             0.804
 34884 |     29 | 2020-03-18 03:56:08   |       13.1333 |       18.2089 |       11.6574 |            4.2395 |             1.847 |            4.6995 |            0.8714
 34884 |     30 | 2020-03-18 03:56:18   |       13.1195 |       18.2038 |       11.6397 |            4.2372 |            1.8392 |            4.6954 |            0.8678
 34884 |     31 | 2020-03-18 03:56:28   |       13.1291 |        18.206 |       12.0268 |            4.3724 |            1.9064 |            4.8474 |            0.9006
 34884 |     32 | 2020-03-18 03:56:37.5 |       13.1239 |       18.2144 |       12.3174 |            4.4865 |            1.9456 |            4.9661 |            0.9192
 34884 |     33 | 2020-03-18 03:56:50   |       13.1108 |       18.2063 |       10.6785 |            3.8818 |            1.6854 |            4.3189 |            0.7924
 34884 |     34 | 2020-03-18 03:57:03   |        13.131 |       18.2055 |        11.382 |              4.14 |             1.802 |             4.591 |             0.849
 34884 |     35 | 2020-03-18 03:57:12.5 |       13.1309 |       18.2108 |       11.5435 |            4.2013 |            1.8275 |             4.652 |            0.8627
 34884 |     36 | 2020-03-18 03:57:22   |       13.1285 |       18.2073 |       11.8326 |            4.3028 |            1.8749 |            4.7703 |            0.8846
 34884 |     37 | 2020-03-18 03:57:34   |       13.0566 |       18.1928 |       12.1631 |            4.4328 |            1.9176 |            4.9069 |            0.9057
 34884 |     38 | 2020-03-18 03:57:45   |        13.126 |       18.2047 |        12.237 |            4.4469 |            1.9413 |            4.9314 |            0.9175
 34884 |     39 | 2020-03-18 03:57:56.5 |       13.1319 |       18.2045 |       11.0454 |            4.0166 |            1.7479 |            4.4596 |            0.8212
 34884 |     40 | 2020-03-18 03:58:10   |       13.1219 |        18.206 |       11.6287 |            4.2348 |            1.8389 |            4.6889 |            0.8662
 34884 |     41 | 2020-03-18 03:58:20.5 |       13.1303 |       18.2068 |       11.8808 |              4.32 |            1.8828 |            4.7889 |            0.8891
 34884 |     42 | 2020-03-18 03:58:29.5 |       13.1329 |       18.2088 |       12.2489 |            4.4537 |            1.9435 |             4.934 |            0.9177
 34884 |     43 | 2020-03-18 03:58:38   |       13.1264 |        18.207 |       11.9627 |            4.3482 |            1.8959 |            4.8233 |            0.8953
 34884 |     44 | 2020-03-18 03:58:50   |       13.1115 |       18.2064 |       10.7981 |            3.9261 |            1.7043 |            4.3664 |            0.8013
 34884 |     45 | 2020-03-18 03:59:03   |        13.104 |       18.2132 |        11.495 |             4.191 |             1.811 |             4.643 |              0.85
 34884 |     46 | 2020-03-18 03:59:13   |       13.1221 |       18.2093 |       11.3956 |             4.148 |            1.8005 |            4.5978 |            0.8493
 34884 |     47 | 2020-03-18 03:59:23   |       13.1305 |       18.2045 |        11.975 |             4.354 |             1.898 |             4.827 |             0.896
 34884 |     48 | 2020-03-18 03:59:33   |       13.1165 |       18.2123 |       12.2636 |            4.4634 |            1.9429 |             4.943 |            0.9143
 34884 |     49 | 2020-03-18 03:59:43   |        13.126 |        18.207 |        12.054 |             4.381 |             1.911 |              4.86 |             0.902
 34884 |     50 | 2020-03-18 03:59:55.5 |        13.133 |       18.2058 |       10.9807 |            3.9927 |            1.7374 |            4.4349 |            0.8158
 34884 |     51 | 2020-03-18 04:00:08   |       13.1242 |       18.2067 |       11.6164 |            4.2292 |            1.8368 |            4.6848 |            0.8656
 34884 |     52 | 2020-03-18 04:00:18   |       13.1273 |       18.2027 |       11.6524 |            4.2384 |            1.8436 |            4.6997 |            0.8707
 34884 |     53 | 2020-03-18 04:00:28   |       13.1332 |       18.2075 |       12.1942 |            4.4331 |            1.9357 |            4.9118 |            0.9136
 34884 |     54 | 2020-03-18 04:00:38   |       13.1254 |        18.209 |       11.9704 |            4.3556 |            1.8939 |            4.8279 |             0.893
 34884 |     55 | 2020-03-18 04:00:50.5 |       13.1091 |       18.2067 |       10.6663 |            3.8784 |            1.6826 |            4.3143 |            0.7909
 34884 |     56 | 2020-03-18 04:01:05.5 |       13.1347 |       18.2102 |       11.4955 |            4.1828 |            1.8208 |            4.6345 |            0.8574
 34884 |     57 | 2020-03-18 04:01:16   |       13.1265 |       18.2057 |       11.6015 |            4.2194 |            1.8361 |            4.6794 |            0.8666
 34884 |     58 | 2020-03-18 04:01:24   |       13.1311 |       18.2059 |       12.0321 |             4.374 |            1.9081 |            4.8485 |            0.9015
 34884 |     59 | 2020-03-18 04:01:33   |       13.0832 |       18.1984 |       12.0636 |            4.4043 |            1.8968 |            4.8682 |            0.8944
 34884 |     60 | 2020-03-18 04:01:45   |       13.1286 |       18.2057 |       12.3398 |            4.4837 |            1.9582 |             4.973 |            0.9249
 34884 |     61 | 2020-03-18 04:01:58   |       13.1289 |       18.2096 |       11.2654 |            4.0982 |            1.7829 |            4.5458 |            0.8384
 34884 |     62 | 2020-03-18 04:02:08.5 |       13.0967 |       18.1994 |       11.5761 |             4.215 |            1.8286 |            4.6699 |            0.8625
 34884 |     63 | 2020-03-18 04:02:18   |        13.133 |       18.2085 |       11.8939 |            4.3256 |            1.8856 |            4.7934 |            0.8893
 34884 |     64 | 2020-03-18 04:02:28.5 |         13.13 |       18.2067 |        12.068 |            4.3874 |            1.9131 |            4.8637 |            0.9039
 34884 |     65 | 2020-03-18 04:02:38.5 |       13.1262 |       18.2058 |        12.022 |            4.3685 |            1.9061 |            4.8473 |            0.9001
 34884 |     66 | 2020-03-18 04:02:51   |        13.109 |       18.2065 |        10.569 |             3.843 |             1.667 |             4.276 |             0.783
 34884 |     67 | 2020-03-18 04:03:05.5 |       13.1336 |       18.2097 |        11.199 |            4.0715 |            1.7736 |            4.5189 |             0.835
 34884 |     68 | 2020-03-18 04:03:16.5 |       13.1288 |       18.2061 |       11.7376 |            4.2681 |             1.859 |            4.7327 |            0.8778
 34884 |     69 | 2020-03-18 04:03:25   |       13.1333 |       18.2081 |       12.1401 |            4.4145 |            1.9254 |             4.891 |            0.9092
 34884 |     70 | 2020-03-18 04:03:33.5 |       13.1274 |       18.2074 |       11.9539 |            4.3463 |            1.8948 |            4.8191 |            0.8936
 34884 |     71 | 2020-03-18 04:03:43   |       13.1285 |       18.2062 |        12.168 |             4.422 |              1.93 |             4.905 |             0.911
 34884 |     72 | 2020-03-18 04:03:56   |       13.1361 |       18.2094 |       11.0707 |            4.0252 |            1.7524 |            4.4699 |            0.8231
 34884 |     73 | 2020-03-18 04:04:09   |       13.1257 |       18.2098 |       11.4717 |            4.1751 |            1.8139 |            4.6289 |            0.8538
 34884 |     74 | 2020-03-18 04:04:18.5 |       13.1304 |       18.2059 |       11.8976 |            4.3263 |            1.8857 |            4.7952 |            0.8903
 34884 |     75 | 2020-03-18 04:04:32   |       13.1305 |       18.2064 |       11.8128 |            4.2941 |            1.8719 |            4.7628 |             0.884
 34884 |     76 | 2020-03-18 04:04:44   |       13.1313 |       18.2068 |       12.3257 |            4.4792 |            1.9559 |            4.9671 |            0.9233
 34884 |     77 | 2020-03-18 04:04:53.5 |       13.1238 |       18.2089 |       10.7323 |            3.9026 |            1.6962 |            4.3372 |            0.7964
 34884 |     78 | 2020-03-18 04:05:04   |       13.1338 |       18.2104 |       11.3368 |            4.1244 |            1.7941 |            4.5733 |             0.845
 34884 |     79 | 2020-03-18 04:05:13.5 |       13.1273 |       18.2067 |       11.5811 |            4.2119 |            1.8333 |            4.6708 |            0.8652
 34884 |     80 | 2020-03-18 04:05:23.5 |       13.1334 |       18.2092 |       12.1259 |            4.4113 |            1.9219 |             4.885 |            0.9076
 34884 |     81 | 2020-03-18 04:05:33   |       13.1232 |        18.206 |       11.7964 |            4.2867 |            1.8698 |            4.7572 |            0.8829
 34884 |     82 | 2020-03-18 04:05:43   |       13.1295 |        18.207 |          12.2 |             4.433 |             1.935 |             4.918 |             0.914
 34884 |     83 | 2020-03-18 04:05:56   |        13.135 |       18.2074 |       11.0159 |             4.005 |             1.744 |            4.4477 |            0.8193
 34884 |     84 | 2020-03-18 04:06:08.5 |        13.129 |       18.2065 |       11.4807 |            4.1747 |            1.8172 |            4.6309 |             0.858
 34884 |     85 | 2020-03-18 04:06:18.5 |       13.1307 |       18.2053 |       11.8678 |            4.3156 |            1.8809 |            4.7837 |            0.8877
 34884 |     86 | 2020-03-18 04:06:28   |        13.131 |       18.2081 |       11.9167 |             4.333 |            1.8889 |            4.8031 |            0.8918
 34884 |     87 | 2020-03-18 04:06:38   |       13.1285 |        18.207 |       12.0969 |            4.3969 |            1.9181 |            4.8765 |            0.9054
 34884 |     88 | 2020-03-18 04:06:51   |        13.109 |        18.207 |        10.667 |             3.878 |             1.683 |             4.315 |             0.791
 34884 |     89 | 2020-03-18 04:07:04   |       13.1073 |       18.2004 |       11.1919 |            4.0838 |            1.7597 |            4.5213 |             0.827
 34884 |     90 | 2020-03-18 04:07:14   |       13.1296 |       18.2041 |       11.6936 |             4.252 |            1.8522 |            4.7154 |             0.874
 34884 |     91 | 2020-03-18 04:07:23.5 |       13.1396 |       18.2098 |       12.1581 |            4.4229 |            1.9287 |            4.8977 |            0.9088
 34884 |     92 | 2020-03-18 04:07:33.5 |       13.1245 |       18.2059 |       11.8915 |             4.322 |            1.8839 |             4.796 |            0.8895
 34884 |     93 | 2020-03-18 04:07:44.5 |       13.1335 |       18.2047 |       12.4366 |            4.5183 |            1.9748 |             5.011 |            0.9325
 34884 |     94 | 2020-03-18 04:08:02.5 |       13.1249 |       18.2074 |       11.0277 |              4.01 |            1.7435 |            4.4535 |            0.8207
 34884 |     95 | 2020-03-18 04:08:17.5 |       13.1326 |       18.2077 |       11.9744 |            4.3544 |            1.8983 |            4.8251 |            0.8966
 34884 |     96 | 2020-03-18 04:08:26   |       13.1256 |       18.2097 |       11.7717 |            4.2847 |            1.8614 |            4.7467 |            0.8789
 34884 |     97 | 2020-03-18 04:08:34.5 |       13.1283 |        18.206 |       12.0429 |            4.3767 |            1.9093 |            4.8552 |            0.9017
 34884 |     98 | 2020-03-18 04:08:42.5 |       13.1311 |       18.2056 |       12.2608 |            4.4557 |            1.9452 |             4.941 |            0.9188
 34884 |     99 | 2020-03-18 04:08:52.5 |       13.1186 |       18.2098 |       10.6483 |            3.8721 |            1.6803 |            4.3078 |             0.788
 34884 |    100 | 2020-03-18 04:09:04   |       13.1326 |       18.2078 |       11.1438 |            4.0512 |            1.7641 |            4.4976 |            0.8308
 34884 |    101 | 2020-03-18 04:09:14   |       13.1303 |       18.2047 |       11.7084 |            4.2566 |            1.8549 |            4.7211 |            0.8757
 34884 |    102 | 2020-03-18 04:09:24   |        13.131 |        18.209 |       11.8504 |            4.3095 |            1.8778 |            4.7768 |            0.8864
 34884 |    103 | 2020-03-18 04:09:33.5 |       13.1277 |       18.2068 |        12.009 |            4.3647 |            1.9038 |            4.8414 |            0.8992
 34884 |    104 | 2020-03-18 04:09:43   |       13.1325 |       18.2077 |        12.354 |              4.49 |             1.961 |             4.977 |             0.926
 34884 |    105 | 2020-03-18 04:09:56   |       13.1367 |       18.2103 |       10.8117 |            3.9303 |            1.7112 |            4.3675 |            0.8028
 34884 |    106 | 2020-03-18 04:10:09   |       13.1065 |       18.1968 |       11.4433 |            4.1712 |             1.804 |            4.6194 |            0.8487
 34884 |    107 | 2020-03-18 04:10:19   |        13.133 |        18.208 |        11.989 |             4.359 |             1.901 |             4.831 |             0.898
 34884 |    108 | 2020-03-18 04:10:29   |       13.1234 |       18.2065 |       11.7679 |            4.2781 |            1.8635 |            4.7465 |            0.8798
 34884 |    109 | 2020-03-18 04:10:38.5 |       13.1299 |       18.2038 |       12.1926 |            4.4306 |            1.9339 |             4.914 |             0.914
 34884 |    110 | 2020-03-18 04:10:51   |       13.1085 |       18.2065 |        10.723 |             3.898 |             1.692 |             4.338 |             0.795
 34884 |    111 | 2020-03-18 04:11:04   |       13.1269 |       18.2055 |       11.1435 |            4.0522 |            1.7632 |            4.4975 |            0.8307
 34884 |    112 | 2020-03-18 04:11:14   |       13.1302 |       18.2083 |       11.7195 |             4.263 |            1.8565 |            4.7247 |            0.8753
 34884 |    113 | 2020-03-18 04:11:29   |       13.1271 |       18.2062 |       11.8464 |            4.3045 |            1.8782 |            4.7772 |            0.8865
 34884 |    114 | 2020-03-18 04:11:42.5 |       13.1361 |       18.2086 |       12.3655 |            4.4939 |            1.9632 |            4.9809 |            0.9275
 34884 |    115 | 2020-03-18 04:11:50.5 |       13.1102 |       18.2067 |       10.8901 |            3.9589 |            1.7194 |            4.4029 |            0.8089
 34884 |    116 | 2020-03-18 04:12:00   |       13.1371 |       18.1897 |       10.8015 |             3.924 |            1.7094 |            4.3628 |            0.8053
 34884 |    117 | 2020-03-18 04:12:09.5 |       13.1381 |       18.2049 |       11.5071 |            4.1824 |            1.8236 |            4.6397 |            0.8614
 34884 |    118 | 2020-03-18 04:12:19   |       13.1355 |       18.2097 |        12.062 |             4.388 |             1.913 |             4.859 |             0.902
 34884 |    119 | 2020-03-18 04:12:29   |       13.1335 |        18.209 |        12.208 |             4.438 |             1.937 |             4.918 |             0.915
 34884 |    120 | 2020-03-18 04:12:39   |        13.131 |       18.2055 |        12.236 |             4.447 |             1.941 |             4.931 |             0.917
 34884 |    121 | 2020-03-18 04:12:51.5 |       13.1142 |       18.2072 |       10.6803 |            3.8828 |            1.6865 |            4.3195 |            0.7915
 34884 |    122 | 2020-03-18 04:13:06.5 |       13.1282 |       18.1771 |       11.2365 |            4.0932 |            1.7738 |            4.5338 |            0.8358
 34884 |    123 | 2020-03-18 04:13:18.5 |       13.1285 |       18.2054 |         11.79 |            4.2874 |            1.8681 |             4.753 |            0.8816
 34884 |    124 | 2020-03-18 04:13:27   |       13.1327 |        18.209 |        12.213 |            4.4404 |            1.9376 |            4.9197 |            0.9154
 34884 |    125 | 2020-03-18 04:13:36   |       13.1256 |       18.2083 |       11.9262 |            4.3351 |            1.8899 |            4.8092 |             0.892
 34884 |    126 | 2020-03-18 04:13:45   |        13.128 |       18.2062 |        12.194 |              4.43 |             1.935 |             4.916 |             0.913
 34884 |    127 | 2020-03-18 04:13:56.5 |       13.1319 |       18.2062 |       10.9381 |            3.9764 |             1.731 |            4.4176 |            0.8131
 34884 |    128 | 2020-03-18 04:14:09   |        13.132 |       18.1607 |        11.497 |             4.188 |             1.816 |             4.637 |             0.856
 34884 |    129 | 2020-03-18 04:14:19   |       13.1288 |       18.2056 |       11.7751 |            4.2817 |            1.8654 |            4.7479 |            0.8801
 34884 |    130 | 2020-03-18 04:14:29   |       13.1335 |       18.2095 |         12.22 |             4.443 |             1.939 |             4.922 |             0.916
 34884 |    131 | 2020-03-18 04:14:38.5 |       13.1221 |        18.206 |       11.9208 |            4.3328 |            1.8887 |            4.8078 |            0.8915
 34884 |    132 | 2020-03-18 04:14:52.5 |       13.1297 |       18.2102 |       10.7732 |             3.917 |            1.7047 |             4.353 |            0.7985
 34884 |    133 | 2020-03-18 04:15:06   |       13.1315 |       18.2055 |         11.45 |             4.163 |             1.813 |             4.619 |             0.855
 34884 |    134 | 2020-03-18 04:15:16   |        13.128 |       18.2064 |       11.6618 |            4.2405 |            1.8468 |            4.7031 |            0.8714
 34884 |    135 | 2020-03-18 04:15:25   |       13.1294 |       18.2057 |       11.8681 |            4.3124 |             1.882 |            4.7837 |            0.8899
 34884 |    136 | 2020-03-18 04:15:34   |       13.1317 |       18.2027 |       12.0273 |            4.3733 |            1.9072 |            4.8465 |            0.9003
 34884 |    137 | 2020-03-18 04:15:43.5 |        13.131 |       18.2111 |        12.219 |            4.4393 |            1.9395 |            4.9244 |            0.9158
 34884 |    138 | 2020-03-18 04:15:56.5 |       13.1489 |       18.2085 |       11.0703 |             4.024 |            1.7563 |            4.4673 |            0.8228
 34884 |    139 | 2020-03-18 04:16:09.5 |       13.1266 |       18.2064 |       11.3517 |             4.128 |            1.7967 |            4.5796 |            0.8474
 34884 |    140 | 2020-03-18 04:16:19   |       13.1255 |       18.2063 |        11.625 |             4.227 |              1.84 |             4.689 |             0.869
 34884 |    141 | 2020-03-18 04:16:29   |       13.1275 |       18.2066 |       11.9953 |            4.3604 |            1.9013 |            4.8359 |            0.8977
 34884 |    142 | 2020-03-18 04:16:39   |        13.133 |        18.208 |        12.325 |              4.48 |             1.956 |             4.965 |             0.924
 34884 |    143 | 2020-03-18 04:16:52   |       13.1115 |        18.206 |       10.7468 |            3.9072 |            1.6966 |            4.3461 |            0.7968
 34884 |    144 | 2020-03-18 04:17:04.5 |       13.1273 |        18.211 |       11.2133 |            4.0759 |            1.7747 |            4.5258 |            0.8368
 34884 |    145 | 2020-03-18 04:17:14   |       13.1236 |       18.1983 |         11.41 |            4.1524 |            1.8035 |            4.6041 |            0.8499
 34884 |    146 | 2020-03-18 04:17:24   |       13.1281 |        18.207 |       11.8491 |            4.3079 |            1.8775 |            4.7776 |            0.8861
 34884 |    147 | 2020-03-18 04:17:34   |       13.1321 |        18.208 |       12.0682 |            4.3871 |            1.9137 |             4.864 |            0.9034
 34884 |    148 | 2020-03-18 04:17:44   |       13.1244 |       18.2133 |       11.9992 |            4.3616 |            1.9018 |            4.8383 |            0.8974
 34884 |    149 | 2020-03-18 04:17:57   |       13.1339 |       18.2059 |       10.8843 |            3.9561 |            1.7231 |            4.3963 |            0.8089
 34884 |    150 | 2020-03-18 04:18:10.5 |       13.1335 |        18.208 |       11.7167 |            4.2594 |            1.8567 |            4.7235 |             0.877
 34884 |    151 | 2020-03-18 04:18:23.5 |       13.1289 |       18.2066 |       11.8907 |            4.3229 |            1.8842 |             4.794 |            0.8896
 34884 |    152 | 2020-03-18 04:18:37.5 |       13.1334 |       18.2019 |       12.1327 |            4.4113 |            1.9249 |            4.8891 |            0.9074
 34884 |    153 | 2020-03-18 04:18:47.5 |       13.1229 |       18.2062 |       11.9753 |            4.3513 |            1.8982 |            4.8306 |            0.8953
 34884 |    154 | 2020-03-18 04:18:56   |       13.1358 |       18.2086 |         10.85 |            3.9452 |            1.7166 |             4.383 |            0.8052
 34884 |    155 | 2020-03-18 04:19:04.5 |       13.1408 |       18.2089 |       11.4605 |            4.1657 |            1.8165 |            4.6226 |            0.8557
 34884 |    156 | 2020-03-18 04:19:14.5 |       13.1146 |       18.2039 |       11.4593 |            4.1685 |            1.8116 |            4.6248 |            0.8543
 34884 |    157 | 2020-03-18 04:19:24.5 |       13.1263 |       18.2036 |       11.8786 |            4.3178 |            1.8823 |            4.7892 |            0.8892
 34884 |    158 | 2020-03-18 04:19:34   |       13.0412 |       18.1876 |       12.1626 |            4.4302 |            1.9214 |             4.905 |             0.906
 34884 |    159 | 2020-03-18 04:19:44   |       13.1236 |       18.2056 |       12.1046 |            4.3988 |            1.9191 |            4.8809 |            0.9057
 34884 |    160 | 2020-03-18 04:19:57   |       13.1345 |        18.205 |       10.8742 |            3.9534 |            1.7206 |            4.3929 |            0.8073
 34884 |    161 | 2020-03-18 04:20:09.5 |       13.0574 |       18.1933 |       11.3709 |            4.1502 |             1.787 |            4.5926 |             0.841
 34884 |    162 | 2020-03-18 04:20:19   |       13.1335 |         18.21 |        11.837 |             4.305 |             1.876 |             4.771 |             0.885
 34884 |    163 | 2020-03-18 04:20:29   |       13.1296 |       18.2086 |       12.0555 |            4.3831 |            1.9112 |            4.8596 |            0.9017
 34884 |    164 | 2020-03-18 04:20:39   |        13.126 |       18.2118 |        12.196 |             4.438 |             1.932 |             4.918 |             0.908
 34884 |    165 | 2020-03-18 04:20:52   |         13.11 |       18.2067 |       10.8191 |            3.9336 |            1.7079 |            4.3751 |            0.8026
 34884 |    166 | 2020-03-18 04:21:05   |       13.1336 |       18.2088 |       11.5349 |            4.1951 |            1.8273 |            4.6511 |            0.8615
 34884 |    167 | 2020-03-18 04:21:14.5 |       13.1302 |       18.2052 |       11.7118 |            4.2581 |            1.8557 |            4.7216 |            0.8764
 34884 |    168 | 2020-03-18 04:21:24   |       13.1289 |       18.2069 |       11.8832 |            4.3205 |            1.8829 |             4.791 |            0.8888
 34884 |    169 | 2020-03-18 04:21:34   |       13.1366 |       18.2114 |       12.1381 |            4.4114 |            1.9269 |            4.8904 |            0.9093
 34884 |    170 | 2020-03-18 04:21:44   |        13.132 |       18.2086 |        12.177 |            4.4233 |            1.9333 |             4.908 |            0.9124
 34884 |    171 | 2020-03-18 04:21:58   |       13.1326 |       18.2063 |       10.9954 |            3.9971 |            1.7406 |            4.4407 |            0.8171
 34884 |    172 | 2020-03-18 04:22:11.5 |       13.1323 |       18.2101 |       11.5588 |            4.2061 |            1.8291 |            4.6618 |            0.8618
 34884 |    173 | 2020-03-18 04:22:21   |       13.1275 |        18.205 |       11.7474 |            4.2694 |            1.8625 |            4.7361 |            0.8794
 34884 |    174 | 2020-03-18 04:22:30.5 |       13.1332 |       18.2097 |       12.2378 |            4.4492 |            1.9415 |            4.9297 |            0.9174
 34884 |    175 | 2020-03-18 04:22:40   |       13.1229 |       18.2136 |       11.8986 |            4.3259 |            1.8843 |            4.7989 |            0.8894
 34884 |    176 | 2020-03-18 04:22:52.5 |       13.1155 |       18.2071 |       10.7782 |            3.9189 |            1.7017 |            4.3585 |            0.7991
 34884 |    177 | 2020-03-18 04:23:07   |       13.1335 |       18.2092 |        11.612 |             4.224 |             1.839 |             4.682 |             0.867
 34884 |    178 | 2020-03-18 04:23:18   |       13.1279 |       18.2075 |        11.685 |            4.2488 |            1.8502 |            4.7123 |            0.8737
 34884 |    179 | 2020-03-18 04:23:26.5 |       13.1295 |       18.2063 |         11.98 |            4.3553 |            1.8989 |            4.8289 |             0.897
 34884 |    180 | 2020-03-18 04:23:35   |        13.133 |       18.2105 |        12.128 |              4.41 |             1.924 |             4.887 |             0.907
 34884 |    181 | 2020-03-18 04:23:44   |       13.1302 |       18.2081 |       12.1994 |            4.4319 |            1.9369 |            4.9159 |            0.9147
 34884 |    182 | 2020-03-18 04:23:57   |       13.1374 |       18.2077 |       10.9663 |            3.9859 |            1.7381 |            4.4261 |            0.8162
 34884 |    183 | 2020-03-18 04:24:10   |       13.1063 |       18.1987 |       11.6965 |            4.2638 |            1.8442 |            4.7196 |            0.8689
 34884 |    184 | 2020-03-18 04:24:20   |       13.1273 |       18.2058 |       11.8073 |            4.2934 |            1.8705 |            4.7604 |             0.883
 34884 |    185 | 2020-03-18 04:24:29.5 |       13.1393 |       18.2074 |       12.2149 |            4.4404 |            1.9387 |            4.9206 |            0.9152
 34884 |    186 | 2020-03-18 04:24:39   |       13.1245 |       18.2065 |        11.928 |             4.335 |              1.89 |             4.811 |             0.892
 34884 |    187 | 2020-03-18 04:24:52   |       13.1123 |       18.2074 |       10.8985 |            3.9625 |            1.7209 |            4.4055 |            0.8097
 34884 |    188 | 2020-03-18 04:25:05   |       13.1331 |       18.2075 |        11.483 |            4.1765 |            1.8188 |            4.6311 |            0.8566
 34884 |    189 | 2020-03-18 04:25:15   |       13.1265 |       18.2065 |        11.569 |             4.207 |             1.831 |             4.667 |             0.864
 34884 |    190 | 2020-03-18 04:25:28.5 |       13.1315 |       18.2062 |       12.1424 |            4.4144 |            1.9255 |            4.8929 |            0.9096
 34884 |    191 | 2020-03-18 04:25:42   |       13.1438 |       18.2107 |       12.4783 |            4.5378 |             1.982 |            5.0256 |            0.9329
 34884 |    192 | 2020-03-18 04:25:50.5 |       13.1153 |       18.2034 |       11.0065 |            3.9939 |            1.7427 |            4.4479 |             0.822
 34884 |    193 | 2020-03-18 04:25:59.5 |       13.1284 |       18.2134 |       11.2611 |            4.1098 |            1.7715 |            4.5499 |              0.83
 34884 |    194 | 2020-03-18 04:26:10   |       13.1294 |       18.2049 |       11.4817 |             4.173 |            1.8167 |            4.6326 |            0.8595
 34884 |    195 | 2020-03-18 04:26:20   |       13.1307 |       18.2033 |        11.884 |            4.3203 |            1.8841 |            4.7906 |            0.8891
 34884 |    196 | 2020-03-18 04:26:29.5 |       13.1315 |       18.2078 |       12.0435 |            4.3788 |            1.9095 |            4.8537 |            0.9015
 34884 |    197 | 2020-03-18 04:26:39   |        13.124 |       18.2058 |        11.917 |             4.331 |             1.889 |             4.806 |             0.891
 34884 |    198 | 2020-03-18 04:26:52   |         13.11 |       18.2075 |       10.9329 |            3.9753 |            1.7266 |            4.4192 |            0.8117
 34884 |    199 | 2020-03-18 04:27:05   |       13.0923 |       18.2103 |       11.1958 |            4.0753 |            1.7668 |             4.521 |            0.8326
 34884 |    200 | 2020-03-18 04:27:15   |       13.1275 |        18.207 |        11.608 |             4.221 |             1.838 |             4.682 |             0.867
 34884 |    201 | 2020-03-18 04:27:25   |       13.1345 |       18.2076 |       12.1645 |            4.4225 |              1.93 |            4.9002 |            0.9117
 34884 |    202 | 2020-03-18 04:27:34.5 |       13.0918 |       18.1923 |       11.9829 |            4.3684 |             1.888 |            4.8361 |            0.8904
 34884 |    203 | 2020-03-18 04:27:44.5 |       13.1314 |       18.1933 |       12.1527 |            4.4172 |            1.9278 |            4.8977 |            0.9101
 34884 |    204 | 2020-03-18 04:27:57.5 |       13.1333 |       18.2079 |       10.7469 |            3.9089 |            1.6991 |            4.3422 |            0.7968
 34884 |    205 | 2020-03-18 04:28:11   |       13.1265 |        18.207 |        11.399 |             4.145 |             1.804 |             4.599 |             0.851
 34884 |    206 | 2020-03-18 04:28:21   |       13.1245 |       18.2068 |        11.608 |             4.221 |             1.837 |             4.683 |             0.867
 34884 |    207 | 2020-03-18 04:28:29.5 |        13.129 |       18.2067 |       11.9887 |             4.358 |            1.9011 |            4.8327 |            0.8969
 34884 |    208 | 2020-03-18 04:28:39.5 |       13.1243 |       18.2054 |       12.0167 |            4.3661 |            1.9043 |             4.846 |            0.9002
 34884 |    209 | 2020-03-18 04:28:52.5 |       13.1095 |       18.2073 |       10.4797 |            3.8094 |            1.6536 |            4.2405 |            0.7762
 34884 |    210 | 2020-03-18 04:29:06   |       13.1327 |       18.2087 |       11.4862 |            4.1767 |             1.819 |            4.6328 |            0.8578
 34884 |    211 | 2020-03-18 04:29:15.5 |       13.1218 |       18.2054 |       11.7389 |            4.2829 |            1.8472 |            4.7386 |            0.8703
 34884 |    212 | 2020-03-18 04:29:25   |       13.1255 |        18.207 |        11.783 |             4.284 |             1.866 |             4.752 |             0.881
 34884 |    213 | 2020-03-18 04:29:35   |       13.1313 |       18.2057 |       12.0348 |            4.3728 |            1.9085 |            4.8515 |            0.9021
 34884 |    214 | 2020-03-18 04:29:44.5 |       13.1293 |        18.213 |       12.2121 |            4.4521 |            1.9273 |            4.9266 |            0.9061
 34884 |    215 | 2020-03-18 04:29:57.5 |       13.1265 |        18.206 |       10.8047 |            3.9291 |            1.7084 |             4.365 |            0.8023
 34884 |    216 | 2020-03-18 04:30:10.5 |       13.1322 |       18.1985 |        11.669 |            4.2453 |            1.8493 |            4.7039 |            0.8705
 34884 |    217 | 2020-03-18 04:30:20   |       13.1344 |        18.213 |       11.8805 |            4.3219 |             1.883 |            4.7876 |            0.8881
 34884 |    218 | 2020-03-18 04:30:30   |       13.1308 |       18.2049 |       12.0848 |            4.3931 |            1.9166 |            4.8708 |            0.9043
 34884 |    219 | 2020-03-18 04:30:40   |       13.1299 |       18.2068 |       12.1659 |            4.4221 |            1.9302 |             4.903 |            0.9106
 34884 |    220 | 2020-03-18 04:30:52.5 |       13.1077 |        18.206 |       10.5275 |            3.8271 |            1.6603 |            4.2602 |            0.7799
 34884 |    221 | 2020-03-18 04:31:05   |        13.132 |       18.2068 |        11.398 |             4.145 |             1.805 |             4.598 |              0.85
 34884 |    222 | 2020-03-18 04:31:15   |       13.1333 |       18.2047 |       11.8709 |            4.3162 |            1.8818 |             4.784 |            0.8889
 34884 |    223 | 2020-03-18 04:31:25   |       13.1275 |        18.207 |        11.864 |             4.314 |             1.879 |             4.784 |             0.887
 34884 |    224 | 2020-03-18 04:31:35   |       13.1306 |       18.2054 |       12.1384 |            4.4119 |            1.9257 |             4.892 |            0.9088
 34884 |    225 | 2020-03-18 04:31:44.5 |       13.1317 |       18.2058 |       12.3046 |            4.4716 |            1.9531 |            4.9579 |             0.922
 34884 |    226 | 2020-03-18 04:31:58   |       13.1332 |       18.2104 |       10.7882 |            3.9238 |            1.7061 |            4.3582 |            0.7999
 34884 |    227 | 2020-03-18 04:32:10.5 |       13.1137 |       18.2019 |       11.5368 |             4.197 |            1.8246 |            4.6547 |            0.8604
 34884 |    228 | 2020-03-18 04:32:22   |        13.125 |       18.2015 |       11.8718 |            4.3257 |            1.8737 |            4.7888 |            0.8836
 34884 |    229 | 2020-03-18 04:32:34.5 |       13.1296 |       18.2073 |       12.1001 |            4.3987 |            1.9187 |             4.877 |            0.9057
 34884 |    230 | 2020-03-18 04:32:44.5 |       13.1254 |        18.207 |       12.0522 |            4.3806 |            1.9108 |            4.8598 |            0.9012
 34884 |    231 | 2020-03-18 04:32:54.5 |       13.1188 |       18.2074 |       10.2692 |            3.7336 |            1.6204 |            4.1571 |             0.758
 34884 |    232 | 2020-03-18 04:33:07.5 |       13.1164 |       18.2024 |       11.3524 |            4.1323 |            1.7936 |            4.5823 |            0.8441
 34884 |    233 | 2020-03-18 04:33:19   |       13.1235 |       18.2059 |        11.537 |            4.1956 |            1.8258 |            4.6547 |            0.8608
 34884 |    234 | 2020-03-18 04:33:27.5 |       13.1286 |        18.207 |        11.963 |             4.349 |            1.8962 |            4.8222 |            0.8956
 34884 |    235 | 2020-03-18 04:33:36   |       13.1331 |       18.2064 |       12.2928 |            4.4677 |            1.9517 |            4.9511 |            0.9223
 34884 |    236 | 2020-03-18 04:33:45   |       13.0945 |       18.2032 |        12.057 |             4.397 |             1.897 |             4.868 |             0.895
 34884 |    237 | 2020-03-18 04:33:58   |       13.1322 |       18.2064 |         10.98 |            3.9923 |            1.7375 |            4.4343 |            0.8159
 34884 |    238 | 2020-03-18 04:34:10.5 |       13.1283 |       18.2071 |       11.3725 |            4.1364 |            1.8002 |            4.5876 |            0.8482
 34884 |    239 | 2020-03-18 04:34:20   |       13.1283 |       18.2073 |       11.7218 |            4.2631 |            1.8565 |            4.7264 |            0.8756
 34884 |    240 | 2020-03-18 04:34:30   |       13.1291 |       18.2063 |       12.0544 |            4.3824 |            1.9109 |            4.8583 |            0.9028
 34884 |    241 | 2020-03-18 04:34:39.5 |       13.1059 |       18.1993 |       12.1556 |            4.4301 |            1.9182 |             4.903 |            0.9043
 34884 |    242 | 2020-03-18 04:34:52.5 |       13.1085 |       18.2066 |       10.6385 |             3.868 |            1.6787 |            4.3037 |            0.7881
 34884 |    243 | 2020-03-18 04:35:05.5 |       13.1336 |        18.203 |       11.4401 |            4.1615 |            1.8111 |            4.6143 |            0.8531
 34884 |    244 | 2020-03-18 04:35:15   |          13.1 |       18.2081 |       11.5794 |            4.2202 |            1.8264 |            4.6729 |            0.8599
 34884 |    245 | 2020-03-18 04:35:25   |        13.129 |       18.2073 |         11.93 |             4.338 |              1.89 |             4.809 |             0.893
 34884 |    246 | 2020-03-18 04:35:35   |       13.1338 |       18.2094 |       12.2329 |            4.4468 |            1.9421 |            4.9274 |            0.9165
 34884 |    247 | 2020-03-18 04:35:44.5 |       13.1255 |       18.2077 |         12.08 |            4.3921 |            1.9142 |            4.8708 |            0.9029
 34884 |    248 | 2020-03-18 04:35:58   |       13.1245 |       18.2067 |        10.649 |             3.872 |             1.682 |             4.305 |              0.79
 34884 |    249 | 2020-03-18 04:36:11.5 |       13.1007 |       18.1991 |        11.346 |             4.133 |            1.7898 |            4.5806 |            0.8427
 34884 |    250 | 2020-03-18 04:36:20.5 |        13.128 |       18.2066 |       11.7821 |            4.2847 |            1.8656 |            4.7513 |            0.8804
 34884 |    251 | 2020-03-18 04:36:31   |       13.1295 |       18.2074 |       12.0531 |            4.3826 |            1.9109 |             4.857 |            0.9026
 34884 |    252 | 2020-03-18 04:36:40.5 |       13.1261 |        18.207 |       12.0094 |            4.3652 |            1.9033 |            4.8423 |            0.8986
 34884 |    253 | 2020-03-18 04:36:53   |        13.108 |       18.2067 |        10.532 |              3.83 |             1.661 |             4.262 |             0.779
 34884 |    254 | 2020-03-18 04:37:05.5 |       13.1313 |       18.2089 |       11.2331 |            4.0866 |            1.7779 |            4.5325 |            0.8361
 34884 |    255 | 2020-03-18 04:37:15   |       13.1253 |       18.2044 |       11.5745 |             4.207 |            1.8335 |            4.6677 |            0.8662
 34884 |    256 | 2020-03-18 04:37:25   |       13.1312 |       18.2125 |       11.9611 |            4.3558 |            1.8908 |             4.822 |            0.8925
 34884 |    257 | 2020-03-18 04:37:35   |       13.1307 |       18.2024 |       12.1317 |            4.4023 |            1.9274 |            4.8869 |            0.9151
 34884 |    258 | 2020-03-18 04:37:45   |       13.1261 |       18.1933 |       12.0158 |             4.364 |            1.9081 |            4.8439 |            0.8998
 34884 |    259 | 2020-03-18 04:37:59   |       13.1295 |       18.2037 |        10.946 |              3.98 |             1.732 |             4.421 |             0.813
 34884 |    260 | 2020-03-18 04:38:12.5 |       13.1171 |       18.2051 |       11.4615 |            4.1731 |            1.8117 |            4.6235 |            0.8533
 34884 |    261 | 2020-03-18 04:38:21.5 |       13.1163 |       18.2008 |       11.7889 |            4.2927 |            1.8635 |            4.7546 |             0.878
 34884 |    262 | 2020-03-18 04:38:31   |       13.1325 |       18.2085 |        12.193 |             4.433 |             1.934 |             4.913 |             0.913
 34884 |    263 | 2020-03-18 04:38:40.5 |       13.1311 |       18.2118 |       12.1821 |            4.4323 |            1.9314 |            4.9093 |             0.909
 34884 |    264 | 2020-03-18 04:38:53   |        13.122 |       18.2073 |       11.0203 |            4.0065 |            1.7426 |            4.4524 |            0.8188
 34884 |    265 | 2020-03-18 04:39:06   |       13.1228 |       18.2146 |        11.495 |            4.1876 |            1.8145 |            4.6407 |            0.8522
 34884 |    266 | 2020-03-18 04:39:16   |       13.1227 |       18.2062 |       11.4717 |            4.1724 |            1.8146 |            4.6291 |            0.8557
 34884 |    267 | 2020-03-18 04:39:29.5 |       13.1337 |       18.2094 |       12.1611 |            4.4202 |            1.9299 |            4.8987 |            0.9124
 34884 |    268 | 2020-03-18 04:39:41.5 |       13.1246 |       18.2097 |       12.0314 |            4.3765 |            1.9043 |            4.8532 |            0.8974
 34884 |    269 | 2020-03-18 04:39:49.5 |       13.1173 |       18.2066 |       11.9185 |            4.3319 |            1.8872 |            4.8086 |            0.8909
 34884 |    270 | 2020-03-18 04:40:00.5 |       13.1295 |       18.2061 |       11.1737 |             4.063 |            1.7681 |            4.5106 |            0.8319
 34884 |    271 | 2020-03-18 04:40:11   |       13.0915 |       18.1968 |        11.454 |             4.182 |             1.802 |             4.624 |             0.846
 34884 |    272 | 2020-03-18 04:40:21   |       13.1256 |       18.2063 |       11.6995 |            4.2528 |            1.8533 |             4.718 |            0.8754
 34884 |    273 | 2020-03-18 04:40:30.5 |       13.1284 |       18.2051 |       12.0957 |            4.3973 |            1.9183 |            4.8743 |            0.9058
 34884 |    274 | 2020-03-18 04:40:40   |       13.0324 |       18.2017 |        12.107 |            4.4105 |            1.9111 |            4.8839 |            0.9014
 34884 |    275 | 2020-03-18 04:40:53.5 |       13.1262 |       18.2074 |       10.9186 |            3.9688 |             1.727 |            4.4119 |            0.8109
 34884 |    276 | 2020-03-18 04:41:06   |       13.1278 |       18.2106 |       11.4634 |            4.1744 |            1.8122 |            4.6255 |            0.8513
 34884 |    277 | 2020-03-18 04:41:16   |       13.1322 |       18.2094 |       11.8481 |            4.3099 |            1.8773 |            4.7746 |            0.8862
 34884 |    278 | 2020-03-18 04:41:26   |       13.1313 |       18.2071 |       12.0198 |            4.3701 |            1.9058 |            4.8444 |            0.8996
 34884 |    279 | 2020-03-18 04:41:35.5 |       13.1319 |       18.2103 |       12.0755 |             4.392 |            1.9136 |            4.8673 |            0.9026
 34884 |    280 | 2020-03-18 04:41:45   |       13.1277 |       18.2096 |       12.0767 |            4.3899 |            1.9155 |            4.8668 |            0.9044
 34884 |    281 | 2020-03-18 04:41:58   |       13.0807 |       18.1981 |       10.6978 |            3.8993 |            1.6829 |            4.3269 |            0.7887
 34884 |    282 | 2020-03-18 04:42:11   |        13.133 |       18.2105 |        11.526 |             4.193 |             1.825 |             4.648 |              0.86
 34884 |    283 | 2020-03-18 04:42:21   |       13.1296 |       18.2059 |       11.8133 |            4.2955 |            1.8716 |            4.7623 |            0.8839
 34884 |    284 | 2020-03-18 04:42:30.5 |       13.1331 |       18.2084 |       12.2028 |            4.4367 |            1.9353 |            4.9167 |             0.914
 34884 |    285 | 2020-03-18 04:42:40   |       13.1364 |       18.2094 |        12.149 |            4.4189 |            1.9262 |             4.898 |             0.906
 34884 |    286 | 2020-03-18 04:42:53   |       13.1228 |        18.209 |        11.081 |            4.0279 |            1.7529 |            4.4765 |            0.8237
 34884 |    287 | 2020-03-18 04:43:09.5 |       13.1269 |       18.2075 |       11.2683 |            4.0984 |            1.7824 |            4.5473 |            0.8402
 34884 |    288 | 2020-03-18 04:43:22   |       13.1299 |       18.2053 |       11.8864 |            4.3221 |            1.8832 |            4.7915 |            0.8897
 34884 |    289 | 2020-03-18 04:43:30.5 |       13.1323 |       18.2099 |       12.2544 |            4.4568 |            1.9445 |            4.9357 |            0.9173
 34884 |    290 | 2020-03-18 04:43:40   |       13.1233 |       18.2068 |       11.9261 |            4.3352 |            1.8894 |            4.8099 |            0.8915
 34884 |    291 | 2020-03-18 04:43:52.5 |       13.1199 |       18.2067 |       11.2118 |            4.0749 |            1.7737 |            4.5288 |            0.8344
 34884 |    292 | 2020-03-18 04:44:05.5 |       13.1274 |       18.2143 |       11.3756 |            4.1426 |            1.7978 |            4.5913 |             0.844
 34884 |    293 | 2020-03-18 04:44:15.5 |       13.1269 |       18.2083 |       11.5669 |            4.2064 |            1.8314 |            4.6654 |            0.8636
 34884 |    294 | 2020-03-18 04:44:25   |       13.1325 |       18.2071 |         12.04 |            4.3777 |            1.9092 |            4.8513 |            0.9018
 34884 |    295 | 2020-03-18 04:44:35   |       13.1335 |       18.2102 |        12.129 |             4.411 |             1.924 |             4.887 |             0.907
 34884 |    296 | 2020-03-18 04:44:45   |       13.1296 |       18.2062 |       12.1848 |            4.4282 |            1.9333 |            4.9107 |            0.9126
 34884 |    297 | 2020-03-18 04:44:58   |       13.1344 |       18.2091 |       10.9341 |            3.9753 |            1.7304 |             4.416 |            0.8124
 34884 |    298 | 2020-03-18 04:45:11   |       13.1245 |       18.2062 |        11.286 |             4.105 |             1.785 |             4.555 |             0.841
 34884 |    299 | 2020-03-18 04:45:21   |       13.1287 |       18.2047 |       11.8232 |            4.2987 |            1.8735 |            4.7668 |            0.8841
 34884 |    300 | 2020-03-18 04:45:30.5 |        13.125 |       18.2104 |       12.2663 |            4.4637 |            1.9436 |            4.9438 |            0.9152
 34884 |    301 | 2020-03-18 04:45:40   |        13.124 |       18.2065 |       11.9458 |            4.3414 |            1.8934 |            4.8172 |            0.8938
 34884 |    302 | 2020-03-18 04:45:53   |       13.1235 |       18.2085 |       11.1138 |              4.04 |             1.758 |            4.4897 |            0.8261
 34884 |    303 | 2020-03-18 04:46:06   |       13.1284 |       18.2144 |       11.2783 |            4.1153 |            1.7743 |            4.5547 |             0.834
 34884 |    304 | 2020-03-18 04:46:16.5 |       13.1279 |       18.2072 |       11.6393 |            4.2327 |             1.843 |            4.6937 |            0.8698
 34884 |    305 | 2020-03-18 04:46:29.5 |       13.1279 |        18.198 |       12.1065 |            4.4103 |            1.9111 |            4.8834 |            0.9017
 34884 |    306 | 2020-03-18 04:46:41   |       13.1318 |       18.2054 |       11.9866 |            4.3552 |            1.9004 |            4.8334 |            0.8976
 34884 |    307 | 2020-03-18 04:46:49.5 |       13.1253 |        18.206 |       12.0092 |            4.3626 |            1.9044 |             4.843 |            0.8992
 34884 |    308 | 2020-03-18 04:47:00   |       13.1379 |       18.2074 |       11.2251 |            4.0833 |            1.7765 |            4.5299 |            0.8354
 34884 |    309 | 2020-03-18 04:47:11   |        13.125 |       18.2067 |        11.321 |             4.117 |             1.791 |             4.569 |             0.844
 34884 |    310 | 2020-03-18 04:47:21   |        13.131 |       18.2062 |       11.8683 |            4.3146 |             1.881 |            4.7844 |            0.8884
 34884 |    311 | 2020-03-18 04:47:31   |       13.1325 |       18.1887 |        11.995 |             4.361 |             1.902 |             4.834 |             0.898
 34884 |    312 | 2020-03-18 04:47:40.5 |       13.1323 |        18.205 |       11.9812 |            4.3522 |            1.9006 |            4.8311 |            0.8974
 34884 |    313 | 2020-03-18 04:47:53   |       13.1237 |        18.208 |       11.1128 |            4.0398 |            1.7586 |            4.4887 |            0.8257
 34884 |    314 | 2020-03-18 04:48:08   |       13.1226 |       18.1846 |        11.102 |            4.0439 |            1.7507 |            4.4825 |            0.8247
 34884 |    315 | 2020-03-18 04:48:19   |       13.1295 |       18.2047 |        11.788 |             4.286 |             1.868 |             4.752 |             0.882
 34884 |    316 | 2020-03-18 04:48:27.5 |       13.1355 |       18.2101 |        12.162 |            4.4227 |            1.9296 |            4.8988 |            0.9108
 34884 |    317 | 2020-03-18 04:48:36   |       13.0887 |       18.1983 |       12.0348 |            4.3881 |            1.8973 |            4.8557 |            0.8937
 34884 |    318 | 2020-03-18 04:48:45   |        13.128 |       18.2064 |       12.1954 |            4.4318 |            1.9348 |            4.9155 |            0.9133
 34884 |    319 | 2020-03-18 04:48:58   |       13.1354 |       18.2108 |       10.9972 |            4.0017 |              1.74 |            4.4419 |            0.8136
 34884 |    320 | 2020-03-18 04:49:11   |       13.1245 |        18.206 |        11.298 |             4.109 |             1.787 |              4.56 |             0.842
 34884 |    321 | 2020-03-18 04:49:20.5 |       13.1297 |       18.2067 |       11.8251 |            4.2994 |             1.874 |            4.7669 |            0.8847
 34884 |    322 | 2020-03-18 04:49:30   |       13.1336 |       18.2124 |       12.0769 |            4.3921 |            1.9153 |            4.8657 |            0.9038
 34884 |    323 | 2020-03-18 04:49:41   |       13.1258 |       18.2091 |       12.0463 |            4.3782 |            1.9095 |            4.8574 |            0.9012
 34884 |    324 | 2020-03-18 04:49:54.5 |       13.1329 |       18.2137 |       10.5085 |             3.823 |            1.6603 |            4.2477 |            0.7775
 34884 |    325 | 2020-03-18 04:50:06.5 |       13.1402 |       18.2103 |       11.3256 |            4.1207 |            1.7936 |            4.5692 |            0.8422
 34884 |    326 | 2020-03-18 04:50:16   |       13.1279 |       18.2065 |       11.5986 |            4.2169 |            1.8365 |            4.6781 |             0.867
 34884 |    327 | 2020-03-18 04:50:26   |        13.133 |       18.2088 |       12.1582 |            4.4217 |            1.9281 |            4.8979 |            0.9106
 34884 |    328 | 2020-03-18 04:50:35.5 |       13.1232 |        18.192 |       11.8468 |            4.3088 |            1.8759 |            4.7766 |            0.8855
 34884 |    329 | 2020-03-18 04:50:45   |         13.13 |       18.2043 |       12.1988 |            4.4326 |            1.9355 |            4.9168 |            0.9139
 34884 |    330 | 2020-03-18 04:50:58   |        13.134 |       18.2049 |       10.8971 |            3.9629 |            1.7247 |            4.4005 |             0.809
 34884 |    331 | 2020-03-18 04:51:11.5 |       13.1254 |       18.2062 |       11.3564 |            4.1299 |            1.7964 |             4.583 |            0.8471
 34884 |    332 | 2020-03-18 04:51:21   |       13.1312 |       18.2075 |       11.8946 |            4.3248 |            1.8851 |            4.7948 |              0.89
 34884 |    333 | 2020-03-18 04:51:31   |       13.1325 |       18.2105 |        12.052 |             4.384 |             1.911 |             4.856 |             0.901
 34884 |    334 | 2020-03-18 04:51:40.5 |       13.1269 |       18.2071 |       12.0723 |            4.3879 |            1.9138 |            4.8667 |            0.9039
 34884 |    335 | 2020-03-18 04:51:53   |        13.108 |        18.206 |        10.886 |             3.958 |             1.718 |             4.402 |             0.808
 34884 |    336 | 2020-03-18 04:52:06   |       13.1272 |        18.205 |       11.1407 |            4.0513 |            1.7619 |            4.4979 |            0.8295
 34884 |    337 | 2020-03-18 04:52:16   |       13.1415 |       18.2077 |       11.6469 |            4.2347 |            1.8454 |            4.6961 |            0.8707
 34884 |    338 | 2020-03-18 04:52:26   |       13.1348 |       18.2093 |       11.9939 |            4.3636 |            1.9005 |            4.8346 |            0.8952
 34884 |    339 | 2020-03-18 04:52:35.5 |       13.1252 |       18.2073 |       11.9623 |            4.3496 |            1.8958 |            4.8224 |            0.8945
 34884 |    340 | 2020-03-18 04:52:45   |        13.133 |        18.211 |        12.228 |             4.445 |             1.941 |             4.927 |             0.915
 34884 |    341 | 2020-03-18 04:52:59   |        13.134 |         18.21 |        11.124 |             4.046 |             1.761 |              4.49 |             0.827
 34884 |    342 | 2020-03-18 04:53:12   |       13.1261 |       18.2061 |       11.4498 |            4.1645 |             1.812 |            4.6192 |             0.854
 34884 |    343 | 2020-03-18 04:53:21.5 |       13.1358 |       18.2084 |       11.9626 |            4.3487 |            1.8974 |            4.8199 |            0.8966
 34884 |    344 | 2020-03-18 04:53:33.5 |       13.1261 |       18.2034 |       11.8734 |            4.3213 |             1.877 |            4.7893 |            0.8858
 34884 |    345 | 2020-03-18 04:53:44.5 |       13.1315 |       18.2066 |       12.2625 |            4.4559 |            1.9459 |            4.9416 |             0.919
 34884 |    346 | 2020-03-18 04:53:55   |        13.132 |       18.2087 |        10.439 |             3.794 |             1.651 |             4.222 |             0.772
 34884 |    347 | 2020-03-18 04:54:06   |       13.1266 |        18.207 |       11.1286 |            4.0473 |            1.7604 |            4.4926 |            0.8284
 34884 |    348 | 2020-03-18 04:54:16   |       13.1287 |       18.2047 |       11.6962 |            4.2529 |            1.8522 |            4.7173 |            0.8739
 34884 |    349 | 2020-03-18 04:54:26   |       13.0805 |       18.1881 |       12.0027 |            4.3695 |            1.8973 |            4.8398 |            0.8961
 34884 |    350 | 2020-03-18 04:54:36   |       13.1298 |       18.2069 |       11.9509 |            4.3426 |            1.8955 |            4.8176 |            0.8952
 34884 |    351 | 2020-03-18 04:54:45.5 |       13.1318 |       18.2053 |       12.3011 |            4.4702 |            1.9521 |             4.957 |            0.9217
 34884 |    352 | 2020-03-18 04:54:58   |       13.1317 |       18.2102 |       10.6726 |            3.8825 |            1.6867 |            4.3131 |            0.7903
 34884 |    353 | 2020-03-18 04:55:11   |        13.125 |        18.207 |        11.321 |             4.117 |             1.791 |             4.569 |             0.844
 34884 |    354 | 2020-03-18 04:55:21   |        13.134 |       18.2057 |       11.9544 |            4.3455 |            1.8957 |            4.8174 |            0.8958
 34884 |    355 | 2020-03-18 04:55:31   |        13.123 |       18.1827 |        11.795 |             4.296 |             1.863 |             4.757 |             0.879
 34884 |    356 | 2020-03-18 04:55:40.5 |       13.1272 |       18.2059 |        12.088 |            4.3931 |            1.9166 |            4.8732 |            0.9051
 34884 |    357 | 2020-03-18 04:55:53   |         13.12 |       18.2081 |       11.0248 |            4.0155 |            1.7368 |             4.458 |            0.8145
 34884 |    358 | 2020-03-18 04:56:06   |       13.1275 |       18.2074 |       11.1569 |            4.0578 |            1.7643 |            4.5046 |            0.8303
 34884 |    359 | 2020-03-18 04:56:16   |       13.1305 |       18.2049 |       11.7395 |            4.2686 |            1.8598 |            4.7332 |            0.8779
 34884 |    360 | 2020-03-18 04:56:26   |       13.1467 |       18.2094 |       12.0061 |            4.3656 |            1.9055 |            4.8369 |            0.8982
 34884 |    361 | 2020-03-18 04:56:36   |       13.1371 |       18.2053 |       11.9743 |             4.351 |               1.9 |            4.8271 |            0.8963
 34884 |    362 | 2020-03-18 04:56:45.5 |        13.133 |       18.2057 |       12.3445 |            4.4857 |            1.9592 |            4.9738 |            0.9258
 34884 |    363 | 2020-03-18 04:56:59   |       13.1325 |       18.2102 |        10.874 |             3.954 |             1.721 |             4.392 |             0.807
 34884 |    364 | 2020-03-18 04:57:12   |       13.1292 |       18.2057 |       11.5247 |            4.1909 |            1.8249 |            4.6481 |            0.8609
 34884 |    365 | 2020-03-18 04:57:21   |       13.1381 |       18.2105 |       12.0379 |            4.3799 |            1.9081 |            4.8509 |            0.8989
 34884 |    366 | 2020-03-18 04:57:31   |       13.1245 |       18.2067 |        11.806 |             4.292 |              1.87 |             4.761 |             0.883
 34884 |    367 | 2020-03-18 04:57:41   |       13.1294 |       18.2054 |       12.1772 |            4.4257 |            1.9316 |            4.9077 |            0.9122
 34884 |    368 | 2020-03-18 04:57:53.5 |       13.0965 |       18.1979 |        10.766 |            3.9221 |            1.6939 |            4.3564 |            0.7935
 34884 |    369 | 2020-03-18 04:58:08   |        13.125 |       18.2054 |       11.2492 |            4.0912 |             1.779 |            4.5402 |            0.8387
 34884 |    370 | 2020-03-18 04:58:19   |       13.1325 |       18.2082 |        11.919 |             4.335 |             1.889 |             4.803 |             0.892
 34884 |    371 | 2020-03-18 04:58:27.5 |       13.1299 |       18.2094 |       11.9204 |            4.3471 |            1.8795 |            4.8097 |            0.8841
 34884 |    372 | 2020-03-18 04:58:36.5 |       13.1278 |       18.2064 |       12.0353 |            4.3753 |            1.9077 |            4.8516 |            0.9007
 34884 |    373 | 2020-03-18 04:58:45.5 |       13.1333 |        18.207 |       12.3509 |            4.4884 |              1.96 |            4.9766 |            0.9259
 34884 |    374 | 2020-03-18 04:58:58.5 |       13.0394 |       18.2151 |        10.582 |            3.8607 |            1.6596 |            4.2833 |            0.7784
 34884 |    375 | 2020-03-18 04:59:12   |       13.1294 |       18.2055 |       11.5306 |            4.1932 |            1.8259 |            4.6509 |            0.8606
 34884 |    376 | 2020-03-18 04:59:22   |       13.1292 |       18.2133 |       12.0894 |             4.402 |            1.9117 |            4.8745 |            0.9012
 34884 |    377 | 2020-03-18 04:59:31.5 |       13.1265 |       18.2057 |       11.8631 |            4.3116 |            1.8804 |             4.783 |             0.888
 34884 |    378 | 2020-03-18 04:59:41   |       13.1297 |       18.2046 |       12.1933 |            4.4313 |            1.9342 |            4.9143 |            0.9135
 34884 |    379 | 2020-03-18 04:59:54   |       13.1088 |        18.207 |       10.5228 |            3.8261 |            1.6594 |             4.258 |            0.7792
 34884 |    380 | 2020-03-18 05:00:06.5 |       13.1254 |       18.2063 |       11.1377 |            4.0511 |            1.7609 |            4.4959 |            0.8298
 34884 |    381 | 2020-03-18 05:00:16.5 |       13.1326 |       18.2059 |       11.8124 |            4.2951 |            1.8722 |            4.7611 |             0.884
 34884 |    382 | 2020-03-18 05:00:30   |       13.1226 |       18.2017 |       11.7447 |            4.2792 |            1.8535 |            4.7374 |            0.8746
 34884 |    383 | 2020-03-18 05:00:41.5 |       13.1312 |       18.2055 |       12.2626 |            4.4575 |            1.9455 |            4.9411 |            0.9185
 34884 |    384 | 2020-03-18 05:00:49   |       13.1287 |       18.2079 |       12.3467 |            4.4869 |            1.9588 |            4.9759 |            0.9251
 34884 |    385 | 2020-03-18 05:01:00   |       13.1262 |       18.2063 |       10.7622 |            3.9134 |            1.7002 |            4.3495 |            0.7991
 34884 |    386 | 2020-03-18 05:01:11.5 |       13.1292 |       18.2067 |       11.5154 |            4.1875 |            1.8233 |            4.6445 |            0.8601
 34884 |    387 | 2020-03-18 05:01:21.5 |       13.1341 |       18.2114 |       11.9443 |            4.3451 |            1.8936 |            4.8126 |             0.893
 34884 |    388 | 2020-03-18 05:01:32   |       13.1273 |       18.2068 |       11.9319 |            4.3382 |            1.8908 |            4.8106 |            0.8923
 34884 |    389 | 2020-03-18 05:01:41.5 |       13.1306 |       18.2052 |         12.26 |            4.4559 |            1.9453 |              4.94 |            0.9189
 34884 |    390 | 2020-03-18 05:01:54   |       13.1087 |       18.2062 |       10.5662 |            3.8416 |             1.667 |            4.2746 |             0.783
 34884 |    391 | 2020-03-18 05:02:06.5 |       13.1285 |       18.2067 |       11.2567 |            4.0938 |             1.781 |            4.5424 |            0.8395
 34884 |    392 | 2020-03-18 05:02:16   |       13.1369 |       18.2105 |        11.878 |            4.3198 |            1.8833 |            4.7859 |            0.8889
 34884 |    393 | 2020-03-18 05:02:26   |       13.1119 |       18.2031 |       11.7283 |            4.2686 |            1.8543 |            4.7308 |            0.8745
 34884 |    394 | 2020-03-18 05:02:36   |       13.1303 |       18.2062 |       12.1201 |             4.406 |            1.9217 |            4.8843 |            0.9081
 34884 |    395 | 2020-03-18 05:02:46   |       13.1338 |       18.2098 |       12.4271 |            4.5178 |            1.9723 |            5.0055 |            0.9316
 34884 |    396 | 2020-03-18 05:02:59.5 |        13.127 |       18.2068 |       10.7647 |             3.914 |            1.7016 |            4.3499 |            0.7992
 34884 |    397 | 2020-03-18 05:03:12.5 |       13.1297 |       18.2063 |       11.6426 |            4.2344 |            1.8438 |            4.6945 |            0.8699
 34884 |    398 | 2020-03-18 05:03:21.5 |       13.0931 |       18.2012 |       11.7062 |            4.2694 |            1.8437 |             4.724 |            0.8691
 34884 |    399 | 2020-03-18 05:03:31   |       13.1265 |       18.2067 |        11.901 |             4.327 |             1.885 |             4.799 |              0.89
 34884 |    400 | 2020-03-18 05:03:41   |       13.1326 |       18.2085 |       12.3575 |            4.4924 |            1.9606 |            4.9776 |            0.9268
 34884 |    401 | 2020-03-18 05:03:54.5 |       13.1081 |       18.2064 |         10.43 |            3.7925 |            1.6448 |             4.221 |            0.7717
 34884 |    402 | 2020-03-18 05:04:07.5 |       13.1301 |       18.2042 |       11.3854 |            4.1412 |            1.8017 |            4.5933 |            0.8493
 34884 |    403 | 2020-03-18 05:04:17   |       13.1106 |        18.199 |       11.9408 |            4.3519 |            1.8862 |            4.8143 |            0.8884
 34884 |    404 | 2020-03-18 05:04:27   |        13.126 |       18.2072 |        11.779 |             4.283 |             1.865 |              4.75 |             0.881
 34884 |    405 | 2020-03-18 05:04:36.5 |        13.131 |       18.2054 |       12.1852 |            4.4296 |            1.9319 |            4.9113 |            0.9125
 34884 |    406 | 2020-03-18 05:04:46   |       13.1278 |       18.2132 |        12.358 |            4.5038 |            1.9508 |            4.9838 |            0.9195
 34884 |    407 | 2020-03-18 05:04:59   |       13.1265 |        18.206 |        10.735 |             3.903 |             1.697 |             4.338 |             0.797
 34884 |    408 | 2020-03-18 05:05:12   |        13.131 |       18.2068 |        11.638 |            4.2334 |             1.843 |            4.6915 |            0.8701
 34884 |    409 | 2020-03-18 05:05:22   |       13.1073 |       18.2136 |       11.8573 |             4.319 |            1.8744 |            4.7822 |            0.8817
 34884 |    410 | 2020-03-18 05:05:32   |       13.1263 |       18.2072 |       11.9695 |            4.3521 |            1.8966 |            4.8252 |            0.8956
 34884 |    411 | 2020-03-18 05:05:41.5 |       13.1241 |       18.2101 |       12.3795 |            4.5072 |            1.9576 |            4.9917 |             0.923
 34884 |    412 | 2020-03-18 05:05:54   |       13.1098 |       18.2064 |       10.6787 |            3.8824 |            1.6846 |            4.3198 |            0.7919
 34884 |    413 | 2020-03-18 05:06:07   |        13.131 |       18.2055 |        11.376 |             4.137 |             1.801 |             4.589 |             0.849
 34884 |    414 | 2020-03-18 05:06:17   |        13.099 |       18.1767 |       11.6075 |             4.234 |            1.8287 |            4.6834 |            0.8614
 34884 |    415 | 2020-03-18 05:06:27   |        13.128 |        18.207 |         11.85 |             4.308 |             1.877 |             4.778 |             0.887
 34884 |    416 | 2020-03-18 05:06:36.5 |       13.1335 |       18.2076 |       12.2997 |            4.4718 |            1.9517 |            4.9544 |            0.9218
 34884 |    417 | 2020-03-18 05:06:46   |       13.1324 |        18.207 |       12.3191 |            4.4772 |             1.955 |            4.9634 |            0.9235
 34884 |    418 | 2020-03-18 05:06:59.5 |       13.0996 |       18.2128 |       10.9612 |            3.9958 |            1.7285 |            4.4288 |             0.808
 34884 |    419 | 2020-03-18 05:07:12.5 |        13.128 |       18.2063 |        11.414 |             4.151 |            1.8064 |            4.6043 |            0.8523
 34884 |    420 | 2020-03-18 05:07:24   |       13.1293 |       18.2084 |       11.8876 |            4.3224 |            1.8834 |            4.7921 |            0.8897
 34884 |    421 | 2020-03-18 05:07:36.5 |       13.1269 |       18.2069 |       11.9781 |            4.3526 |            1.8994 |            4.8292 |             0.897
 34884 |    422 | 2020-03-18 05:07:46.5 |       13.1274 |       18.2143 |       12.1043 |            4.4118 |            1.9088 |            4.8837 |               0.9
 34884 |    423 | 2020-03-18 05:07:56.5 |       13.0968 |       18.1994 |       10.4482 |             3.811 |            1.6412 |            4.2302 |            0.7658
 34884 |    424 | 2020-03-18 05:08:09   |        13.124 |       18.2067 |         11.17 |             4.063 |             1.766 |             4.509 |             0.832
 34884 |    425 | 2020-03-18 05:08:20   |       13.1316 |       18.2068 |       11.8798 |            4.3207 |            1.8823 |             4.788 |            0.8888
 34884 |    426 | 2020-03-18 05:08:28.5 |       13.1331 |       18.2103 |       12.0026 |            4.3652 |            1.9027 |            4.8367 |            0.8979
 34884 |    427 | 2020-03-18 05:08:37   |        13.126 |       18.2072 |        11.969 |              4.35 |             1.897 |             4.826 |             0.896
 34884 |    428 | 2020-03-18 05:08:46   |       13.1297 |       18.2051 |       12.3349 |            4.4825 |            1.9573 |             4.971 |            0.9242
 34884 |    429 | 2020-03-18 05:08:59   |       13.0641 |       18.2078 |       10.6172 |            3.8682 |            1.6725 |            4.2934 |            0.7832
 34884 |    430 | 2020-03-18 05:09:12   |       13.1289 |        18.207 |       11.4586 |            4.1671 |            1.8141 |            4.6222 |            0.8551
 34884 |    431 | 2020-03-18 05:09:22   |        13.131 |       18.2058 |        11.935 |              4.34 |            1.8917 |            4.8102 |             0.893
 34884 |    432 | 2020-03-18 05:09:32   |       13.1261 |       18.2073 |       11.8354 |            4.3035 |            1.8749 |            4.7725 |            0.8845
 34884 |    433 | 2020-03-18 05:09:42   |       13.1285 |        18.206 |       12.1581 |            4.4187 |            1.9283 |            4.9006 |            0.9105
 34884 |    434 | 2020-03-18 05:09:54.5 |       13.1084 |       18.2019 |       10.7469 |            3.9074 |            1.6959 |            4.3462 |            0.7975
 34884 |    435 | 2020-03-18 05:10:07   |         13.13 |       18.2075 |        11.166 |            4.0612 |            1.7665 |            4.5069 |            0.8314
 34884 |    436 | 2020-03-18 05:10:17   |         13.13 |       18.2047 |        11.733 |             4.267 |             1.858 |             4.731 |             0.877
 34884 |    437 | 2020-03-18 05:10:27   |       13.1338 |         18.21 |        12.062 |            4.3867 |            1.9128 |            4.8597 |            0.9027
 34884 |    438 | 2020-03-18 05:10:36.5 |        13.126 |       18.2063 |       11.9632 |            4.3489 |            1.8961 |            4.8231 |            0.8952
 34884 |    439 | 2020-03-18 05:10:47   |       13.1363 |       18.2081 |       12.4731 |            4.5331 |            1.9809 |            5.0241 |             0.935
 34884 |    440 | 2020-03-18 05:11:00.5 |       13.0109 |       18.1964 |       10.6899 |            3.8997 |            1.6785 |            4.3231 |            0.7886
 34884 |    441 | 2020-03-18 05:11:12.5 |       13.1275 |       18.2068 |       11.4902 |             4.179 |            1.8184 |            4.6351 |            0.8577
 34884 |    442 | 2020-03-18 05:11:22   |       13.1195 |       18.2049 |       12.0047 |            4.3693 |            1.9007 |             4.838 |            0.8968
 34884 |    443 | 2020-03-18 05:11:32   |       13.1282 |       18.2019 |       11.8268 |            4.3007 |            1.8737 |            4.7674 |             0.885
 34884 |    444 | 2020-03-18 05:11:42   |       13.1301 |       18.2043 |       12.2246 |            4.4425 |            1.9396 |            4.9266 |            0.9158
 34884 |    445 | 2020-03-18 05:11:55   |        13.108 |       18.2062 |        10.474 |             3.809 |             1.651 |             4.239 |             0.775
 34884 |    446 | 2020-03-18 05:12:07.5 |       13.1359 |       18.2103 |       11.5254 |            4.1936 |            1.8252 |            4.6478 |            0.8588
 34884 |    447 | 2020-03-18 05:12:17.5 |       13.1319 |       18.2073 |       11.8044 |            4.2932 |            1.8699 |            4.7579 |            0.8833
 34884 |    448 | 2020-03-18 05:12:27   |       13.1305 |       18.2052 |         11.99 |             4.359 |               1.9 |             4.833 |             0.898
 34884 |    449 | 2020-03-18 05:12:37   |       13.1285 |       18.2065 |        12.069 |             4.388 |             1.913 |             4.865 |             0.903
 34884 |    450 | 2020-03-18 05:12:49   |        13.133 |       18.2092 |        12.428 |             4.517 |             1.973 |             5.006 |             0.932
 34884 |    451 | 2020-03-18 05:13:02   |       13.1321 |       18.2074 |       11.1903 |            4.0691 |            1.7711 |            4.5161 |             0.834
 34884 |    452 | 2020-03-18 05:13:13   |       13.1285 |       18.2085 |       11.4125 |            4.1516 |            1.8059 |            4.6039 |            0.8512
 34884 |    453 | 2020-03-18 05:13:22.5 |       13.1294 |       18.2074 |       11.8087 |            4.2947 |            1.8706 |            4.7599 |            0.8834
 34884 |    454 | 2020-03-18 05:13:32   |       13.1317 |         18.21 |       12.2326 |            4.4492 |            1.9399 |            4.9274 |            0.9161
 34884 |    455 | 2020-03-18 05:13:42   |       13.1255 |       18.2085 |       12.0061 |            4.3672 |            1.9007 |            4.8416 |            0.8967
 34884 |    456 | 2020-03-18 05:13:55   |        13.109 |       18.2072 |         10.52 |             3.825 |             1.659 |             4.257 |             0.779
 34884 |    457 | 2020-03-18 05:14:08   |       13.1316 |       18.2105 |       11.3034 |             4.113 |             1.789 |            4.5602 |            0.8412
 34884 |    458 | 2020-03-18 05:14:17.5 |       13.1257 |       18.2064 |       11.5164 |            4.1885 |            1.8222 |            4.6452 |            0.8605
 34884 |    459 | 2020-03-18 05:14:29.5 |       13.1303 |       18.2077 |       12.1298 |            4.4113 |            1.9228 |            4.8872 |            0.9085
 34884 |    460 | 2020-03-18 05:14:41.5 |       13.1017 |       18.2017 |       11.9833 |             4.362 |            1.8933 |            4.8346 |            0.8935
 34884 |    461 | 2020-03-18 05:14:49.5 |       13.1307 |       18.2068 |       12.4238 |            4.5148 |            1.9713 |             5.006 |            0.9316
 34884 |    462 | 2020-03-18 05:15:00.5 |       13.1348 |       18.2109 |       11.0673 |            4.0243 |            1.7519 |            4.4677 |            0.8234
 34884 |    463 | 2020-03-18 05:15:13   |       13.1232 |       18.2094 |        11.265 |            4.0974 |            1.7809 |            4.5466 |            0.8402
 34884 |    464 | 2020-03-18 05:15:23   |       13.1295 |       18.2065 |        11.826 |             4.301 |             1.873 |             4.767 |             0.885
 34884 |    465 | 2020-03-18 05:15:33   |       13.1331 |       18.2084 |       12.1262 |            4.4086 |            1.9235 |            4.8862 |             0.908
 34884 |    466 | 2020-03-18 05:15:42.5 |       13.1261 |       18.2065 |       12.0151 |            4.3666 |            1.9045 |            4.8441 |            0.8999
 34884 |    467 | 2020-03-18 05:15:55   |        13.109 |        18.207 |        10.544 |             3.834 |             1.663 |             4.266 |             0.781
 34884 |    468 | 2020-03-18 05:16:08   |       13.1301 |       18.2059 |       11.2701 |            4.1033 |            1.7819 |            4.5466 |            0.8383
 34884 |    469 | 2020-03-18 05:16:18   |       13.1277 |       18.2079 |       11.6272 |             4.228 |            1.8409 |            4.6888 |            0.8695
 34884 |    470 | 2020-03-18 05:16:27.5 |       13.1326 |       18.2087 |       12.1086 |            4.4031 |            1.9199 |            4.8786 |            0.9069
 34884 |    471 | 2020-03-18 05:16:37   |       13.1284 |       18.2138 |       12.0788 |            4.4011 |             1.909 |            4.8701 |            0.8985
 34884 |    472 | 2020-03-18 05:16:49.5 |       13.1325 |       18.2063 |       12.4842 |            4.5368 |            1.9824 |            5.0288 |            0.9362
 34884 |    473 | 2020-03-18 05:17:02.5 |       13.1352 |       18.1955 |       11.0317 |            4.0158 |            1.7446 |            4.4505 |            0.8208
 34884 |    474 | 2020-03-18 05:17:13   |        13.129 |       18.2062 |        11.374 |            4.1352 |            1.8009 |            4.5882 |            0.8498
 34884 |    475 | 2020-03-18 05:17:23   |         13.13 |       18.2045 |        11.884 |             4.321 |             1.883 |              4.79 |              0.89
 34884 |    476 | 2020-03-18 05:17:33   |       13.1157 |       18.2038 |       12.1217 |            4.4172 |            1.9147 |             4.887 |            0.9027
 34884 |    477 | 2020-03-18 05:17:43   |        13.127 |        18.207 |        12.089 |             4.394 |             1.917 |             4.873 |             0.905
 34884 |    478 | 2020-03-18 05:17:58   |       13.1333 |       18.2096 |       10.7954 |            3.9234 |            1.7083 |            4.3614 |            0.8024
 34884 |    479 | 2020-03-18 05:18:12   |       13.1249 |       18.2082 |       11.3563 |            4.1314 |             1.796 |             4.582 |            0.8469
 34884 |    480 | 2020-03-18 05:18:21   |       13.1308 |       18.2053 |       11.8562 |            4.3108 |            1.8791 |            4.7793 |             0.887
 34884 |    481 | 2020-03-18 05:18:29.5 |       13.1341 |       18.2087 |        12.035 |            4.3747 |            1.9101 |             4.848 |            0.9021
 34884 |    482 | 2020-03-18 05:18:38   |       13.1234 |       18.2074 |        11.943 |            4.3462 |            1.8886 |            4.8169 |            0.8912
 34884 |    483 | 2020-03-18 05:18:50   |        13.134 |       18.2062 |       12.5291 |            4.5525 |            1.9904 |            5.0464 |            0.9398
 34884 |    484 | 2020-03-18 05:19:02.5 |       13.1339 |       18.2099 |       11.0673 |            4.0259 |             1.751 |            4.4677 |            0.8227
 34884 |    485 | 2020-03-18 05:19:13   |       13.1273 |       18.2069 |        11.435 |            4.1595 |            1.8091 |            4.6125 |            0.8539
 34884 |    486 | 2020-03-18 05:19:23   |        13.133 |        18.208 |         11.98 |             4.357 |             1.899 |             4.827 |             0.897
 34884 |    487 | 2020-03-18 05:19:33   |       13.0717 |       18.2093 |       11.9006 |            4.3317 |              1.88 |            4.8008 |            0.8881
 34884 |    488 | 2020-03-18 05:19:43   |        13.128 |       18.2057 |        12.135 |             4.411 |             1.924 |             4.891 |             0.909
 34884 |    489 | 2020-03-18 05:19:56   |       13.1099 |       18.2073 |       10.4949 |            3.8158 |            1.6547 |             4.247 |            0.7774
 34884 |    490 | 2020-03-18 05:20:09   |       13.1318 |        18.207 |       11.3265 |            4.1188 |            1.7934 |            4.5696 |            0.8447
 34884 |    491 | 2020-03-18 05:20:19   |       13.1284 |       18.2079 |       11.5733 |             4.209 |            1.8323 |            4.6672 |            0.8648
 34884 |    492 | 2020-03-18 05:20:29.5 |       13.1277 |       18.2069 |       11.8914 |            4.3235 |            1.8839 |            4.7942 |            0.8899
 34884 |    493 | 2020-03-18 05:20:39   |       13.1319 |       18.2086 |       12.3272 |            4.4812 |            1.9566 |            4.9657 |            0.9238
 34884 |    494 | 2020-03-18 05:20:50   |       13.1206 |       18.2068 |       11.9582 |            4.3461 |            1.8949 |            4.8227 |            0.8945
 34884 |    495 | 2020-03-18 05:21:03   |       13.1265 |       18.2078 |       11.0801 |            4.0293 |            1.7527 |            4.4744 |            0.8238
 34884 |    496 | 2020-03-18 05:21:14   |       13.0699 |       18.2114 |       11.7307 |            4.2779 |            1.8494 |            4.7344 |            0.8691
 34884 |    497 | 2020-03-18 05:21:31   |       13.1302 |       18.2061 |       12.0563 |            4.3831 |            1.9111 |            4.8593 |            0.9028
(498 rows)

