  run  | subrun |         time          | step1_voltage | step2_voltage | total_current | pos_2step_current | pos_1step_current | neg_2step_current | neg_1step_current 
-------+--------+-----------------------+---------------+---------------+---------------+-------------------+-------------------+-------------------+-------------------
 34893 |      0 | 2020-03-18 17:32:44.5 |       13.1228 |       18.1973 |       11.9249 |            4.3389 |             1.887 |            4.8082 |            0.8908
 34893 |      1 | 2020-03-18 17:32:59.5 |        13.134 |       18.2077 |       10.7832 |            3.9203 |            1.7064 |            4.3558 |            0.8007
 34893 |      2 | 2020-03-18 17:33:13.5 |       13.1239 |       18.2093 |       11.4281 |            4.1611 |            1.8048 |            4.6116 |            0.8506
 34893 |      3 | 2020-03-18 17:33:22   |       13.1281 |       18.2064 |        11.721 |            4.2625 |            1.8564 |            4.7255 |            0.8766
 34893 |      4 | 2020-03-18 17:33:30.5 |        13.132 |       18.2072 |       12.0959 |            4.3982 |            1.9181 |            4.8732 |            0.9062
 34893 |      5 | 2020-03-18 17:33:39.5 |       13.1326 |       18.2097 |       12.0951 |            4.3978 |            1.9183 |            4.8733 |            0.9058
 34893 |      6 | 2020-03-18 17:33:51   |        13.128 |        18.206 |          12.2 |             4.434 |             1.935 |             4.917 |             0.914
 34893 |      7 | 2020-03-18 17:34:04   |       13.1162 |       18.2067 |       11.1467 |             4.056 |            1.7615 |            4.5013 |            0.8279
 34893 |      8 | 2020-03-18 17:34:15   |       13.1255 |       18.2067 |        11.345 |             4.126 |             1.794 |             4.578 |             0.847
 34893 |      9 | 2020-03-18 17:34:25   |       13.1296 |       18.2059 |       11.8695 |            4.3156 |             1.881 |            4.7849 |             0.888
 34893 |     10 | 2020-03-18 17:34:34.5 |       13.1264 |        18.214 |       12.2673 |            4.4686 |             1.939 |            4.9465 |            0.9133
 34893 |     11 | 2020-03-18 17:34:44   |       13.1233 |       18.2062 |       11.9451 |            4.3423 |             1.893 |            4.8166 |            0.8932
 34893 |     12 | 2020-03-18 17:34:57   |       13.1196 |       18.2087 |       10.8134 |            3.9325 |            1.7086 |              4.37 |            0.8023
 34893 |     13 | 2020-03-18 17:35:10   |       13.1322 |       18.2085 |       11.5675 |            4.2078 |            1.8322 |            4.6632 |            0.8643
 34893 |     14 | 2020-03-18 17:35:19.5 |       13.1258 |       18.2062 |       11.5973 |            4.2174 |            1.8362 |            4.6769 |            0.8669
 34893 |     15 | 2020-03-18 17:35:29.5 |       13.1314 |       18.2054 |       12.1013 |            4.3998 |            1.9188 |            4.8754 |            0.9073
 34893 |     16 | 2020-03-18 17:35:39   |       13.1325 |       18.2105 |         12.14 |             4.415 |             1.926 |              4.89 |             0.909
 34893 |     17 | 2020-03-18 17:35:51.5 |       13.1268 |       18.2065 |        12.159 |            4.4193 |             1.928 |            4.9008 |            0.9109
 34893 |     18 | 2020-03-18 17:36:04.5 |       13.1245 |       18.2088 |       11.1676 |            4.0648 |            1.7628 |            4.5098 |            0.8301
 34893 |     19 | 2020-03-18 17:36:15   |       13.1255 |       18.2062 |        11.388 |             4.142 |             1.802 |             4.594 |              0.85
 34893 |     20 | 2020-03-18 17:36:28   |       13.1319 |       18.2075 |       12.0356 |            4.3758 |             1.908 |            4.8499 |             0.902
 34893 |     21 | 2020-03-18 17:36:40   |       13.1245 |       18.2072 |       12.0322 |            4.3857 |            1.8974 |            4.8547 |            0.8944
 34893 |     22 | 2020-03-18 17:36:48.5 |       13.1308 |       18.2055 |       12.2847 |             4.464 |            1.9494 |              4.95 |            0.9214
 34893 |     23 | 2020-03-18 17:36:59   |       13.1335 |       18.2095 |        10.808 |             3.931 |              1.71 |             4.365 |             0.802
 34893 |     24 | 2020-03-18 17:37:10   |       13.1237 |       18.2073 |       11.6143 |            4.2328 |            1.8344 |            4.6849 |            0.8621
 34893 |     25 | 2020-03-18 17:37:20   |       13.1292 |       18.2063 |       11.6981 |            4.2545 |            1.8526 |            4.7166 |            0.8745
 34893 |     26 | 2020-03-18 17:37:30   |       13.1313 |       18.2067 |       12.0937 |            4.3975 |            1.9172 |            4.8728 |            0.9063
 34893 |     27 | 2020-03-18 17:37:39.5 |       13.1313 |       18.2106 |       12.1339 |            4.4125 |            1.9244 |            4.8887 |            0.9083
 34893 |     28 | 2020-03-18 17:37:51.5 |       13.1299 |       18.2053 |       12.2014 |            4.4334 |             1.936 |            4.9171 |            0.9149
 34893 |     29 | 2020-03-18 17:38:05.5 |       13.1392 |       18.1921 |       11.2102 |            4.0793 |            1.7748 |            4.5199 |            0.8363
 34893 |     30 | 2020-03-18 17:38:16.5 |       13.1282 |       18.2057 |       11.5183 |            4.1893 |            1.8233 |            4.6448 |            0.8608
 34893 |     31 | 2020-03-18 17:38:25.5 |       13.1348 |       18.2057 |       11.9862 |            4.3565 |            1.9017 |            4.8291 |            0.8989
 34893 |     32 | 2020-03-18 17:38:34.5 |       13.1314 |       18.2099 |       12.0514 |            4.3843 |            1.9095 |            4.8555 |            0.9021
 34893 |     33 | 2020-03-18 17:38:44.5 |       13.1278 |       18.2074 |       12.0743 |            4.3883 |            1.9145 |            4.8669 |            0.9045
 34893 |     34 | 2020-03-18 17:38:57.5 |       13.1267 |       18.2075 |       10.6247 |            3.8625 |            1.6798 |            4.2947 |            0.7877
 34893 |     35 | 2020-03-18 17:39:10   |       13.1179 |        18.202 |       11.1102 |            4.0446 |            1.7544 |            4.4855 |            0.8257
 34893 |     36 | 2020-03-18 17:39:20   |       13.1288 |       18.2066 |       11.6718 |            4.2443 |            1.8487 |            4.7057 |            0.8731
 34893 |     37 | 2020-03-18 17:39:30   |       13.1346 |       18.2108 |       12.1875 |            4.4311 |            1.9346 |            4.9077 |            0.9141
 34893 |     38 | 2020-03-18 17:39:40   |       13.1259 |       18.2078 |       11.9345 |            4.3369 |             1.893 |            4.8105 |             0.894
 34893 |     39 | 2020-03-18 17:39:52   |       13.1257 |       18.2061 |       12.1437 |            4.4127 |             1.926 |             4.895 |            0.9099
 34893 |     40 | 2020-03-18 17:40:04.5 |       13.1108 |       18.1993 |       11.2293 |             4.089 |            1.7717 |             4.534 |            0.8345
 34893 |     41 | 2020-03-18 17:40:15   |       13.1245 |       18.2067 |        11.338 |             4.124 |             1.793 |             4.575 |             0.846
 34893 |     42 | 2020-03-18 17:40:25   |        13.132 |       18.2072 |       11.9622 |            4.3502 |             1.896 |            4.8202 |            0.8957
 34893 |     43 | 2020-03-18 17:40:35   |       13.1275 |       18.2165 |        11.928 |             4.351 |             1.878 |             4.814 |             0.885
 34893 |     44 | 2020-03-18 17:40:45   |       13.1281 |       18.2053 |       12.1142 |            4.4032 |            1.9207 |            4.8834 |            0.9069
 34893 |     45 | 2020-03-18 17:40:57.5 |       13.0987 |       18.1994 |       10.5709 |            3.8539 |            1.6604 |            4.2789 |            0.7777
 34893 |     46 | 2020-03-18 17:41:10   |       13.1252 |       18.2063 |       11.1186 |            4.0441 |            1.7577 |            4.4884 |            0.8284
 34893 |     47 | 2020-03-18 17:41:20   |       13.1304 |       18.2066 |       11.7526 |            4.2729 |             1.862 |            4.7385 |            0.8792
 34893 |     48 | 2020-03-18 17:41:30   |       13.1341 |       18.2097 |       12.0222 |            4.3725 |            1.9063 |            4.8429 |            0.9005
 34893 |     49 | 2020-03-18 17:41:40   |       13.1266 |       18.2065 |       12.0021 |            4.3626 |            1.9024 |            4.8381 |             0.899
 34893 |     50 | 2020-03-18 17:41:52.5 |       13.1242 |       18.2079 |       12.0496 |            4.3777 |            1.9107 |             4.858 |            0.9032
 34893 |     51 | 2020-03-18 17:42:05.5 |       13.1301 |       18.2085 |       11.0012 |            3.9996 |            1.7407 |            4.4414 |            0.8194
 34893 |     52 | 2020-03-18 17:42:15.5 |       13.1292 |       18.2063 |        11.555 |            4.2025 |            1.8293 |            4.6597 |            0.8635
 34893 |     53 | 2020-03-18 17:42:25   |       13.1333 |       18.2083 |        12.054 |            4.3842 |            1.9113 |            4.8559 |            0.9026
 34893 |     54 | 2020-03-18 17:42:35   |        13.125 |       18.2067 |        11.842 |             4.306 |             1.876 |             4.774 |             0.886
 34893 |     55 | 2020-03-18 17:42:45   |       13.1327 |       18.2056 |       12.3251 |            4.4801 |            1.9565 |            4.9645 |             0.924
 34893 |     56 | 2020-03-18 17:42:58   |       13.1216 |       18.2086 |       10.4352 |            3.7941 |             1.648 |              4.22 |            0.7731
 34893 |     57 | 2020-03-18 17:43:11   |        13.125 |       18.2063 |         11.17 |             4.063 |             1.766 |             4.508 |             0.833
 34893 |     58 | 2020-03-18 17:43:24.5 |       13.1319 |       18.2029 |       11.9854 |            4.3636 |            1.8965 |              4.83 |            0.8952
 34893 |     59 | 2020-03-18 17:43:37.5 |       13.1324 |       18.2058 |        11.871 |            4.3153 |            1.8812 |            4.7859 |            0.8886
 34893 |     60 | 2020-03-18 17:43:46   |       13.1302 |       18.2042 |       12.2081 |            4.4367 |            1.9363 |            4.9204 |            0.9147
 34893 |     61 | 2020-03-18 17:43:54.5 |       13.1082 |       18.2074 |       11.4623 |            4.1673 |            1.8119 |            4.6286 |            0.8545
 34893 |     62 | 2020-03-18 17:44:05   |       13.1293 |       18.2082 |       11.0583 |            4.0219 |            1.7492 |            4.4639 |            0.8233
 34893 |     63 | 2020-03-18 17:44:15.5 |       13.1304 |       18.2039 |       11.6033 |            4.2199 |            1.8379 |            4.6781 |            0.8674
 34893 |     64 | 2020-03-18 17:44:25.5 |       13.1348 |        18.211 |       11.9596 |            4.3494 |            1.8964 |            4.8183 |            0.8954
 34893 |     65 | 2020-03-18 17:44:35.5 |       13.1268 |       18.2068 |       11.9082 |            4.3299 |            1.8862 |            4.8006 |            0.8914
 34893 |     66 | 2020-03-18 17:44:45   |       13.1297 |       18.2042 |       12.1931 |            4.4303 |            1.9343 |             4.914 |            0.9144
 34893 |     67 | 2020-03-18 17:44:58   |       13.1194 |       18.2066 |       10.4194 |            3.7873 |            1.6449 |            4.2153 |            0.7719
 34893 |     68 | 2020-03-18 17:45:11   |        13.124 |        18.211 |        11.144 |             4.059 |              1.76 |             4.495 |              0.83
 34893 |     69 | 2020-03-18 17:45:20.5 |       13.1367 |       18.2077 |       11.8489 |            4.3083 |            1.8791 |            4.7735 |             0.888
 34893 |     70 | 2020-03-18 17:45:30   |       13.1133 |       18.1916 |       11.7512 |            4.2795 |            1.8559 |            4.7385 |            0.8773
 34893 |     71 | 2020-03-18 17:45:40.5 |       13.1287 |       18.2054 |       12.0898 |            4.3947 |            1.9167 |            4.8723 |            0.9062
 34893 |     72 | 2020-03-18 17:45:53   |       13.1186 |       18.2083 |       12.0135 |            4.3678 |            1.9038 |            4.8431 |            0.8988
 34893 |     73 | 2020-03-18 17:46:05.5 |       13.1247 |       18.2067 |       10.9552 |            3.9851 |            1.7318 |            4.4229 |            0.8155
 34893 |     74 | 2020-03-18 17:46:16   |       13.1347 |       18.2071 |       11.6807 |            4.2469 |            1.8507 |            4.7089 |            0.8742
 34893 |     75 | 2020-03-18 17:46:26   |       13.1175 |       18.2026 |       11.8907 |            4.3395 |            1.8723 |            4.7983 |            0.8807
 34893 |     76 | 2020-03-18 17:46:36   |       13.1283 |        18.206 |       11.9847 |            4.3577 |            1.8994 |            4.8301 |            0.8974
 34893 |     77 | 2020-03-18 17:46:45.5 |       13.1313 |       18.2066 |       12.2917 |            4.4676 |            1.9501 |            4.9521 |            0.9219
 34893 |     78 | 2020-03-18 17:46:58   |       13.1214 |       18.2059 |       10.5062 |            3.8194 |            1.6592 |            4.2492 |            0.7784
 34893 |     79 | 2020-03-18 17:47:11   |        13.129 |        18.206 |         11.35 |             4.128 |             1.796 |             4.579 |             0.847
 34893 |     80 | 2020-03-18 17:47:21   |       13.1329 |       18.2079 |       11.7924 |            4.2872 |            1.8701 |            4.7514 |            0.8836
 34893 |     81 | 2020-03-18 17:47:31   |       13.1255 |       18.2065 |        11.789 |             4.287 |             1.867 |             4.753 |             0.882
 34893 |     82 | 2020-03-18 17:47:41   |       13.1303 |       18.2048 |       12.1863 |             4.429 |            1.9335 |            4.9103 |            0.9135
 34893 |     83 | 2020-03-18 17:47:53   |       13.1179 |       18.2077 |       11.8375 |            4.3029 |            1.8746 |            4.7745 |            0.8854
 34893 |     84 | 2020-03-18 17:48:07   |       13.1275 |       18.2067 |        11.105 |             4.039 |             1.757 |             4.482 |             0.827
 34893 |     85 | 2020-03-18 17:48:18   |       13.1335 |       18.2095 |       11.8542 |            4.3118 |             1.879 |            4.7764 |             0.887
 34893 |     86 | 2020-03-18 17:48:26.5 |       13.1413 |       18.2102 |       11.9086 |             4.334 |            1.8876 |            4.7985 |            0.8885
 34893 |     87 | 2020-03-18 17:48:36   |       13.1294 |       18.2055 |       12.0346 |            4.3747 |             1.908 |            4.8504 |            0.9015
 34893 |     88 | 2020-03-18 17:48:46   |       13.1322 |       18.2083 |       12.3617 |            4.4938 |            1.9616 |            4.9791 |            0.9272
 34893 |     89 | 2020-03-18 17:48:58.5 |       13.1253 |       18.2057 |       10.5045 |             3.819 |            1.6592 |            4.2482 |            0.7781
 34893 |     90 | 2020-03-18 17:49:11   |       13.1265 |        18.206 |        11.224 |             4.082 |             1.776 |             4.529 |             0.837
 34893 |     91 | 2020-03-18 17:49:21   |       13.1335 |       18.2098 |       11.8493 |            4.3104 |            1.8784 |            4.7738 |            0.8867
 34893 |     92 | 2020-03-18 17:49:31   |       13.1265 |       18.2062 |        11.846 |             4.307 |             1.877 |             4.775 |             0.887
 34893 |     93 | 2020-03-18 17:49:41   |       13.1301 |       18.2059 |       12.1693 |             4.423 |            1.9307 |            4.9038 |            0.9118
 34893 |     94 | 2020-03-18 17:49:53   |       13.1196 |       18.2081 |       11.9107 |            4.3297 |            1.8865 |            4.8033 |            0.8912
 34893 |     95 | 2020-03-18 17:50:06   |       13.1275 |       18.2071 |       11.0649 |            4.0247 |            1.7498 |            4.4666 |            0.8238
 34893 |     96 | 2020-03-18 17:50:17   |       13.1094 |       18.2096 |       11.7559 |            4.2787 |            1.8598 |            4.7409 |            0.8766
 34893 |     97 | 2020-03-18 17:50:29   |       13.1245 |       18.2058 |       11.7134 |            4.2591 |            1.8548 |             4.723 |            0.8766
 34893 |     98 | 2020-03-18 17:50:40   |       13.1316 |       18.2047 |         12.22 |             4.442 |            1.9387 |            4.9233 |             0.916
 34893 |     99 | 2020-03-18 17:50:50.5 |       13.1329 |       18.2064 |       12.4165 |            4.5119 |            1.9717 |            5.0017 |            0.9313
 34893 |    100 | 2020-03-18 17:51:02   |       13.1229 |       18.2008 |       11.0204 |            4.0099 |            1.7412 |            4.4513 |            0.8179
 34893 |    101 | 2020-03-18 17:51:12   |       13.1297 |       18.2088 |       11.2402 |            4.0879 |            1.7791 |            4.5349 |            0.8382
 34893 |    102 | 2020-03-18 17:51:22   |       13.1299 |       18.2063 |         11.77 |            4.2799 |            1.8649 |            4.7446 |            0.8806
 34893 |    103 | 2020-03-18 17:51:32   |       13.1337 |       18.2102 |       12.2381 |            4.4491 |             1.943 |            4.9276 |            0.9185
 34893 |    104 | 2020-03-18 17:51:41.5 |       13.1258 |       18.2062 |       11.9426 |            4.3408 |            1.8931 |            4.8145 |            0.8943
 34893 |    105 | 2020-03-18 17:51:54.5 |        13.121 |       18.2047 |       11.6936 |            4.2501 |            1.8517 |            4.7187 |            0.8731
 34893 |    106 | 2020-03-18 17:52:07   |         13.13 |       18.2055 |        11.186 |             4.068 |              1.77 |             4.514 |             0.834
 34893 |    107 | 2020-03-18 17:52:17   |        13.128 |       18.2062 |        11.504 |             4.184 |             1.821 |              4.64 |             0.859
 34893 |    108 | 2020-03-18 17:52:27   |        13.126 |       18.2075 |        11.704 |             4.257 |             1.853 |             4.719 |             0.875
 34893 |    109 | 2020-03-18 17:52:37   |        13.076 |       18.1965 |        12.016 |             4.384 |             1.894 |             4.847 |             0.891
 34893 |    110 | 2020-03-18 17:52:47   |       13.1325 |       18.2087 |        12.165 |             4.422 |              1.93 |             4.901 |             0.912
 34893 |    111 | 2020-03-18 17:53:00   |       13.1333 |        18.207 |       10.5403 |            3.8319 |            1.6669 |            4.2607 |            0.7808
 34893 |    112 | 2020-03-18 17:53:12.5 |       13.1312 |        18.206 |       11.5341 |            4.1949 |             1.826 |            4.6509 |            0.8623
 34893 |    113 | 2020-03-18 17:53:22   |       13.1257 |       18.2001 |       11.5325 |             4.195 |             1.825 |            4.6511 |            0.8614
 34893 |    114 | 2020-03-18 17:53:32   |       13.1284 |       18.2061 |       11.9415 |            4.3416 |            1.8929 |             4.813 |             0.894
 34893 |    115 | 2020-03-18 17:53:42.5 |       13.1326 |       18.2086 |        12.329 |             4.482 |            1.9562 |            4.9662 |            0.9246
 34893 |    116 | 2020-03-18 17:53:56   |       13.1183 |       18.2075 |       11.1959 |            4.0688 |            1.7711 |             4.522 |            0.8339
 34893 |    117 | 2020-03-18 17:54:08.5 |        13.131 |       18.2046 |        11.294 |            4.1071 |            1.7879 |            4.5565 |            0.8425
 34893 |    118 | 2020-03-18 17:54:18   |       13.1343 |       18.2104 |       11.7106 |            4.2616 |             1.855 |            4.7197 |            0.8743
 34893 |    119 | 2020-03-18 17:54:28   |       13.1269 |       18.2067 |       11.7809 |             4.284 |            1.8661 |            4.7496 |            0.8813
 34893 |    120 | 2020-03-18 17:54:37.5 |       13.1309 |       18.2058 |       12.1566 |            4.4194 |            1.9277 |            4.8981 |            0.9114
 34893 |    121 | 2020-03-18 17:54:47   |       13.1335 |       18.2105 |        12.202 |             4.436 |             1.936 |             4.916 |             0.914
 34893 |    122 | 2020-03-18 17:55:00   |       13.1307 |       18.2042 |       10.4809 |            3.8094 |             1.657 |            4.2379 |            0.7766
 34893 |    123 | 2020-03-18 17:55:13.5 |       13.1317 |       18.2066 |       11.6018 |            4.2199 |            1.8374 |            4.6772 |            0.8674
 34893 |    124 | 2020-03-18 17:55:23   |        13.133 |        18.209 |         11.76 |             4.277 |             1.863 |              4.74 |              0.88
 34893 |    125 | 2020-03-18 17:55:33   |        13.131 |       18.2118 |       12.0159 |            4.3779 |            1.8976 |            4.8457 |            0.8947
 34893 |    126 | 2020-03-18 17:55:43   |       13.1345 |       18.2092 |        12.372 |             4.498 |             1.964 |             4.982 |             0.928
 34893 |    127 | 2020-03-18 17:55:55.5 |       13.1127 |        18.206 |       11.3574 |            4.1291 |            1.7962 |            4.5861 |             0.846
 34893 |    128 | 2020-03-18 17:56:08   |       13.1311 |       18.2036 |       11.2592 |             4.094 |            1.7817 |            4.5438 |            0.8397
 34893 |    129 | 2020-03-18 17:56:18   |       13.1275 |       18.2164 |        11.666 |            4.2559 |            1.8378 |            4.7076 |            0.8647
 34893 |    130 | 2020-03-18 17:56:28   |       13.1278 |       18.2067 |       11.8259 |            4.3014 |            1.8731 |            4.7669 |            0.8846
 34893 |    131 | 2020-03-18 17:56:38   |        13.132 |        18.209 |       12.2103 |            4.4367 |            1.9381 |            4.9193 |            0.9162
 34893 |    132 | 2020-03-18 17:56:48   |        13.132 |       18.1966 |         12.19 |             4.436 |            1.9284 |            4.9154 |            0.9102
 34893 |    133 | 2020-03-18 17:57:01   |        13.131 |       18.2053 |       10.5859 |            3.8486 |            1.6742 |            4.2784 |            0.7847
 34893 |    134 | 2020-03-18 17:57:14.5 |        13.135 |       18.2097 |       11.4728 |            4.1716 |            1.8177 |             4.626 |            0.8574
 34893 |    135 | 2020-03-18 17:57:29   |       13.1278 |        18.206 |       11.8625 |            4.3137 |            1.8793 |            4.7821 |            0.8873
 34893 |    136 | 2020-03-18 17:57:42   |       13.0974 |       18.1932 |       12.3381 |            4.4972 |            1.9483 |            4.9742 |            0.9184
 34893 |    137 | 2020-03-18 17:57:50.5 |        13.129 |        18.208 |        12.081 |            4.3904 |             1.916 |            4.8701 |            0.9045
 34893 |    138 | 2020-03-18 17:58:02   |       13.1296 |       18.2059 |       10.7337 |            3.9033 |            1.6972 |            4.3371 |            0.7961
 34893 |    139 | 2020-03-18 17:58:13   |       13.1467 |       18.2072 |        11.459 |             4.166 |            1.8156 |            4.6215 |            0.8559
 34893 |    140 | 2020-03-18 17:58:22   |       13.0933 |       18.2048 |        11.523 |            4.1945 |            1.8202 |            4.6496 |            0.8588
 34893 |    141 | 2020-03-18 17:58:31   |       13.1285 |       18.2065 |         11.92 |             4.334 |             1.889 |             4.805 |             0.892
 34893 |    142 | 2020-03-18 17:58:39.5 |       13.1347 |       18.2108 |       12.3119 |            4.4775 |            1.9529 |            4.9593 |            0.9222
 34893 |    143 | 2020-03-18 17:58:48.5 |       13.0931 |       18.1956 |        12.072 |             4.398 |            1.9067 |             4.869 |            0.8983
 34893 |    144 | 2020-03-18 17:59:01   |       13.1323 |       18.2051 |       10.6152 |            3.8587 |            1.6793 |            4.2901 |            0.7871
 34893 |    145 | 2020-03-18 17:59:14   |       13.1137 |       18.2229 |       11.7111 |            4.2726 |            1.8463 |            4.7236 |            0.8686
 34893 |    146 | 2020-03-18 17:59:23.5 |       13.1242 |       18.2084 |       11.5835 |            4.2126 |             1.833 |             4.672 |            0.8659
 34893 |    147 | 2020-03-18 17:59:33.5 |       13.1315 |       18.2063 |       12.0702 |            4.3882 |            1.9136 |            4.8642 |            0.9042
 34893 |    148 | 2020-03-18 17:59:43   |       13.1325 |       18.1905 |         12.13 |             4.415 |             1.921 |             4.887 |             0.907
 34893 |    149 | 2020-03-18 17:59:56   |       13.1142 |       18.2056 |       11.2696 |            4.0968 |            1.7813 |            4.5519 |            0.8395
 34893 |    150 | 2020-03-18 18:00:09.5 |       13.1272 |       18.2074 |       11.2689 |            4.0997 |            1.7833 |             4.546 |            0.8398
 34893 |    151 | 2020-03-18 18:00:19   |       13.0085 |       18.1938 |        11.454 |             4.178 |             1.802 |             4.624 |              0.85
 34893 |    152 | 2020-03-18 18:00:29   |        13.124 |       18.2062 |       11.8395 |            4.3047 |            1.8759 |            4.7733 |            0.8856
 34893 |    153 | 2020-03-18 18:00:39   |        13.133 |       18.2077 |        12.263 |             4.458 |             1.946 |              4.94 |             0.919
 34893 |    154 | 2020-03-18 18:00:49.5 |       13.1303 |       18.2075 |       12.1281 |            4.4082 |            1.9241 |            4.8882 |            0.9076
 34893 |    155 | 2020-03-18 18:01:02   |       13.1312 |       18.2061 |       10.7851 |            3.9213 |            1.7058 |            4.3572 |            0.8008
 34893 |    156 | 2020-03-18 18:01:14   |       13.1339 |        18.209 |       11.5148 |            4.1894 |            1.8233 |            4.6428 |            0.8593
 34893 |    157 | 2020-03-18 18:01:24   |       13.1269 |       18.2071 |       11.6743 |            4.2456 |            1.8483 |            4.7076 |            0.8728
 34893 |    158 | 2020-03-18 18:01:33.5 |       13.1313 |        18.207 |        12.075 |            4.3905 |            1.9148 |            4.8654 |            0.9044
 34893 |    159 | 2020-03-18 18:01:43   |        13.133 |       18.2095 |        12.131 |              4.41 |             1.925 |             4.887 |             0.909
 34893 |    160 | 2020-03-18 18:01:56   |       13.1167 |       18.2062 |       11.2824 |            4.1017 |            1.7844 |            4.5561 |            0.8402
 34893 |    161 | 2020-03-18 18:02:09.5 |       13.1305 |       18.2073 |       11.3335 |            4.1217 |            1.7936 |            4.5725 |            0.8456
 34893 |    162 | 2020-03-18 18:02:19   |        13.125 |       18.2063 |        11.425 |             4.155 |             1.808 |             4.609 |             0.853
 34893 |    163 | 2020-03-18 18:02:29   |       13.1297 |       18.2055 |       11.9149 |            4.3322 |            1.8877 |            4.8028 |            0.8922
 34893 |    164 | 2020-03-18 18:02:38.5 |       13.1339 |       18.2086 |        12.293 |            4.4691 |            1.9507 |            4.9513 |             0.922
 34893 |    165 | 2020-03-18 18:02:48   |       13.1329 |       18.2096 |        12.203 |            4.4353 |            1.9367 |            4.9169 |            0.9141
 34893 |    166 | 2020-03-18 18:03:01.5 |       13.1317 |       18.2064 |       10.7057 |             3.892 |            1.6934 |            4.3256 |            0.7947
 34893 |    167 | 2020-03-18 18:03:14.5 |       13.1333 |       18.2103 |       11.5173 |              4.19 |             1.824 |            4.6437 |            0.8596
 34893 |    168 | 2020-03-18 18:03:24   |       13.1278 |       18.2065 |       11.7045 |            4.2564 |             1.854 |            4.7188 |            0.8752
 34893 |    169 | 2020-03-18 18:03:34   |       13.1326 |       18.2065 |       12.1086 |            4.4001 |            1.9224 |            4.8779 |            0.9083
 34893 |    170 | 2020-03-18 18:03:43.5 |       13.1331 |       18.2096 |       12.1192 |            4.4047 |            1.9241 |            4.8825 |             0.908
 34893 |    171 | 2020-03-18 18:03:56.5 |       13.1191 |       18.2073 |       11.1458 |            4.0518 |            1.7624 |            4.5021 |            0.8294
 34893 |    172 | 2020-03-18 18:04:09.5 |       13.1326 |       18.2067 |       11.4366 |            4.1594 |            1.8109 |             4.612 |            0.8542
 34893 |    173 | 2020-03-18 18:04:21.5 |       13.1259 |       18.2067 |       11.5644 |            4.2059 |            1.8307 |            4.6634 |            0.8644
 34893 |    174 | 2020-03-18 18:04:34   |       13.1329 |       18.2074 |       12.1613 |            4.4219 |            1.9286 |            4.8993 |            0.9116
 34893 |    175 | 2020-03-18 18:04:43.5 |       13.1327 |       18.2104 |       12.1419 |            4.4148 |             1.926 |             4.892 |            0.9091
 34893 |    176 | 2020-03-18 18:04:52   |       13.1231 |       18.2067 |       12.0646 |            4.3844 |            1.9126 |            4.8643 |            0.9033
 34893 |    177 | 2020-03-18 18:05:02.5 |       13.1282 |       18.2067 |       10.7863 |            3.9225 |            1.7055 |            4.3568 |            0.8015
 34893 |    178 | 2020-03-18 18:05:14   |       13.1322 |       18.2075 |       11.4599 |            4.1676 |            1.8147 |            4.6221 |            0.8555
 34893 |    179 | 2020-03-18 18:05:24   |       13.1277 |       18.2066 |       11.7142 |            4.2602 |            1.8554 |            4.7226 |             0.876
 34893 |    180 | 2020-03-18 18:05:34   |       13.1316 |       18.2069 |       12.0812 |            4.3922 |             1.916 |            4.8676 |            0.9054
 34893 |    181 | 2020-03-18 18:05:44   |       13.1403 |       18.2111 |       12.1837 |            4.4306 |            1.9343 |            4.9085 |            0.9104
 34893 |    182 | 2020-03-18 18:05:56.5 |       13.1222 |        18.208 |       11.1552 |            4.0526 |            1.7658 |            4.5054 |            0.8314
 34893 |    183 | 2020-03-18 18:06:10   |       13.1391 |       18.2109 |       11.5154 |            4.1867 |            1.8257 |            4.6421 |            0.8609
 34893 |    184 | 2020-03-18 18:06:19.5 |       13.1284 |       18.2081 |       11.4736 |            4.1718 |            1.8166 |            4.6282 |             0.857
 34893 |    185 | 2020-03-18 18:06:29   |       13.1309 |       18.2063 |       11.9571 |            4.3474 |             1.896 |            4.8182 |            0.8954
 34893 |    186 | 2020-03-18 18:06:39   |        13.133 |         18.21 |        12.336 |             4.486 |             1.958 |             4.968 |             0.924
 34893 |    187 | 2020-03-18 18:06:49   |       13.1279 |        18.206 |       12.0915 |            4.3925 |            1.9193 |            4.8731 |            0.9065
 34893 |    188 | 2020-03-18 18:07:01.5 |       13.1332 |       18.2058 |       10.7633 |            3.9127 |            1.7028 |            4.3479 |            0.7998
 34893 |    189 | 2020-03-18 18:07:14.5 |       13.1248 |         18.21 |       11.3083 |            4.1217 |             1.782 |            4.5642 |            0.8404
 34893 |    190 | 2020-03-18 18:07:24   |       13.1288 |       18.2063 |       11.7442 |             4.271 |              1.86 |            4.7344 |            0.8789
 34893 |    191 | 2020-03-18 18:07:34   |       13.1447 |       18.2093 |       12.2226 |            4.4438 |            1.9407 |            4.9224 |            0.9159
 34893 |    192 | 2020-03-18 18:07:44   |       13.0765 |       18.2117 |       11.9547 |            4.3558 |             1.885 |            4.8241 |            0.8898
 34893 |    193 | 2020-03-18 18:08:00.5 |       13.1347 |       18.2077 |       10.6668 |            3.8781 |            1.6878 |            4.3098 |             0.791
 34893 |    194 | 2020-03-18 18:08:15.5 |       13.1232 |       18.1877 |       11.2852 |            4.1108 |            1.7816 |            4.5534 |            0.8394
 34893 |    195 | 2020-03-18 18:08:23   |       13.1285 |        18.207 |        11.711 |             4.259 |             1.855 |             4.722 |             0.875
 34893 |    196 | 2020-03-18 18:08:32   |        13.133 |       18.2074 |       12.1472 |            4.4159 |            1.9273 |            4.8934 |            0.9105
 34893 |    197 | 2020-03-18 18:08:40.5 |        13.129 |       18.2026 |       12.0057 |             4.369 |            1.9014 |            4.8384 |            0.8969
 34893 |    198 | 2020-03-18 18:08:49   |       13.1279 |       18.2081 |       12.0727 |            4.3864 |            1.9155 |            4.8664 |            0.9045
 34893 |    199 | 2020-03-18 18:09:02   |       13.1339 |       18.2067 |       10.8935 |            3.9606 |            1.7241 |            4.3991 |            0.8097
 34893 |    200 | 2020-03-18 18:09:14.5 |       13.1258 |       18.2058 |       11.2954 |            4.1076 |            1.7866 |             4.558 |            0.8432
 34893 |    201 | 2020-03-18 18:09:24   |       13.1298 |       18.2063 |        11.788 |            4.2871 |            1.8676 |            4.7515 |            0.8817
 34893 |    202 | 2020-03-18 18:09:34   |       13.1345 |       18.2087 |       12.2384 |            4.4517 |            1.9426 |            4.9283 |            0.9158
 34893 |    203 | 2020-03-18 18:09:44   |       13.1242 |        18.206 |       11.9205 |            4.3326 |            1.8899 |            4.8061 |            0.8918
 34893 |    204 | 2020-03-18 18:09:57   |        13.124 |       18.2078 |       11.1176 |             4.041 |            1.7593 |            4.4902 |            0.8271
 34893 |    205 | 2020-03-18 18:10:10   |       13.1316 |       18.2042 |       11.3578 |            4.1298 |            1.7986 |            4.5812 |            0.8482
 34893 |    206 | 2020-03-18 18:10:19.5 |       13.1263 |       18.2065 |       11.5211 |            4.1898 |            1.8237 |            4.6468 |            0.8608
 34893 |    207 | 2020-03-18 18:10:29   |        13.131 |       18.2067 |        11.976 |            4.3541 |            1.8988 |            4.8259 |            0.8972
 34893 |    208 | 2020-03-18 18:10:39.5 |       13.1333 |       18.2106 |       12.1242 |            4.4085 |            1.9243 |            4.8835 |            0.9078
 34893 |    209 | 2020-03-18 18:10:49.5 |       13.1268 |       18.2057 |       12.0524 |            4.3797 |             1.912 |            4.8588 |            0.9019
 34893 |    210 | 2020-03-18 18:11:02   |        13.133 |       18.2079 |       10.9161 |            3.9697 |            1.7271 |            4.4079 |            0.8114
 34893 |    211 | 2020-03-18 18:11:15.5 |       13.1282 |        18.207 |       11.3405 |            4.1248 |            1.7948 |            4.5743 |            0.8466
 34893 |    212 | 2020-03-18 18:11:28   |       13.1279 |       18.2052 |       11.8127 |            4.2954 |            1.8711 |            4.7623 |            0.8839
 34893 |    213 | 2020-03-18 18:11:39.5 |       13.1287 |       18.2066 |        12.094 |             4.396 |            1.9178 |             4.874 |            0.9062
 34893 |    214 | 2020-03-18 18:11:48   |       13.1217 |       18.2119 |        12.432 |            4.5217 |             1.972 |            5.0093 |             0.929
 34893 |    215 | 2020-03-18 18:11:58.5 |       13.1135 |        18.209 |       10.6831 |            3.8894 |            1.6835 |            4.3206 |            0.7896
 34893 |    216 | 2020-03-18 18:12:10   |       13.1283 |       18.2059 |       11.2363 |            4.0872 |            1.7774 |            4.5341 |            0.8376
 34893 |    217 | 2020-03-18 18:12:20   |       13.1341 |       18.2096 |       11.9457 |            4.3451 |            1.8951 |             4.812 |            0.8936
 34893 |    218 | 2020-03-18 18:12:30   |       13.1267 |        18.206 |       11.7965 |            4.2885 |            1.8694 |            4.7558 |            0.8828
 34893 |    219 | 2020-03-18 18:12:40   |       13.1301 |       18.2059 |       12.1959 |            4.4334 |            1.9343 |            4.9134 |            0.9149
 34893 |    220 | 2020-03-18 18:12:50   |       13.0785 |       18.2001 |       12.3346 |            4.4995 |            1.9441 |            4.9756 |            0.9155
 34893 |    221 | 2020-03-18 18:13:02.5 |       13.1318 |       18.2067 |       10.7111 |             3.895 |            1.6939 |            4.3278 |            0.7945
 34893 |    222 | 2020-03-18 18:13:15   |       13.1329 |        18.208 |       11.6606 |            4.2415 |            1.8472 |            4.7005 |            0.8714
 34893 |    223 | 2020-03-18 18:13:25   |       13.1245 |       18.2062 |        11.573 |             4.209 |             1.832 |             4.667 |             0.865
 34893 |    224 | 2020-03-18 18:13:35   |       13.1298 |       18.2048 |        12.023 |            4.3709 |            1.9062 |            4.8453 |            0.9006
 34893 |    225 | 2020-03-18 18:13:45   |       13.1345 |       18.2095 |        12.391 |             4.505 |             1.967 |              4.99 |             0.929
 34893 |    226 | 2020-03-18 18:13:57.5 |       13.1049 |       18.2042 |       10.7793 |             3.921 |            1.7002 |            4.3594 |            0.7987
 34893 |    227 | 2020-03-18 18:14:10.5 |       13.1301 |       18.2033 |       11.3521 |            4.1275 |            1.7976 |            4.5802 |            0.8468
 34893 |    228 | 2020-03-18 18:14:20   |       13.1329 |       18.2125 |        11.764 |            4.2822 |            1.8625 |            4.7414 |            0.8779
 34893 |    229 | 2020-03-18 18:14:30   |       13.1275 |        18.207 |       11.8272 |            4.3009 |            1.8738 |            4.7681 |            0.8844
 34893 |    230 | 2020-03-18 18:14:40   |       13.1301 |       18.2034 |       12.1344 |            4.4103 |            1.9249 |            4.8893 |            0.9099
 34893 |    231 | 2020-03-18 18:14:53.5 |       13.1225 |       18.2064 |       11.9195 |            4.3321 |            1.8887 |            4.8071 |            0.8916
 34893 |    232 | 2020-03-18 18:15:06.5 |       13.1243 |       18.2061 |       10.8645 |            3.9504 |            1.7176 |            4.3891 |            0.8074
 34893 |    233 | 2020-03-18 18:15:16   |       13.1335 |       18.2091 |       11.7255 |            4.2649 |             1.858 |            4.7257 |            0.8769
 34893 |    234 | 2020-03-18 18:15:26   |       13.1239 |       18.2064 |       11.5885 |            4.2143 |            1.8339 |            4.6743 |            0.8659
 34893 |    235 | 2020-03-18 18:15:35.5 |       13.1293 |       18.2068 |       12.0086 |            4.3651 |             1.904 |            4.8403 |            0.8991
 34893 |    236 | 2020-03-18 18:15:45   |       13.1395 |         18.21 |        12.409 |             4.513 |             1.971 |             4.997 |             0.928
 34893 |    237 | 2020-03-18 18:15:58   |       13.0972 |       18.2017 |       10.7003 |            3.8911 |            1.6882 |            4.3273 |            0.7938
 34893 |    238 | 2020-03-18 18:16:11   |       13.1274 |       18.2053 |       11.4486 |            4.1631 |            1.8135 |            4.6177 |            0.8543
 34893 |    239 | 2020-03-18 18:16:21   |       13.1325 |       18.1895 |        11.668 |             4.243 |             1.849 |             4.704 |             0.872
 34893 |    240 | 2020-03-18 18:16:31   |        13.128 |       18.2058 |        11.905 |            4.3285 |            1.8866 |            4.7988 |            0.8912
 34893 |    241 | 2020-03-18 18:16:41   |       13.1325 |       18.2075 |        12.259 |             4.456 |             1.946 |             4.938 |             0.919
 34893 |    242 | 2020-03-18 18:16:53   |       13.1255 |       18.2065 |        12.068 |             4.385 |             1.914 |             4.865 |             0.904
 34893 |    243 | 2020-03-18 18:17:05.5 |       13.1282 |       18.2034 |       10.9853 |            3.9935 |            1.7382 |            4.4361 |            0.8175
 34893 |    244 | 2020-03-18 18:17:16   |       13.1294 |       18.2025 |       11.4145 |            4.1516 |            1.8063 |            4.6044 |            0.8522
 34893 |    245 | 2020-03-18 18:17:26   |       13.1302 |       18.2077 |       11.8629 |             4.315 |            1.8794 |            4.7815 |            0.8871
 34893 |    246 | 2020-03-18 18:17:36   |       13.1271 |       18.2102 |       11.9818 |            4.3611 |            1.8952 |             4.831 |            0.8944
 34893 |    247 | 2020-03-18 18:17:46   |       13.1328 |       18.2053 |       12.2257 |            4.4418 |            1.9421 |             4.925 |            0.9168
 34893 |    248 | 2020-03-18 18:17:59   |        13.092 |        18.191 |         10.35 |             3.777 |             1.624 |             4.192 |             0.757
 34893 |    249 | 2020-03-18 18:18:12   |       13.1269 |       18.2071 |       11.2278 |             4.084 |            1.7768 |            4.5303 |            0.8368
 34893 |    250 | 2020-03-18 18:18:24.5 |       13.1384 |       18.2072 |       11.9627 |            4.3502 |            1.8971 |             4.819 |            0.8963
 34893 |    251 | 2020-03-18 18:18:37.5 |       13.1137 |       18.2001 |       11.8656 |            4.3172 |            1.8767 |             4.785 |            0.8866
 34893 |    252 | 2020-03-18 18:18:47   |       13.1305 |       18.2045 |        12.251 |             4.452 |             1.945 |             4.936 |             0.918
 34893 |    253 | 2020-03-18 18:18:55.5 |        13.118 |       18.2069 |       11.6453 |             4.233 |            1.8434 |            4.6997 |            0.8692
 34893 |    254 | 2020-03-18 18:19:06   |       13.1268 |       18.2072 |       10.9174 |            3.9704 |            1.7262 |              4.41 |            0.8108
 34893 |    255 | 2020-03-18 18:19:16.5 |       13.1285 |       18.2061 |       11.5178 |            4.1884 |            1.8235 |            4.6458 |            0.8602
 34893 |    256 | 2020-03-18 18:19:26   |       13.1336 |       18.2098 |       12.0679 |            4.3891 |             1.914 |            4.8612 |            0.9037
 34893 |    257 | 2020-03-18 18:19:36   |       13.1248 |       18.2061 |       11.8309 |            4.3007 |            1.8743 |            4.7707 |            0.8852
 34893 |    258 | 2020-03-18 18:19:46   |       13.1305 |       18.2061 |       12.2171 |            4.4402 |            1.9385 |            4.9226 |            0.9158
 34893 |    259 | 2020-03-18 18:19:59   |        13.108 |       18.2065 |        10.207 |             3.712 |             1.609 |             4.132 |             0.754
 34893 |    260 | 2020-03-18 18:20:12   |        13.133 |       18.2085 |        11.316 |             4.116 |             1.792 |             4.564 |             0.844
 34893 |    261 | 2020-03-18 18:20:22   |       13.1313 |       18.2077 |        11.876 |            4.3185 |            1.8824 |            4.7853 |            0.8898
 34893 |    262 | 2020-03-18 18:20:31.5 |       13.1304 |       18.2104 |       11.9499 |            4.3488 |            1.8926 |            4.8174 |            0.8912
 34893 |    263 | 2020-03-18 18:20:41   |       13.1286 |       18.2064 |       12.0631 |            4.3848 |            1.9127 |            4.8624 |            0.9032
 34893 |    264 | 2020-03-18 18:20:53.5 |       13.1266 |       18.2065 |       12.2345 |            4.4468 |            1.9403 |             4.931 |            0.9164
 34893 |    265 | 2020-03-18 18:21:07   |       13.1265 |       18.2065 |         10.95 |             3.982 |             1.731 |             4.422 |             0.815
 34893 |    266 | 2020-03-18 18:21:17.5 |       13.1298 |       18.2031 |       11.6019 |            4.2175 |            1.8386 |            4.6776 |            0.8682
 34893 |    267 | 2020-03-18 18:21:27   |        13.095 |       18.1975 |         11.96 |             4.364 |             1.884 |             4.824 |             0.888
 34893 |    268 | 2020-03-18 18:21:37   |       13.1269 |       18.2086 |       11.9628 |            4.3483 |            1.8965 |            4.8218 |            0.8962
 34893 |    269 | 2020-03-18 18:21:47   |       13.1325 |        18.207 |        12.313 |             4.475 |             1.955 |              4.96 |             0.923
 34893 |    270 | 2020-03-18 18:22:00   |       13.1101 |        18.208 |       10.2157 |            3.7194 |            1.6071 |            4.1366 |            0.7527
 34893 |    271 | 2020-03-18 18:22:12.5 |       13.1283 |       18.2073 |       11.3274 |            4.1198 |            1.7926 |              4.57 |            0.8449
 34893 |    272 | 2020-03-18 18:22:22   |       13.1161 |       18.2108 |       11.7416 |            4.2751 |            1.8562 |            4.7352 |            0.8751
 34893 |    273 | 2020-03-18 18:22:32   |       13.1281 |       18.2068 |       11.9157 |            4.3326 |            1.8878 |            4.8033 |            0.8921
 34893 |    274 | 2020-03-18 18:22:42   |       13.1333 |       18.2074 |       12.1965 |            4.4338 |             1.935 |            4.9138 |             0.914
 34893 |    275 | 2020-03-18 18:22:54   |       13.1264 |       18.2058 |       12.1067 |            4.3995 |            1.9201 |            4.8809 |            0.9062
 34893 |    276 | 2020-03-18 18:23:08   |       13.1275 |       18.2072 |       11.0568 |             4.021 |            1.7486 |            4.4635 |            0.8237
 34893 |    277 | 2020-03-18 18:23:19   |       13.1325 |       18.2082 |        11.791 |             4.289 |             1.868 |             4.752 |             0.882
 34893 |    278 | 2020-03-18 18:23:27.5 |       13.1273 |       18.2114 |       11.8822 |            4.3252 |            1.8818 |            4.7901 |            0.8851
 34893 |    279 | 2020-03-18 18:23:37   |       13.1267 |       18.2068 |       11.9558 |            4.3461 |            1.8947 |            4.8194 |            0.8956
 34893 |    280 | 2020-03-18 18:23:46.5 |       13.1332 |       18.2081 |       12.3337 |            4.4826 |             1.958 |            4.9683 |            0.9248
 34893 |    281 | 2020-03-18 18:23:59.5 |       13.1097 |       18.2065 |       10.1664 |            3.6961 |            1.6025 |            4.1165 |            0.7513
 34893 |    282 | 2020-03-18 18:24:12.5 |       13.1279 |        18.206 |       11.2526 |            4.0928 |            1.7803 |            4.5405 |            0.8391
 34893 |    283 | 2020-03-18 18:24:22   |       13.1268 |       18.2068 |        11.948 |            4.3543 |            1.8866 |            4.8186 |            0.8885
 34893 |    284 | 2020-03-18 18:24:32   |       13.1258 |       18.2052 |       11.7897 |            4.2853 |            1.8684 |            4.7534 |            0.8826
 34893 |    285 | 2020-03-18 18:24:42   |       13.1283 |       18.2061 |       12.0957 |            4.3964 |             1.918 |             4.875 |            0.9063
 34893 |    286 | 2020-03-18 18:24:54   |       13.1263 |        18.206 |       12.1755 |            4.4247 |            1.9313 |            4.9074 |            0.9121
 34893 |    287 | 2020-03-18 18:25:07   |       13.1264 |       18.2072 |       10.8608 |            3.9501 |            1.7171 |            4.3858 |            0.8077
 34893 |    288 | 2020-03-18 18:25:19   |        13.133 |       18.2078 |        11.781 |             4.285 |             1.866 |             4.748 |             0.882
 34893 |    289 | 2020-03-18 18:25:32   |       13.1235 |        18.207 |        11.694 |             4.253 |             1.851 |             4.716 |             0.874
 34893 |    290 | 2020-03-18 18:25:43.5 |       13.1321 |       18.2076 |       12.2842 |            4.4653 |            1.9498 |            4.9478 |            0.9213
 34893 |    291 | 2020-03-18 18:25:52   |       13.1335 |       18.2088 |        12.404 |             4.508 |             1.969 |             4.996 |             0.931
 34893 |    292 | 2020-03-18 18:26:03   |       13.1255 |       18.2065 |        10.677 |             3.882 |             1.687 |             4.315 |             0.793
 34893 |    293 | 2020-03-18 18:26:14.5 |       13.1294 |       18.2033 |       11.3866 |            4.1408 |            1.8023 |            4.5933 |            0.8503
 34893 |    294 | 2020-03-18 18:26:24   |       13.1306 |       18.2073 |       11.6576 |            4.2396 |            1.8463 |            4.6998 |            0.8719
 34893 |    295 | 2020-03-18 18:26:34   |       13.1274 |       18.2066 |       11.8972 |            4.3258 |            1.8852 |            4.7952 |             0.891
 34893 |    296 | 2020-03-18 18:26:44   |       13.1293 |       18.2059 |       12.1339 |            4.4113 |            1.9243 |            4.8893 |             0.909
 34893 |    297 | 2020-03-18 18:26:57   |        13.109 |       18.2065 |        11.137 |             4.049 |             1.759 |               4.5 |             0.829
 34893 |    298 | 2020-03-18 18:27:10   |       13.1304 |       18.2089 |       11.1724 |            4.0647 |            1.7671 |            4.5085 |            0.8321
 34893 |    299 | 2020-03-18 18:27:20   |       13.1282 |       18.2065 |       11.5804 |            4.2126 |             1.833 |            4.6698 |             0.865
 34893 |    300 | 2020-03-18 18:27:29.5 |       13.1332 |       18.2089 |       12.0835 |            4.3943 |            1.9162 |             4.868 |             0.905
 34893 |    301 | 2020-03-18 18:27:39   |       13.1343 |        18.211 |       12.0977 |            4.4004 |            1.9193 |             4.873 |            0.9051
 34893 |    302 | 2020-03-18 18:27:49   |        13.128 |       18.2065 |        12.162 |             4.421 |             1.929 |             4.901 |             0.911
 34893 |    303 | 2020-03-18 18:28:02   |        13.134 |       18.2087 |        10.799 |             3.926 |             1.709 |             4.362 |             0.802
 34893 |    304 | 2020-03-18 18:28:15   |       13.1303 |       18.2096 |       11.4412 |             4.164 |            1.8101 |            4.6155 |            0.8516
 34893 |    305 | 2020-03-18 18:28:24.5 |       13.1303 |       18.2058 |       11.8196 |            4.2983 |            1.8729 |             4.764 |            0.8844
 34893 |    306 | 2020-03-18 18:28:34   |       13.1095 |       18.2056 |       12.2355 |            4.4519 |            1.9395 |            4.9285 |            0.9155
 34893 |    307 | 2020-03-18 18:28:44.5 |       13.1309 |        18.207 |       12.0215 |            4.3698 |            1.9058 |            4.8453 |            0.9005
 34893 |    308 | 2020-03-18 18:28:57.5 |       13.1091 |       18.2043 |        11.014 |            4.0052 |            1.7385 |            4.4521 |            0.8183
 34893 |    309 | 2020-03-18 18:29:10   |       13.0714 |       18.1949 |       11.1659 |            4.0798 |            1.7526 |            4.5124 |             0.821
 34893 |    310 | 2020-03-18 18:29:19.5 |       13.1253 |       18.2082 |       11.4851 |            4.1748 |            1.8195 |            4.6314 |            0.8593
 34893 |    311 | 2020-03-18 18:29:29.5 |       13.1322 |        18.208 |       12.0664 |            4.3895 |            1.9122 |            4.8618 |            0.9029
 34893 |    312 | 2020-03-18 18:29:39.5 |       13.1279 |        18.208 |       11.9424 |            4.3409 |            1.8943 |             4.813 |            0.8942
 34893 |    313 | 2020-03-18 18:29:49   |        13.129 |        18.207 |        12.191 |             4.431 |             1.934 |             4.913 |             0.913
 34893 |    314 | 2020-03-18 18:30:02   |       13.1265 |       18.1838 |        10.549 |             3.842 |             1.662 |             4.265 |              0.78
 34893 |    315 | 2020-03-18 18:30:14.5 |       13.1258 |       18.1875 |       11.1337 |            4.0486 |            1.7613 |            4.4938 |              0.83
 34893 |    316 | 2020-03-18 18:30:25   |       13.1286 |       18.2057 |       11.7111 |             4.258 |            1.8552 |            4.7215 |            0.8763
 34893 |    317 | 2020-03-18 18:30:35   |       13.1273 |       18.2033 |       12.0976 |            4.4039 |            1.9143 |            4.8759 |            0.9035
 34893 |    318 | 2020-03-18 18:30:44.5 |       13.1274 |       18.2067 |       12.0413 |            4.3762 |            1.9095 |            4.8536 |            0.9019
 34893 |    319 | 2020-03-18 18:30:57   |        13.109 |       18.2062 |        11.184 |             4.066 |             1.767 |             4.519 |             0.832
 34893 |    320 | 2020-03-18 18:31:10   |       13.1335 |         18.21 |        11.218 |             4.082 |             1.776 |             4.525 |             0.835
 34893 |    321 | 2020-03-18 18:31:19.5 |       13.1289 |       18.2069 |       11.5718 |            4.2082 |            1.8326 |            4.6663 |            0.8647
 34893 |    322 | 2020-03-18 18:31:29   |        13.134 |        18.209 |        12.087 |             4.396 |             1.917 |             4.868 |             0.906
 34893 |    323 | 2020-03-18 18:31:39.5 |       13.1229 |       18.2009 |       11.9298 |            4.3431 |            1.8852 |            4.8118 |            0.8898
 34893 |    324 | 2020-03-18 18:31:49   |       13.1295 |        18.207 |        12.214 |             4.439 |             1.938 |             4.922 |             0.915
 34893 |    325 | 2020-03-18 18:32:02   |       13.0705 |        18.215 |        10.821 |             3.942 |             1.707 |             4.375 |             0.797
 34893 |    326 | 2020-03-18 18:32:15.5 |        13.128 |       18.2093 |       11.3394 |            4.1241 |            1.7941 |            4.5748 |            0.8464
 34893 |    327 | 2020-03-18 18:32:29   |       13.1332 |       18.2082 |       12.0673 |            4.3889 |            1.9136 |            4.8612 |            0.9036
 34893 |    328 | 2020-03-18 18:32:41   |       13.1249 |       18.2061 |       11.8872 |             4.321 |            1.8832 |            4.7933 |            0.8898
 34893 |    329 | 2020-03-18 18:32:49   |       13.1295 |       18.2045 |         12.24 |             4.448 |             1.942 |             4.933 |             0.917
 34893 |    330 | 2020-03-18 18:32:59   |       13.1123 |       18.2076 |       10.7973 |            3.9262 |            1.7047 |            4.3649 |            0.8016
 34893 |    331 | 2020-03-18 18:33:10   |       13.1243 |       18.2062 |       11.0097 |            4.0047 |              1.74 |            4.4454 |            0.8197
 34893 |    332 | 2020-03-18 18:33:20   |       13.1297 |       18.2053 |       11.6544 |            4.2384 |            1.8458 |            4.6992 |             0.871
 34893 |    333 | 2020-03-18 18:33:30   |       13.1355 |       18.2097 |        12.132 |             4.414 |             1.925 |             4.886 |             0.907
 34893 |    334 | 2020-03-18 18:33:40   |        13.125 |       18.2062 |       11.9217 |             4.334 |            1.8891 |            4.8064 |            0.8922
 34893 |    335 | 2020-03-18 18:33:49.5 |        13.131 |       18.2048 |       12.3118 |             4.474 |            1.9549 |            4.9597 |            0.9232
 34893 |    336 | 2020-03-18 18:34:02   |        13.085 |       18.1933 |        10.505 |             3.834 |             1.649 |             4.252 |              0.77
 34893 |    337 | 2020-03-18 18:34:15   |       13.1263 |       18.2068 |       11.2551 |            4.0935 |            1.7804 |            4.5416 |            0.8396
 34893 |    338 | 2020-03-18 18:34:25   |       13.1331 |        18.206 |       11.8723 |            4.3166 |            1.8824 |            4.7836 |            0.8897
 34893 |    339 | 2020-03-18 18:34:35   |       13.1345 |       18.2091 |       12.0031 |            4.3636 |            1.9057 |            4.8345 |            0.8994
 34893 |    340 | 2020-03-18 18:34:44.5 |       13.1266 |       18.2064 |       12.0141 |            4.3682 |            1.9049 |             4.842 |             0.899
 34893 |    341 | 2020-03-18 18:34:57   |       13.1102 |       18.2077 |       11.5718 |            4.2073 |            1.8297 |            4.6713 |            0.8636
 34893 |    342 | 2020-03-18 18:35:10   |        13.066 |       18.1905 |        11.061 |             4.038 |             1.736 |             4.471 |             0.816
 34893 |    343 | 2020-03-18 18:35:20   |       13.1255 |       18.2047 |       11.5491 |            4.2007 |            1.8279 |            4.6582 |            0.8623
 34893 |    344 | 2020-03-18 18:35:29.5 |       13.1337 |       18.2097 |         12.11 |            4.4058 |            1.9203 |            4.8775 |            0.9064
 34893 |    345 | 2020-03-18 18:35:39   |       13.1258 |       18.2071 |       11.8909 |            4.3244 |            1.8833 |            4.7939 |            0.8894
 34893 |    346 | 2020-03-18 18:35:49.5 |       13.1296 |        18.206 |       12.2453 |            4.4504 |            1.9427 |            4.9342 |             0.918
 34893 |    347 | 2020-03-18 18:36:02.5 |       13.1374 |        18.211 |       10.8569 |            3.9501 |            1.7176 |            4.3853 |             0.804
 34893 |    348 | 2020-03-18 18:36:15   |       13.1264 |       18.2067 |       11.3109 |            4.1145 |            1.7888 |            4.5638 |            0.8438
 34893 |    349 | 2020-03-18 18:36:25   |       13.1294 |       18.2061 |       11.8637 |            4.3148 |              1.88 |            4.7814 |            0.8875
 34893 |    350 | 2020-03-18 18:36:35   |       13.0852 |       18.2127 |       11.9466 |            4.3506 |            1.8891 |            4.8179 |             0.889
 34893 |    351 | 2020-03-18 18:36:45   |       13.1273 |       18.2062 |       12.1214 |            4.4065 |            1.9217 |             4.885 |            0.9081
 34893 |    352 | 2020-03-18 18:36:57.5 |       13.1068 |       18.2064 |       11.4078 |            4.1472 |            1.8029 |            4.6073 |            0.8503
 34893 |    353 | 2020-03-18 18:37:10   |        13.125 |        18.206 |        10.996 |             3.999 |             1.738 |              4.44 |             0.819
 34893 |    354 | 2020-03-18 18:37:20   |       13.1306 |       18.2051 |        11.649 |            4.2363 |            1.8448 |            4.6966 |            0.8713
 34893 |    355 | 2020-03-18 18:37:30   |       13.1325 |       18.1822 |        11.856 |             4.316 |             1.878 |             4.775 |             0.887
 34893 |    356 | 2020-03-18 18:37:39.5 |       13.0812 |        18.197 |       11.8257 |            4.3046 |            1.8683 |            4.7702 |            0.8826
 34893 |    357 | 2020-03-18 18:37:49   |       13.1361 |        18.206 |       12.2094 |            4.4366 |            1.9372 |            4.9208 |            0.9148
 34893 |    358 | 2020-03-18 18:38:02   |       13.1335 |       18.2085 |        10.784 |             3.921 |             1.706 |             4.356 |             0.801
 34893 |    359 | 2020-03-18 18:38:15   |       13.1284 |       18.2069 |       11.3623 |            4.1325 |            1.7979 |            4.5841 |            0.8479
 34893 |    360 | 2020-03-18 18:38:25   |       13.1328 |        18.208 |       11.9468 |            4.3457 |            1.8931 |            4.8137 |            0.8944
 34893 |    361 | 2020-03-18 18:38:35   |       13.1175 |       18.2047 |       11.8337 |            4.3158 |            1.8627 |            4.7768 |            0.8784
 34893 |    362 | 2020-03-18 18:38:45   |       13.1293 |       18.2067 |       12.1376 |            4.4118 |            1.9249 |            4.8917 |            0.9091
 34893 |    363 | 2020-03-18 18:38:58   |        13.107 |       18.2065 |         11.28 |             4.102 |             1.782 |             4.556 |              0.84
 34893 |    364 | 2020-03-18 18:39:10.5 |       13.1264 |       18.2072 |       11.0646 |            4.0243 |            1.7494 |            4.4671 |            0.8237
 34893 |    365 | 2020-03-18 18:39:22   |        13.132 |       18.2062 |        11.772 |             4.281 |             1.865 |             4.745 |             0.881
 34893 |    366 | 2020-03-18 18:39:34.5 |       13.1018 |       18.1984 |       11.8485 |            4.3229 |            1.8646 |            4.7816 |            0.8794
 34893 |    367 | 2020-03-18 18:39:44.5 |       13.1292 |        18.204 |       12.1405 |            4.4131 |            1.9254 |            4.8923 |            0.9097
 34893 |    368 | 2020-03-18 18:39:52.5 |       13.1359 |       18.2085 |       12.4984 |            4.5434 |            1.9848 |            5.0322 |             0.938
 34893 |    369 | 2020-03-18 18:40:03.5 |       13.1311 |       18.2041 |       10.7036 |            3.8905 |            1.6931 |            4.3245 |            0.7955
 34893 |    370 | 2020-03-18 18:40:16   |       13.1241 |       18.2055 |       11.2345 |            4.0849 |            1.7783 |            4.5325 |            0.8388
 34893 |    371 | 2020-03-18 18:40:25.5 |        13.133 |       18.2087 |       11.9706 |            4.3537 |            1.8981 |            4.8228 |            0.8961
 34893 |    372 | 2020-03-18 18:40:35.5 |       13.1296 |       18.2087 |       11.9635 |            4.3508 |            1.8969 |            4.8199 |            0.8959
 34893 |    373 | 2020-03-18 18:40:45.5 |       13.1318 |       18.2048 |       12.2034 |            4.4363 |            1.9356 |            4.9178 |            0.9137
 34893 |    374 | 2020-03-18 18:40:58   |        13.106 |       18.2067 |        11.254 |             4.092 |             1.778 |             4.546 |             0.838
 34893 |    375 | 2020-03-18 18:41:11   |       13.1265 |       18.2068 |        11.094 |             4.035 |            1.7545 |            4.4785 |             0.826
 34893 |    376 | 2020-03-18 18:41:20.5 |       13.1298 |       18.2059 |       11.6446 |            4.2347 |            1.8441 |            4.6951 |            0.8708
 34893 |    377 | 2020-03-18 18:41:30.5 |       13.1324 |         18.21 |       11.8742 |            4.3196 |            1.8818 |             4.785 |            0.8877
 34893 |    378 | 2020-03-18 18:41:40.5 |       13.1281 |       18.2067 |       12.0103 |            4.3667 |            1.9038 |            4.8401 |            0.8997
 34893 |    379 | 2020-03-18 18:41:50   |       13.1315 |       18.2067 |        12.313 |             4.475 |             1.954 |             4.961 |             0.923
 34893 |    380 | 2020-03-18 18:42:03   |       13.1227 |       18.1931 |       10.5376 |            3.8443 |            1.6561 |            4.2632 |             0.774
 34893 |    381 | 2020-03-18 18:42:16   |        13.126 |       18.2053 |       11.4576 |            4.1682 |            1.8137 |            4.6207 |            0.8551
 34893 |    382 | 2020-03-18 18:42:26   |       13.0195 |        18.198 |        11.795 |             4.301 |             1.859 |             4.758 |             0.877
 34893 |    383 | 2020-03-18 18:42:36   |       13.1211 |       18.2057 |       11.8224 |            4.2998 |            1.8722 |            4.7663 |            0.8841
 34893 |    384 | 2020-03-18 18:42:45.5 |       13.1311 |       18.2058 |       12.2321 |            4.4464 |            1.9404 |            4.9281 |            0.9171
 34893 |    385 | 2020-03-18 18:43:01   |       13.0962 |       18.2152 |       10.6663 |            3.8856 |            1.6801 |            4.3155 |            0.7851
 34893 |    386 | 2020-03-18 18:43:16   |       13.1289 |       18.2054 |       11.4304 |            4.1572 |             1.809 |             4.611 |            0.8531
 34893 |    387 | 2020-03-18 18:43:24.5 |       13.1322 |       18.2116 |       11.7684 |             4.281 |            1.8645 |            4.7428 |            0.8801
 34893 |    388 | 2020-03-18 18:43:33.5 |       13.1261 |       18.2062 |       11.7939 |            4.2891 |            1.8676 |             4.755 |            0.8822
 34893 |    389 | 2020-03-18 18:43:42   |       13.1295 |       18.2065 |        12.103 |               4.4 |             1.919 |             4.877 |             0.907
 34893 |    390 | 2020-03-18 18:43:51   |       13.1331 |       18.2012 |       12.3169 |            4.4765 |            1.9551 |            4.9624 |            0.9229
 34893 |    391 | 2020-03-18 18:44:03.5 |       13.1258 |       18.1932 |        10.362 |            3.7747 |            1.6323 |            4.1902 |            0.7647
 34893 |    392 | 2020-03-18 18:44:16.5 |       13.1283 |       18.2066 |       11.5373 |            4.1969 |            1.8267 |            4.6521 |            0.8616
 34893 |    393 | 2020-03-18 18:44:26   |         13.07 |       18.2085 |        11.974 |              4.37 |             1.887 |             4.829 |             0.888
 34893 |    394 | 2020-03-18 18:44:36   |       13.0555 |       18.1991 |       11.8752 |            4.3243 |            1.8766 |            4.7881 |            0.8861
 34893 |    395 | 2020-03-18 18:44:45.5 |        13.131 |       18.2068 |        12.268 |              4.46 |            1.9461 |            4.9427 |            0.9192
 34893 |    396 | 2020-03-18 18:44:58   |       13.1085 |       18.2062 |        11.374 |             4.135 |             1.798 |             4.593 |             0.848
 34893 |    397 | 2020-03-18 18:45:11   |       13.1269 |       18.2096 |       11.1432 |            4.0535 |            1.7621 |            4.4974 |            0.8301
 34893 |    398 | 2020-03-18 18:45:21   |       13.1312 |       18.2076 |       11.7458 |            4.2721 |            1.8603 |            4.7344 |            0.8789
 34893 |    399 | 2020-03-18 18:45:31   |       13.1223 |       18.2017 |       11.6061 |             4.221 |            1.8365 |            4.6811 |            0.8674
 34893 |    400 | 2020-03-18 18:45:41   |       13.1243 |       18.2067 |       11.8688 |            4.3149 |            1.8804 |            4.7857 |            0.8878
 34893 |    401 | 2020-03-18 18:45:51   |       13.1344 |       18.2084 |       12.3532 |            4.4899 |            1.9608 |            4.9758 |            0.9267
 34893 |    402 | 2020-03-18 18:46:03.5 |       13.1274 |       18.2065 |       10.3853 |            3.7769 |            1.6395 |            4.2001 |            0.7687
 34893 |    403 | 2020-03-18 18:46:16   |       13.1311 |       18.2065 |        11.524 |             4.191 |            1.8244 |            4.6473 |            0.8614
 34893 |    404 | 2020-03-18 18:46:28.5 |        13.127 |       18.2077 |       11.6679 |            4.2432 |            1.8469 |             4.705 |            0.8726
 34893 |    405 | 2020-03-18 18:46:40.5 |       13.1286 |       18.2065 |       12.0338 |            4.3748 |            1.9078 |              4.85 |            0.9013
 34893 |    406 | 2020-03-18 18:46:49.5 |       13.1341 |       18.2092 |       12.4151 |            4.5138 |             1.971 |            4.9998 |            0.9306
 34893 |    407 | 2020-03-18 18:47:00.5 |       13.1168 |       18.2115 |       10.5833 |            3.8481 |            1.6706 |              4.28 |            0.7846
 34893 |    408 | 2020-03-18 18:47:11.5 |       13.1283 |       18.2069 |       11.1777 |            4.0654 |            1.7679 |            4.5111 |            0.8334
 34893 |    409 | 2020-03-18 18:47:21   |        13.132 |       18.2074 |       11.7897 |            4.2879 |            1.8679 |            4.7514 |            0.8826
 34893 |    410 | 2020-03-18 18:47:31   |       13.1238 |        18.206 |       11.6699 |            4.2434 |            1.8474 |            4.7068 |            0.8723
 34893 |    411 | 2020-03-18 18:47:41   |       13.1279 |       18.2066 |         12.02 |            4.3702 |             1.905 |            4.8449 |            0.8998
 34893 |    412 | 2020-03-18 18:47:51   |       13.1364 |       18.2099 |       12.4166 |            4.5137 |            1.9712 |            5.0005 |            0.9311
 34893 |    413 | 2020-03-18 18:48:03.5 |       13.0759 |       18.2017 |       10.3823 |            3.7803 |            1.6353 |            4.2002 |            0.7666
 34893 |    414 | 2020-03-18 18:48:16.5 |        13.129 |       18.2061 |       11.5835 |            4.2138 |            1.8341 |              4.67 |            0.8656
 34893 |    415 | 2020-03-18 18:48:26   |        13.133 |       18.2105 |        11.795 |              4.29 |             1.869 |             4.754 |             0.882
 34893 |    416 | 2020-03-18 18:48:36   |       13.1286 |       18.2071 |       11.9402 |            4.3416 |             1.892 |            4.8129 |            0.8937
 34893 |    417 | 2020-03-18 18:48:46   |        13.133 |       18.2077 |        12.302 |             4.472 |             1.952 |             4.956 |             0.922
 34893 |    418 | 2020-03-18 18:48:59   |       13.1111 |        18.206 |       11.0594 |            4.0207 |            1.7474 |            4.4688 |            0.8225
 34893 |    419 | 2020-03-18 18:49:12   |       13.1265 |       18.2057 |       11.2627 |            4.0967 |             1.782 |            4.5449 |            0.8391
 34893 |    420 | 2020-03-18 18:49:22   |       13.0505 |       18.1947 |        11.696 |             4.268 |             1.839 |             4.722 |             0.867
 34893 |    421 | 2020-03-18 18:49:32   |       13.1226 |       18.2056 |       11.7382 |            4.2691 |             1.858 |            4.7336 |            0.8775
 34893 |    422 | 2020-03-18 18:49:41.5 |       13.1304 |       18.2051 |        12.151 |            4.4161 |            1.9274 |            4.8967 |            0.9107
 34893 |    423 | 2020-03-18 18:49:53.5 |        13.099 |       18.2165 |       12.3212 |            4.4863 |            1.9502 |            4.9677 |             0.917
 34893 |    424 | 2020-03-18 18:50:06.5 |       13.1347 |       18.2089 |       11.1548 |            4.0566 |            1.7661 |            4.5016 |            0.8305
 34893 |    425 | 2020-03-18 18:50:17   |       13.1281 |       18.2062 |       11.4202 |            4.1533 |            1.8075 |            4.6064 |             0.853
 34893 |    426 | 2020-03-18 18:50:27   |       13.1313 |       18.2089 |       11.7289 |             4.266 |            1.8584 |            4.7273 |            0.8773
 34893 |    427 | 2020-03-18 18:50:36.5 |       13.1287 |       18.2071 |       11.9586 |            4.3481 |            1.8952 |              4.82 |            0.8953
 34893 |    428 | 2020-03-18 18:50:46   |        13.134 |        18.209 |        12.345 |             4.488 |             1.959 |             4.972 |             0.926
 34893 |    429 | 2020-03-18 18:50:59   |       13.1131 |       18.2056 |       11.1236 |            4.0426 |            1.7584 |            4.4939 |            0.8286
 34893 |    430 | 2020-03-18 18:51:12   |       13.1307 |       18.2064 |       11.3067 |            4.1119 |              1.79 |             4.561 |            0.8438
 34893 |    431 | 2020-03-18 18:51:21.5 |       13.1371 |       18.2103 |       11.6518 |            4.2371 |            1.8461 |            4.6971 |            0.8715
 34893 |    432 | 2020-03-18 18:51:31.5 |       13.1335 |        18.209 |       11.7663 |            4.2764 |            1.8651 |            4.7443 |            0.8805
 34893 |    433 | 2020-03-18 18:51:41.5 |       13.1319 |       18.2064 |       12.1802 |            4.4267 |            1.9323 |            4.9079 |            0.9132
 34893 |    434 | 2020-03-18 18:51:51   |       13.1301 |       18.2086 |       12.1561 |             4.422 |            1.9253 |            4.9003 |            0.9085
 34893 |    435 | 2020-03-18 18:52:04   |       13.1275 |        18.207 |         10.46 |            3.8036 |            1.6524 |            4.2294 |            0.7747
 34893 |    436 | 2020-03-18 18:52:17   |        13.133 |       18.2076 |        11.662 |            4.2413 |            1.8478 |            4.7003 |            0.8726
 34893 |    437 | 2020-03-18 18:52:27   |       13.1241 |       18.2061 |       11.5627 |            4.2046 |            1.8301 |            4.6639 |            0.8642
 34893 |    438 | 2020-03-18 18:52:37   |       13.1299 |       18.2046 |       12.0486 |            4.3799 |            1.9109 |            4.8554 |            0.9024
 34893 |    439 | 2020-03-18 18:52:46.5 |       13.1343 |       18.2047 |       12.3875 |            4.5045 |            1.9662 |            4.9886 |             0.928
 34893 |    440 | 2020-03-18 18:52:59.5 |       13.1146 |       18.2058 |       10.9731 |            3.9886 |            1.7348 |            4.4344 |            0.8153
 34893 |    441 | 2020-03-18 18:53:12.5 |       13.1344 |       18.2056 |        11.391 |            4.1407 |             1.805 |            4.5945 |            0.8508
 34893 |    442 | 2020-03-18 18:53:25   |       13.1276 |       18.2062 |       11.5567 |            4.2023 |            1.8301 |            4.6605 |            0.8638
 34893 |    443 | 2020-03-18 18:53:38   |        13.131 |        18.205 |        12.098 |             4.397 |             1.919 |             4.875 |             0.907
 34893 |    444 | 2020-03-18 18:53:46.5 |       13.1343 |        18.211 |       12.3794 |            4.5014 |            1.9656 |            4.9852 |            0.9273
 34893 |    445 | 2020-03-18 18:53:54   |       13.1245 |        18.206 |        12.008 |             4.365 |             1.903 |             4.841 |             0.899
 34893 |    446 | 2020-03-18 18:54:05   |       13.1266 |       18.2065 |       10.6261 |            3.8638 |            1.6795 |            4.2947 |            0.7882
 34893 |    447 | 2020-03-18 18:54:17   |        13.126 |       18.2066 |       11.6731 |            4.2568 |            1.8401 |            4.7095 |            0.8667
 34893 |    448 | 2020-03-18 18:54:27   |       13.1243 |        18.206 |       11.5941 |            4.2171 |            1.8351 |            4.6754 |            0.8665
 34893 |    449 | 2020-03-18 18:54:36.5 |       13.1304 |       18.2065 |        12.058 |            4.3837 |            1.9119 |            4.8593 |            0.9031
 34893 |    450 | 2020-03-18 18:54:46   |        13.133 |       18.2095 |        12.351 |              4.49 |              1.96 |             4.975 |             0.926
 34893 |    451 | 2020-03-18 18:54:59   |       13.1156 |       18.2075 |         11.29 |            4.1048 |            1.7855 |            4.5591 |            0.8406
 34893 |    452 | 2020-03-18 18:55:12   |       13.1292 |       18.2037 |       11.3012 |            4.1101 |            1.7885 |            4.5599 |            0.8426
 34893 |    453 | 2020-03-18 18:55:22   |        13.069 |        18.205 |        11.634 |             4.246 |             1.832 |             4.695 |             0.861
 34893 |    454 | 2020-03-18 18:55:32   |       13.1257 |       18.2057 |       11.8211 |            4.2975 |            1.8738 |            4.7647 |            0.8851
 34893 |    455 | 2020-03-18 18:55:42   |       13.1295 |       18.2042 |        12.132 |             4.409 |             1.924 |              4.89 |             0.909
 34893 |    456 | 2020-03-18 18:55:51.5 |       13.1312 |       18.2058 |       12.1133 |             4.404 |             1.921 |            4.8811 |            0.9072
 34893 |    457 | 2020-03-18 18:56:04   |       13.1294 |       18.2069 |       10.5297 |             3.828 |            1.6645 |            4.2568 |            0.7804
 34893 |    458 | 2020-03-18 18:56:17   |       13.1343 |       18.2094 |       11.5168 |            4.1878 |            1.8257 |            4.6427 |            0.8605
 34893 |    459 | 2020-03-18 18:56:27   |       13.1271 |       18.2061 |       11.6594 |            4.2386 |            1.8478 |            4.7012 |            0.8718
 34893 |    460 | 2020-03-18 18:56:37   |       13.1315 |        18.207 |       12.0823 |            4.3922 |            1.9163 |            4.8683 |            0.9054
 34893 |    461 | 2020-03-18 18:56:47   |       13.1216 |       18.2058 |       12.1214 |            4.4113 |            1.9193 |            4.8855 |            0.9054
 34893 |    462 | 2020-03-18 18:56:59.5 |       13.1174 |       18.2055 |       11.1262 |            4.0447 |            1.7592 |            4.4947 |            0.8276
 34893 |    463 | 2020-03-18 18:57:12.5 |       13.1181 |       18.2107 |       11.4453 |            4.1682 |            1.8087 |            4.6184 |              0.85
 34893 |    464 | 2020-03-18 18:57:22.5 |       13.1236 |       18.2061 |       11.4085 |            4.1494 |            1.8046 |            4.6032 |            0.8513
 34893 |    465 | 2020-03-18 18:57:32   |       13.1282 |        18.207 |       11.8718 |            4.3166 |            1.8812 |            4.7854 |            0.8886
 34893 |    466 | 2020-03-18 18:57:42   |       13.1325 |         18.21 |        12.336 |             4.486 |             1.958 |             4.968 |             0.924
 34893 |    467 | 2020-03-18 18:57:51.5 |       13.1252 |       18.1945 |            12 |            4.3633 |            1.9013 |            4.8373 |            0.8982
 34893 |    468 | 2020-03-18 18:58:05   |         13.13 |        18.205 |       10.7881 |             3.922 |            1.7062 |            4.3584 |            0.8015
 34893 |    469 | 2020-03-18 18:58:17.5 |       13.1291 |       18.2099 |       11.5228 |            4.1938 |            1.8238 |            4.6458 |            0.8594
 34893 |    470 | 2020-03-18 18:58:27   |       13.1271 |       18.2071 |       11.6908 |            4.2514 |            1.8511 |            4.7144 |            0.8738
 34893 |    471 | 2020-03-18 18:58:37   |       13.1313 |       18.2069 |       12.1468 |            4.4159 |            1.9264 |            4.8938 |            0.9106
 34893 |    472 | 2020-03-18 18:58:46.5 |       13.1312 |       18.2094 |       12.0919 |            4.3962 |            1.9173 |            4.8727 |            0.9056
 34893 |    473 | 2020-03-18 18:58:59   |       13.1163 |       18.2066 |       11.2837 |            4.1014 |            1.7844 |             4.557 |            0.8408
 34893 |    474 | 2020-03-18 18:59:12   |       13.0955 |       18.1992 |       11.2932 |            4.1156 |            1.7792 |            4.5601 |            0.8383
 34893 |    475 | 2020-03-18 18:59:22.5 |       13.1234 |       18.2072 |       11.4509 |            4.1655 |            1.8111 |            4.6198 |            0.8547
 34893 |    476 | 2020-03-18 18:59:32.5 |       13.1305 |       18.2061 |       11.9899 |            4.3599 |               1.9 |            4.8319 |            0.8981
 34893 |    477 | 2020-03-18 18:59:42   |        13.123 |       18.2087 |        12.308 |             4.487 |             1.943 |             4.963 |             0.915
 34893 |    478 | 2020-03-18 18:59:52   |       13.1248 |       18.2058 |       12.0242 |            4.3708 |            1.9062 |            4.8479 |            0.8993
 34893 |    479 | 2020-03-18 19:00:05   |       13.1145 |       18.2036 |       10.6248 |            3.8684 |            1.6746 |            4.2964 |            0.7854
 34893 |    480 | 2020-03-18 19:00:20   |         13.12 |       18.2027 |       11.3719 |            4.1446 |            1.7909 |            4.5917 |            0.8447
 34893 |    481 | 2020-03-18 19:00:33   |       13.1294 |       18.2066 |       11.9414 |            4.3409 |            1.8932 |             4.813 |            0.8944
 34893 |    482 | 2020-03-18 19:00:43   |       13.1213 |       18.2034 |        12.162 |             4.425 |            1.9258 |            4.9017 |            0.9096
 34893 |    483 | 2020-03-18 19:00:51   |       13.1366 |       18.2114 |       12.2441 |            4.4502 |             1.945 |            4.9314 |            0.9175
 34893 |    484 | 2020-03-18 19:01:01.5 |       13.1292 |       18.2057 |       10.6414 |            3.8676 |            1.6829 |            4.3019 |             0.789
 34893 |    485 | 2020-03-18 19:01:12.5 |        13.128 |        18.215 |       11.4769 |             4.184 |            1.8097 |            4.6315 |            0.8517
 34893 |    486 | 2020-03-18 19:01:22.5 |       13.1262 |       18.2074 |       11.5168 |            4.1885 |            1.8226 |             4.645 |            0.8607
 34893 |    487 | 2020-03-18 19:01:32.5 |       13.1306 |        18.203 |       11.9424 |            4.3416 |            1.8928 |            4.8132 |            0.8948
 34893 |    488 | 2020-03-18 19:01:42.5 |       13.1169 |       18.2053 |       12.1808 |            4.4299 |            1.9308 |             4.908 |             0.912
 34893 |    489 | 2020-03-18 19:01:52   |       13.1434 |       18.2071 |       12.1216 |            4.4034 |            1.9239 |            4.8851 |            0.9091
 34893 |    490 | 2020-03-18 19:02:05   |       13.1336 |       18.2066 |        10.873 |            3.9534 |            1.7209 |            4.3909 |            0.8078
 34893 |    491 | 2020-03-18 19:02:18   |        13.124 |       18.2062 |        11.265 |             4.097 |             1.782 |             4.546 |              0.84
 34893 |    492 | 2020-03-18 19:02:28   |       13.1295 |       18.2059 |       11.8259 |            4.3005 |            1.8738 |            4.7671 |            0.8845
 34893 |    493 | 2020-03-18 19:02:37.5 |       13.1329 |       18.2087 |       12.2056 |            4.4384 |            1.9362 |            4.9163 |            0.9148
 34893 |    494 | 2020-03-18 19:02:47   |       13.1238 |       18.2067 |       11.9138 |            4.3301 |             1.888 |            4.8041 |            0.8916
 34893 |    495 | 2020-03-18 19:03:00   |       13.1231 |        18.207 |       11.0497 |            4.0159 |            1.7479 |            4.4644 |            0.8215
 34893 |    496 | 2020-03-18 19:03:17.5 |       13.1256 |       18.2071 |       11.3092 |            4.1139 |            1.7886 |            4.5632 |            0.8436
(497 rows)

