  run  | subrun |         time          | step1_voltage | step2_voltage | total_current | pos_2step_current | pos_1step_current | neg_2step_current | neg_1step_current 
-------+--------+-----------------------+---------------+---------------+---------------+-------------------+-------------------+-------------------+-------------------
 34895 |      0 | 2020-03-18 19:59:28   |       13.1247 |        18.206 |        4.5475 |            1.7321 |            0.6563 |            1.8316 |            0.3275
 34895 |      1 | 2020-03-18 19:59:38   |       13.1307 |       18.2046 |        7.3473 |            2.7363 |            1.1165 |            2.9459 |            0.5486
 34895 |      2 | 2020-03-18 19:59:48   |       13.1343 |       18.2105 |        9.2046 |            3.4006 |            1.4239 |            3.6876 |            0.6926
 34895 |      3 | 2020-03-18 20:00:00   |       13.1214 |       18.2065 |        9.9032 |            3.6392 |            1.5421 |            3.9781 |            0.7437
 34895 |      4 | 2020-03-18 20:00:12.5 |       13.1298 |        18.207 |        9.9614 |            3.6519 |            1.5568 |            4.0063 |            0.7463
 34895 |      5 | 2020-03-18 20:00:23   |       13.1325 |         18.21 |        10.804 |             3.952 |             1.698 |             4.344 |              0.81
 34895 |      6 | 2020-03-18 20:00:33.5 |       13.1268 |       18.2068 |       11.2539 |            4.1077 |            1.7729 |            4.5286 |            0.8447
 34895 |      7 | 2020-03-18 20:00:43.5 |       13.1322 |       18.2082 |       11.8734 |            4.3285 |            1.8759 |            4.7757 |            0.8933
 34895 |      8 | 2020-03-18 20:00:53   |        13.127 |       18.2089 |       11.7929 |            4.2958 |            1.8647 |            4.7482 |            0.8843
 34895 |      9 | 2020-03-18 20:01:06   |       13.1262 |       18.2071 |       10.5625 |            3.8466 |            1.6655 |            4.2658 |            0.7845
 34895 |     10 | 2020-03-18 20:01:18.5 |       13.1371 |       18.2154 |       11.2731 |            4.1034 |            1.7827 |            4.5442 |            0.8429
 34895 |     11 | 2020-03-18 20:01:28.5 |       13.1331 |       18.2085 |       11.5042 |            4.1849 |            1.8211 |            4.6368 |            0.8614
 34895 |     12 | 2020-03-18 20:01:38.5 |       13.1301 |       18.2047 |       11.9597 |            4.3497 |            1.8942 |            4.8192 |            0.8967
 34895 |     13 | 2020-03-18 20:01:48.5 |       13.1269 |       18.2026 |        12.172 |            4.4329 |            1.9242 |            4.9053 |            0.9096
 34895 |     14 | 2020-03-18 20:02:01.5 |       13.1124 |       18.2065 |       11.3749 |            4.1358 |            1.7977 |            4.5928 |            0.8486
 34895 |     15 | 2020-03-18 20:02:14.5 |        13.133 |       18.2083 |       11.3648 |            4.1336 |            1.7995 |            4.5835 |            0.8483
 34895 |     16 | 2020-03-18 20:02:24.5 |       13.1234 |       18.2052 |       11.3607 |            4.1325 |            1.7966 |            4.5832 |            0.8483
 34895 |     17 | 2020-03-18 20:02:34   |       13.1297 |       18.2047 |       11.8827 |            4.3201 |            1.8834 |            4.7893 |            0.8899
 34895 |     18 | 2020-03-18 20:02:44.5 |       13.1346 |       18.2099 |       12.2408 |            4.4508 |            1.9429 |            4.9292 |            0.9179
 34895 |     19 | 2020-03-18 20:03:00   |       13.1224 |       18.2073 |       11.9417 |            4.3404 |            1.8923 |            4.8156 |            0.8934
 34895 |     20 | 2020-03-18 20:03:14   |       13.0501 |       18.1907 |       11.2101 |            4.0889 |            1.7621 |            4.5293 |            0.8297
 34895 |     21 | 2020-03-18 20:03:22   |       13.1349 |       18.2092 |       11.3542 |            4.1307 |            1.7969 |            4.5803 |            0.8463
 34895 |     22 | 2020-03-18 20:03:30   |       13.1292 |       18.2064 |       11.7401 |            4.2699 |            1.8597 |            4.7325 |             0.878
 34895 |     23 | 2020-03-18 20:03:39   |       13.1325 |       18.2082 |        12.122 |             4.408 |             1.923 |             4.883 |             0.908
 34895 |     24 | 2020-03-18 20:03:48.5 |       13.1365 |       18.2089 |       12.0586 |            4.3856 |            1.9124 |            4.8597 |            0.9009
 34895 |     25 | 2020-03-18 20:04:01   |        13.117 |       18.2064 |       11.6964 |            4.2513 |            1.8513 |            4.7194 |            0.8744
 34895 |     26 | 2020-03-18 20:04:14.5 |       13.1361 |       18.2095 |       11.1641 |            4.0603 |            1.7672 |            4.5042 |            0.8323
 34895 |     27 | 2020-03-18 20:04:24.5 |       13.1326 |       18.2077 |       11.4289 |            4.1551 |            1.8099 |            4.6095 |            0.8544
 34895 |     28 | 2020-03-18 20:04:34   |       13.1304 |       18.2033 |       11.9025 |            4.3276 |            1.8865 |            4.7977 |            0.8908
 34895 |     29 | 2020-03-18 20:04:44   |        13.109 |       18.1818 |        12.004 |            4.3762 |            1.8923 |            4.8423 |            0.8932
 34895 |     30 | 2020-03-18 20:04:54   |       13.1317 |       18.2065 |        12.043 |            4.3762 |            1.9097 |            4.8548 |            0.9022
 34895 |     31 | 2020-03-18 20:05:06.5 |       13.1271 |       18.2045 |       10.6462 |            3.8704 |            1.6831 |             4.303 |            0.7897
 34895 |     32 | 2020-03-18 20:05:19   |        13.124 |        18.207 |         11.15 |             4.056 |             1.763 |               4.5 |             0.831
 34895 |     33 | 2020-03-18 20:05:29   |       13.1277 |       18.2091 |       11.6576 |            4.2387 |            1.8464 |            4.7008 |            0.8717
 34895 |     34 | 2020-03-18 20:05:39   |        13.132 |        18.207 |        12.113 |             4.404 |             1.921 |              4.88 |             0.908
 34895 |     35 | 2020-03-18 20:05:49   |       13.1061 |       18.2126 |       12.0949 |            4.4012 |            1.9146 |            4.8766 |            0.9025
 34895 |     36 | 2020-03-18 20:06:02   |       13.1112 |       18.2112 |       11.4041 |            4.1447 |            1.8039 |             4.605 |            0.8505
 34895 |     37 | 2020-03-18 20:06:18   |       13.1046 |       18.1981 |        11.286 |            4.1177 |            1.7767 |            4.5569 |            0.8347
 34895 |     38 | 2020-03-18 20:06:31.5 |       13.1309 |       18.2065 |       11.8965 |            4.3268 |             1.885 |            4.7937 |             0.891
 34895 |     39 | 2020-03-18 20:06:41   |       13.1281 |       18.2113 |       12.1297 |            4.4141 |             1.922 |            4.8878 |            0.9057
 34895 |     40 | 2020-03-18 20:06:49.5 |       13.1313 |       18.2075 |       12.0845 |             4.394 |            1.9163 |            4.8703 |             0.904
 34895 |     41 | 2020-03-18 20:06:58.5 |       13.1323 |       18.2056 |        12.372 |            4.4968 |            1.9637 |            4.9833 |            0.9281
 34895 |     42 | 2020-03-18 20:07:08.5 |       13.1382 |       18.2093 |       10.7675 |            3.9151 |            1.7051 |            4.3484 |            0.7989
 34895 |     43 | 2020-03-18 20:07:19   |        13.125 |       18.2067 |        11.189 |              4.07 |             1.769 |             4.516 |             0.834
 34895 |     44 | 2020-03-18 20:07:29   |       13.1298 |        18.206 |       11.7327 |            4.2663 |            1.8586 |            4.7297 |            0.8781
 34895 |     45 | 2020-03-18 20:07:39   |       13.1325 |       18.1907 |        11.939 |             4.345 |             1.892 |             4.809 |             0.893
 34895 |     46 | 2020-03-18 20:07:49   |       13.1332 |       18.2081 |       11.9795 |            4.3528 |            1.9006 |            4.8286 |            0.8974
 34895 |     47 | 2020-03-18 20:08:02   |       13.1098 |       18.2061 |       11.4778 |            4.1728 |            1.8145 |            4.6348 |            0.8556
 34895 |     48 | 2020-03-18 20:08:15   |        13.124 |       18.2065 |        10.942 |              3.98 |             1.729 |             4.419 |             0.814
 34895 |     49 | 2020-03-18 20:08:25   |       13.1291 |       18.2048 |       11.5924 |            4.2159 |            1.8355 |            4.6739 |            0.8672
 34895 |     50 | 2020-03-18 20:08:34.5 |       13.1329 |       18.2085 |       12.0794 |            4.3936 |            1.9149 |            4.8655 |            0.9055
 34895 |     51 | 2020-03-18 20:08:44   |       13.1234 |        18.194 |       11.8111 |            4.2964 |            1.8702 |            4.7613 |            0.8832
 34895 |     52 | 2020-03-18 20:08:54   |       13.1294 |        18.204 |       12.1766 |            4.4247 |            1.9319 |            4.9068 |            0.9132
 34895 |     53 | 2020-03-18 20:09:07   |       13.1095 |       18.2032 |        10.474 |             3.824 |             1.643 |             4.239 |             0.768
 34895 |     54 | 2020-03-18 20:09:20   |       13.1272 |       18.2066 |       11.3114 |            4.1148 |            1.7896 |            4.5633 |            0.8438
 34895 |     55 | 2020-03-18 20:09:30   |        13.132 |       18.2065 |       11.8839 |            4.3218 |            1.8835 |            4.7891 |            0.8894
 34895 |     56 | 2020-03-18 20:09:40   |        13.131 |         18.21 |       11.9383 |            4.3423 |             1.893 |            4.8104 |            0.8926
 34895 |     57 | 2020-03-18 20:09:52.5 |       13.1275 |       18.2063 |       12.1026 |            4.3986 |            1.9192 |            4.8781 |            0.9067
 34895 |     58 | 2020-03-18 20:10:05   |       13.1181 |       18.2132 |       10.6545 |            3.8761 |            1.6815 |            4.3065 |            0.7903
 34895 |     59 | 2020-03-18 20:10:15   |        13.133 |       18.2105 |        11.207 |             4.077 |             1.774 |             4.521 |             0.835
 34895 |     60 | 2020-03-18 20:10:25   |       13.1277 |       18.2063 |       11.6176 |            4.2253 |              1.84 |             4.684 |            0.8683
 34895 |     61 | 2020-03-18 20:10:35   |         13.07 |       18.2155 |        12.121 |             4.415 |             1.917 |             4.887 |             0.902
 34895 |     62 | 2020-03-18 20:10:45   |       13.1231 |       18.2063 |       11.8993 |            4.3268 |             1.885 |            4.7972 |            0.8903
 34895 |     63 | 2020-03-18 20:10:54.5 |       13.1307 |       18.2053 |       12.2475 |            4.4519 |            1.9434 |            4.9349 |            0.9174
 34895 |     64 | 2020-03-18 20:11:07.5 |        13.127 |       18.2071 |       10.3599 |            3.7663 |            1.6365 |            4.1903 |            0.7668
 34895 |     65 | 2020-03-18 20:11:20   |       13.1283 |       18.2069 |       11.3835 |            4.1403 |            1.8018 |            4.5919 |            0.8494
 34895 |     66 | 2020-03-18 20:11:30   |       13.1315 |       18.2068 |       11.8853 |            4.3225 |            1.8832 |            4.7895 |            0.8901
 34895 |     67 | 2020-03-18 20:11:40   |       13.1233 |       18.2114 |       11.7442 |            4.2749 |            1.8577 |            4.7343 |            0.8773
 34895 |     68 | 2020-03-18 20:11:50   |       13.1297 |       18.2048 |       12.1524 |            4.4168 |            1.9277 |            4.8975 |            0.9104
 34895 |     69 | 2020-03-18 20:12:02.5 |       13.1084 |       18.2068 |       11.4629 |            4.1673 |            1.8127 |            4.6279 |             0.855
 34895 |     70 | 2020-03-18 20:12:15.5 |       13.1274 |       18.2068 |       11.0804 |            4.0302 |            1.7525 |             4.473 |            0.8246
 34895 |     71 | 2020-03-18 20:12:25.5 |       13.1303 |       18.2059 |       11.7113 |            4.2585 |            1.8554 |            4.7207 |            0.8766
 34895 |     72 | 2020-03-18 20:12:35.5 |       13.1312 |       18.2091 |       11.8373 |            4.3046 |            1.8764 |            4.7702 |             0.886
 34895 |     73 | 2020-03-18 20:12:44.5 |       13.1274 |       18.2076 |       11.9674 |            4.3509 |             1.897 |            4.8235 |             0.896
 34895 |     74 | 2020-03-18 20:12:54   |       13.1309 |       18.2069 |       12.2937 |            4.4683 |             1.951 |            4.9527 |            0.9217
 34895 |     75 | 2020-03-18 20:13:07   |        13.125 |        18.207 |        10.372 |             3.771 |             1.638 |             4.195 |             0.768
 34895 |     76 | 2020-03-18 20:13:23   |        13.131 |       18.2057 |        11.618 |             4.225 |              1.84 |             4.684 |             0.869
 34895 |     77 | 2020-03-18 20:13:35.5 |        13.132 |       18.2105 |       11.8976 |            4.3269 |            1.8872 |            4.7932 |            0.8903
 34895 |     78 | 2020-03-18 20:13:44   |       13.1274 |       18.2071 |        11.967 |            4.3505 |            1.8974 |            4.8232 |            0.8959
 34895 |     79 | 2020-03-18 20:13:52   |       13.1316 |       18.2056 |       12.2483 |            4.4515 |            1.9437 |            4.9344 |            0.9188
 34895 |     80 | 2020-03-18 20:14:03.5 |       13.1089 |        18.206 |       11.1374 |            4.0478 |            1.7602 |            4.4995 |            0.8299
 34895 |     81 | 2020-03-18 20:14:16   |       13.1283 |       18.2065 |       11.1518 |            4.0558 |            1.7645 |            4.5003 |            0.8311
 34895 |     82 | 2020-03-18 20:14:25.5 |        13.132 |       18.2078 |       11.7905 |            4.2886 |            1.8679 |            4.7525 |            0.8815
 34895 |     83 | 2020-03-18 20:14:35   |        13.124 |       18.1997 |        11.814 |              4.31 |              1.86 |             4.768 |             0.876
 34895 |     84 | 2020-03-18 20:14:45   |       13.1281 |       18.2066 |       12.0079 |            4.3661 |            1.9027 |            4.8397 |            0.8994
 34895 |     85 | 2020-03-18 20:14:55   |       13.1335 |       18.2092 |        12.402 |             4.509 |             1.969 |             4.994 |              0.93
 34895 |     86 | 2020-03-18 20:15:08   |       13.1245 |        18.206 |       10.3875 |            3.7767 |            1.6411 |            4.2012 |            0.7685
 34895 |     87 | 2020-03-18 20:15:21   |       13.1309 |       18.2049 |       11.5173 |            4.1885 |            1.8235 |            4.6447 |            0.8606
 34895 |     88 | 2020-03-18 20:15:30.5 |       13.1337 |       18.2098 |        11.792 |            4.2902 |            1.8683 |            4.7517 |             0.882
 34895 |     89 | 2020-03-18 20:15:40   |       13.1256 |       18.2064 |       11.8079 |            4.2932 |            1.8708 |            4.7603 |            0.8836
 34895 |     90 | 2020-03-18 20:15:50   |       13.1317 |       18.2072 |       12.2421 |              4.45 |            1.9424 |            4.9317 |             0.918
 34895 |     91 | 2020-03-18 20:16:03   |        13.109 |        18.207 |        11.377 |             4.137 |             1.798 |             4.594 |             0.848
 34895 |     92 | 2020-03-18 20:16:16   |       13.1286 |       18.2059 |       11.1794 |            4.0659 |            1.7684 |            4.5116 |            0.8335
 34895 |     93 | 2020-03-18 20:16:26   |       13.1269 |       18.2115 |       11.8687 |            4.3225 |             1.878 |            4.7839 |            0.8842
 34895 |     94 | 2020-03-18 20:16:35.5 |       13.1245 |       18.2069 |       11.6751 |            4.2458 |            1.8485 |            4.7082 |            0.8727
 34895 |     95 | 2020-03-18 20:16:47.5 |       13.1311 |       18.2046 |       12.1777 |            4.4261 |            1.9314 |            4.9075 |            0.9126
 34895 |     96 | 2020-03-18 20:17:01   |         13.12 |       18.2076 |       11.9073 |            4.3296 |            1.8856 |            4.8019 |            0.8902
 34895 |     97 | 2020-03-18 20:17:11.5 |       13.1276 |       18.2067 |       10.9021 |            3.9647 |            1.7236 |            4.4033 |            0.8104
 34895 |     98 | 2020-03-18 20:17:21   |       13.1342 |       18.2054 |       11.5504 |             4.199 |            1.8311 |            4.6557 |            0.8647
 34895 |     99 | 2020-03-18 20:17:31   |       13.1035 |        18.199 |        11.685 |             4.266 |             1.838 |             4.715 |             0.866
 34895 |    100 | 2020-03-18 20:17:41   |         13.08 |        18.216 |        12.219 |             4.454 |             1.929 |             4.928 |             0.908
 34895 |    101 | 2020-03-18 20:17:50.5 |       13.1284 |       18.2077 |       12.2306 |            4.4469 |              1.94 |            4.9277 |             0.916
 34895 |    102 | 2020-03-18 20:18:03   |         13.11 |       18.2065 |        11.435 |             4.157 |             1.808 |             4.617 |             0.853
 34895 |    103 | 2020-03-18 20:18:16   |       13.1308 |       18.2063 |       11.2459 |            4.0888 |              1.78 |            4.5384 |            0.8387
 34895 |    104 | 2020-03-18 20:18:26   |       13.1387 |       18.2098 |       11.8639 |            4.3141 |             1.882 |            4.7795 |            0.8883
 34895 |    105 | 2020-03-18 20:18:36   |       13.1302 |       18.2076 |       11.7518 |            4.2723 |            1.8619 |             4.738 |            0.8796
 34895 |    106 | 2020-03-18 20:18:46   |       13.1311 |       18.2048 |       12.1278 |             4.408 |            1.9234 |             4.887 |            0.9094
 34895 |    107 | 2020-03-18 20:18:55.5 |       13.1325 |       18.1873 |       12.1534 |            4.4195 |            1.9267 |            4.8975 |            0.9097
 34895 |    108 | 2020-03-18 20:19:08   |       13.1309 |       18.2078 |       10.5055 |            3.8195 |            1.6608 |             4.247 |            0.7782
 34895 |    109 | 2020-03-18 20:19:21   |       13.1304 |       18.2088 |       11.6313 |            4.2316 |            1.8419 |            4.6885 |            0.8692
 34895 |    110 | 2020-03-18 20:19:31   |         13.05 |       18.2152 |        11.589 |             4.228 |             1.822 |             4.679 |              0.86
 34895 |    111 | 2020-03-18 20:19:41   |       13.1261 |       18.2075 |       11.9535 |            4.3464 |            1.8942 |            4.8175 |            0.8954
 34895 |    112 | 2020-03-18 20:19:51   |        13.134 |         18.21 |        12.362 |             4.495 |             1.962 |             4.978 |             0.927
 34895 |    113 | 2020-03-18 20:20:03.5 |       13.1076 |       18.2052 |       11.1513 |            4.0551 |            1.7601 |            4.5059 |            0.8301
 34895 |    114 | 2020-03-18 20:20:19   |       13.1305 |       18.2037 |        11.402 |             4.147 |             1.805 |             4.599 |             0.851
 34895 |    115 | 2020-03-18 20:20:32   |       13.1232 |       18.2068 |       11.5303 |            4.1933 |            1.8246 |             4.651 |            0.8614
 34895 |    116 | 2020-03-18 20:20:41   |       13.1291 |       18.2071 |       11.9811 |             4.356 |            1.8993 |            4.8287 |            0.8971
 34895 |    117 | 2020-03-18 20:20:49   |       13.1327 |       18.2079 |       12.3231 |            4.4808 |            1.9555 |            4.9629 |            0.9238
 34895 |    118 | 2020-03-18 20:20:57.5 |       13.1291 |       18.2071 |       12.0772 |            4.3895 |            1.9157 |            4.8674 |            0.9046
 34895 |    119 | 2020-03-18 20:21:09   |       13.1303 |       18.2065 |       10.5833 |            3.8474 |             1.673 |            4.2778 |             0.785
 34895 |    120 | 2020-03-18 20:21:21   |       13.1281 |       18.2091 |       11.5912 |             4.224 |            1.8293 |             4.676 |             0.862
 34895 |    121 | 2020-03-18 20:21:31   |       13.1245 |       18.2063 |        11.564 |             4.206 |              1.83 |             4.664 |             0.864
 34895 |    122 | 2020-03-18 20:21:41   |        13.132 |       18.2108 |        12.034 |             4.377 |             1.909 |             4.848 |               0.9
 34895 |    123 | 2020-03-18 20:21:51   |        13.123 |        18.216 |        12.315 |             4.491 |             1.943 |             4.965 |             0.916
 34895 |    124 | 2020-03-18 20:22:04   |       13.1053 |       18.2072 |       10.9992 |            3.9995 |             1.736 |            4.4461 |            0.8176
 34895 |    125 | 2020-03-18 20:22:16.5 |       13.1259 |       18.2059 |       11.0584 |            4.0214 |            1.7493 |            4.4634 |            0.8243
 34895 |    126 | 2020-03-18 20:22:26   |       13.1266 |       18.2119 |       11.5247 |             4.198 |            1.8191 |            4.6495 |            0.8582
 34895 |    127 | 2020-03-18 20:22:36   |       13.1252 |       18.2063 |        11.943 |            4.3504 |             1.887 |            4.8159 |            0.8897
 34895 |    128 | 2020-03-18 20:22:46   |       13.1262 |       18.2064 |        12.022 |            4.3705 |            1.9054 |            4.8457 |            0.9004
 34895 |    129 | 2020-03-18 20:22:55.5 |       13.1124 |       18.2057 |       12.2105 |             4.452 |            1.9269 |            4.9235 |             0.908
 34895 |    130 | 2020-03-18 20:23:08.5 |       13.1293 |       18.2115 |        10.679 |             3.883 |            1.6889 |            4.3142 |            0.7928
 34895 |    131 | 2020-03-18 20:23:22   |       13.1286 |       18.2066 |       11.4382 |            4.1599 |            1.8107 |            4.6129 |            0.8547
 34895 |    132 | 2020-03-18 20:23:31.5 |       13.1295 |       18.2151 |       11.9918 |            4.3616 |            1.9016 |            4.8305 |             0.898
 34895 |    133 | 2020-03-18 20:23:42   |       13.0203 |       18.2038 |       11.8064 |            4.3029 |            1.8615 |            4.7631 |             0.879
 34895 |    134 | 2020-03-18 20:23:55   |       13.1308 |        18.207 |       12.2004 |            4.4341 |            1.9357 |            4.9164 |            0.9142
 34895 |    135 | 2020-03-18 20:24:07   |       13.1188 |       18.2087 |       10.5256 |            3.8277 |            1.6618 |            4.2562 |            0.7798
 34895 |    136 | 2020-03-18 20:24:16.5 |       13.1269 |       18.2062 |       11.0954 |             4.036 |            1.7549 |            4.4777 |            0.8269
 34895 |    137 | 2020-03-18 20:24:26   |       13.1302 |       18.2046 |       11.6661 |            4.2415 |            1.8483 |            4.7041 |            0.8722
 34895 |    138 | 2020-03-18 20:24:36   |       13.1342 |       18.2129 |       11.9758 |            4.3555 |            1.8995 |            4.8242 |            0.8966
 34895 |    139 | 2020-03-18 20:24:46.5 |       13.1268 |       18.2099 |        11.964 |            4.3488 |            1.8965 |            4.8223 |            0.8963
 34895 |    140 | 2020-03-18 20:24:56   |       13.1308 |       18.2054 |       12.2364 |             4.447 |            1.9421 |            4.9305 |            0.9168
 34895 |    141 | 2020-03-18 20:25:09   |        13.134 |       18.2092 |        11.005 |             4.001 |             1.742 |             4.443 |             0.819
 34895 |    142 | 2020-03-18 20:25:21.5 |       13.1287 |       18.2057 |       11.4087 |            4.1503 |             1.806 |            4.6011 |            0.8514
 34895 |    143 | 2020-03-18 20:25:31   |       13.1342 |       18.2088 |       11.9945 |            4.3616 |             1.902 |            4.8319 |             0.899
 34895 |    144 | 2020-03-18 20:25:41.5 |       13.1346 |       18.2099 |       12.0253 |            4.3743 |            1.9073 |            4.8444 |            0.8993
 34895 |    145 | 2020-03-18 20:25:51   |       13.1299 |       18.2065 |       12.1544 |            4.4182 |            1.9282 |            4.8978 |            0.9102
 34895 |    146 | 2020-03-18 20:26:04   |       13.1177 |       18.2047 |       11.0656 |            4.0215 |            1.7493 |            4.4706 |            0.8242
 34895 |    147 | 2020-03-18 20:26:17.5 |       13.1261 |       18.2067 |       11.1479 |            4.0548 |            1.7634 |            4.4991 |            0.8306
 34895 |    148 | 2020-03-18 20:26:27.5 |        13.132 |       18.2076 |       11.7765 |            4.2814 |            1.8675 |            4.7456 |             0.882
 34895 |    149 | 2020-03-18 20:26:37   |        13.108 |       18.2165 |        11.937 |             4.349 |             1.886 |             4.815 |             0.887
 34895 |    150 | 2020-03-18 20:26:47   |       13.1272 |       18.2076 |        12.023 |            4.3708 |            1.9062 |             4.846 |               0.9
 34895 |    151 | 2020-03-18 20:26:56.5 |       13.1324 |       18.2075 |       12.3228 |            4.4783 |            1.9562 |            4.9641 |            0.9243
 34895 |    152 | 2020-03-18 20:27:10   |       13.1148 |       18.2001 |       10.8511 |            3.9529 |            1.7106 |            4.3854 |            0.8022
 34895 |    153 | 2020-03-18 20:27:25.5 |       13.1349 |       18.2078 |       11.6375 |            4.2307 |            1.8442 |            4.6919 |            0.8706
 34895 |    154 | 2020-03-18 20:27:36   |       13.0991 |       18.2007 |       11.8356 |            4.3129 |            1.8686 |            4.7735 |            0.8807
 34895 |    155 | 2020-03-18 20:27:44.5 |       13.1291 |        18.206 |       12.0014 |            4.3633 |            1.9026 |            4.8373 |            0.8983
 34895 |    156 | 2020-03-18 20:27:53   |        13.132 |       18.2065 |        12.274 |             4.461 |             1.948 |             4.945 |              0.92
 34895 |    157 | 2020-03-18 20:28:05   |       13.1219 |       18.2079 |       11.0182 |            4.0053 |            1.7429 |            4.4512 |            0.8188
 34895 |    158 | 2020-03-18 20:28:17.5 |       13.1345 |       18.2085 |       11.3358 |            4.1221 |            1.7961 |            4.5717 |            0.8458
 34895 |    159 | 2020-03-18 20:28:27   |        13.126 |       18.2067 |        11.485 |             4.177 |             1.818 |             4.632 |             0.858
 34895 |    160 | 2020-03-18 20:28:37.5 |        13.131 |       18.2075 |       11.9973 |            4.3623 |             1.902 |            4.8343 |            0.8987
 34895 |    161 | 2020-03-18 20:28:47   |       13.1325 |        18.209 |        12.071 |             4.389 |             1.915 |             4.863 |             0.904
 34895 |    162 | 2020-03-18 20:28:57   |       13.1288 |       18.2061 |       12.0935 |            4.3939 |            1.9183 |            4.8747 |            0.9065
 34895 |    163 | 2020-03-18 20:29:10   |       13.1335 |        18.206 |       10.8861 |            3.9584 |            1.7228 |            4.3961 |            0.8088
 34895 |    164 | 2020-03-18 20:29:23   |       13.1245 |       18.2062 |        11.262 |             4.097 |             1.781 |             4.544 |              0.84
 34895 |    165 | 2020-03-18 20:29:33   |       13.1292 |       18.2069 |       11.7944 |            4.2884 |            1.8688 |            4.7546 |            0.8825
 34895 |    166 | 2020-03-18 20:29:43   |        13.134 |       18.2095 |        12.245 |             4.453 |             1.943 |             4.931 |             0.918
 34895 |    167 | 2020-03-18 20:29:52.5 |       13.1232 |       18.2028 |       11.8859 |            4.3213 |            1.8831 |            4.7926 |             0.889
 34895 |    168 | 2020-03-18 20:30:05   |       13.1129 |       18.2059 |       11.1051 |             4.037 |            1.7554 |            4.4863 |            0.8264
 34895 |    169 | 2020-03-18 20:30:18.5 |       13.1346 |       18.2105 |       11.5762 |            4.2115 |            1.8338 |            4.6666 |            0.8642
 34895 |    170 | 2020-03-18 20:30:28   |       13.1269 |       18.2068 |       11.5511 |            4.2012 |            1.8285 |            4.6583 |             0.863
 34895 |    171 | 2020-03-18 20:30:38   |       13.1325 |       18.2072 |       12.0654 |            4.3872 |            1.9134 |            4.8611 |            0.9037
 34895 |    172 | 2020-03-18 20:30:51.5 |       13.1235 |       18.2052 |       11.9047 |            4.3322 |            1.8848 |            4.7977 |              0.89
 34895 |    173 | 2020-03-18 20:31:04   |        13.119 |       18.2072 |        11.387 |            4.1385 |            1.8021 |             4.597 |            0.8494
 34895 |    174 | 2020-03-18 20:31:13.5 |        13.132 |       18.2079 |       11.2754 |            4.1003 |            1.7853 |             4.549 |            0.8409
 34895 |    175 | 2020-03-18 20:31:24   |       13.1242 |       18.2057 |       11.3291 |            4.1204 |            1.7917 |             4.571 |            0.8459
 34895 |    176 | 2020-03-18 20:31:33.5 |       13.1298 |       18.2052 |       11.8559 |             4.311 |            1.8783 |            4.7787 |            0.8879
 34895 |    177 | 2020-03-18 20:31:43   |       13.1325 |       18.2075 |        12.177 |             4.427 |             1.932 |             4.905 |             0.913
 34895 |    178 | 2020-03-18 20:31:53   |       13.1245 |       18.2065 |       11.9596 |            4.3473 |            1.8957 |            4.8213 |            0.8953
 34895 |    179 | 2020-03-18 20:32:06   |       13.1286 |       18.2084 |       10.8253 |            3.9352 |            1.7132 |             4.373 |            0.8039
 34895 |    180 | 2020-03-18 20:32:19   |        13.128 |        18.216 |        11.289 |             4.121 |             1.775 |             4.559 |             0.834
 34895 |    181 | 2020-03-18 20:32:29   |       13.1286 |       18.2072 |       11.6645 |            4.2428 |            1.8464 |            4.7031 |            0.8721
 34895 |    182 | 2020-03-18 20:32:39   |        13.133 |       18.2082 |        12.129 |             4.411 |             1.924 |             4.885 |             0.909
 34895 |    183 | 2020-03-18 20:32:48.5 |       13.1254 |       18.2052 |       12.0137 |            4.3772 |            1.8969 |             4.846 |            0.8936
 34895 |    184 | 2020-03-18 20:33:01   |       13.1207 |       18.2068 |       12.0753 |            4.3882 |            1.9141 |             4.868 |             0.905
 34895 |    185 | 2020-03-18 20:33:13.5 |       13.1248 |       18.2121 |       11.1856 |            4.0762 |            1.7628 |            4.5171 |            0.8295
 34895 |    186 | 2020-03-18 20:33:24   |       13.1259 |       18.2059 |        11.331 |            4.1203 |            1.7932 |            4.5714 |            0.8462
 34895 |    187 | 2020-03-18 20:33:34   |       13.1317 |       18.2062 |       11.9244 |             4.336 |            1.8904 |            4.8045 |            0.8935
 34895 |    188 | 2020-03-18 20:33:44   |       13.1311 |       18.2052 |       12.0201 |             4.378 |            1.9025 |            4.8418 |            0.8978
 34895 |    189 | 2020-03-18 20:33:54   |       13.1256 |       18.2065 |       11.9948 |            4.3591 |            1.9015 |            4.8355 |            0.8987
 34895 |    190 | 2020-03-18 20:34:07.5 |        13.135 |       18.2103 |       10.6988 |            3.8904 |            1.6937 |            4.3217 |            0.7929
 34895 |    191 | 2020-03-18 20:34:22   |       13.1251 |        18.202 |       11.2612 |            4.0976 |            1.7804 |            4.5434 |            0.8398
 34895 |    192 | 2020-03-18 20:34:32.5 |       13.1308 |       18.2067 |        11.854 |            4.3105 |            1.8787 |            4.7769 |            0.8878
 34895 |    193 | 2020-03-18 20:34:41   |       13.1417 |       18.2094 |       12.0495 |            4.3798 |            1.9127 |            4.8536 |            0.9034
 34895 |    194 | 2020-03-18 20:34:49.5 |       13.0953 |       18.2032 |       11.9416 |            4.3473 |            1.8861 |            4.8171 |            0.8912
 34895 |    195 | 2020-03-18 20:35:01.5 |       13.1196 |       18.2069 |       12.0525 |            4.3806 |            1.9101 |            4.8592 |            0.9026
 34895 |    196 | 2020-03-18 20:35:14.5 |        13.126 |       18.2106 |       11.3748 |            4.1411 |            1.7989 |            4.5902 |            0.8445
 34895 |    197 | 2020-03-18 20:35:25   |       13.1252 |       18.2063 |       11.4226 |            4.1549 |            1.8075 |            4.6071 |            0.8531
 34895 |    198 | 2020-03-18 20:35:35   |       13.1242 |       18.2055 |       11.7704 |            4.2796 |            1.8638 |            4.7463 |            0.8806
 34895 |    199 | 2020-03-18 20:35:44.5 |       13.0443 |       18.1874 |       11.9606 |             4.368 |            1.8784 |            4.8286 |            0.8857
 34895 |    200 | 2020-03-18 20:35:54.5 |       13.1301 |       18.1984 |       12.2378 |             4.452 |            1.9404 |            4.9292 |            0.9161
 34895 |    201 | 2020-03-18 20:36:07   |       13.1158 |       18.2058 |       10.4844 |            3.8125 |            1.6546 |            4.2403 |             0.777
 34895 |    202 | 2020-03-18 20:36:20   |       13.1301 |        18.205 |       11.4336 |            4.1588 |            1.8103 |            4.6112 |            0.8533
 34895 |    203 | 2020-03-18 20:36:30   |       13.1222 |       18.1976 |       11.7471 |            4.2843 |            1.8501 |              4.74 |            0.8727
 34895 |    204 | 2020-03-18 20:36:40   |       13.1278 |       18.2072 |       11.8984 |            4.3271 |            1.8851 |            4.7954 |            0.8908
 34895 |    205 | 2020-03-18 20:36:50   |       13.1313 |       18.2067 |       12.2624 |            4.4567 |            1.9462 |              4.94 |            0.9194
 34895 |    206 | 2020-03-18 20:37:02   |       13.0703 |       18.1896 |       11.8019 |             4.298 |            1.8621 |            4.7626 |            0.8792
 34895 |    207 | 2020-03-18 20:37:15   |        13.133 |       18.2103 |         11.14 |             4.053 |             1.763 |             4.494 |              0.83
 34895 |    208 | 2020-03-18 20:37:25.5 |       13.1324 |       18.2086 |       11.7394 |            4.2708 |            1.8598 |             4.731 |            0.8778
 34895 |    209 | 2020-03-18 20:37:35   |        13.132 |        18.207 |        11.974 |             4.355 |             1.898 |             4.824 |             0.897
 34895 |    210 | 2020-03-18 20:37:47.5 |       13.1252 |       18.2071 |       11.9196 |             4.334 |            1.8887 |            4.8053 |            0.8916
 34895 |    211 | 2020-03-18 20:38:03   |        13.117 |       18.2065 |        11.701 |             4.253 |             1.852 |             4.722 |             0.874
 34895 |    212 | 2020-03-18 20:38:16   |       13.1258 |       18.2114 |       11.2548 |            4.1054 |            1.7713 |            4.5456 |            0.8325
 34895 |    213 | 2020-03-18 20:38:24.5 |        13.127 |       18.2064 |       11.4345 |            4.1587 |            1.8094 |            4.6126 |            0.8538
 34895 |    214 | 2020-03-18 20:38:32.5 |       13.1332 |       18.2032 |       11.8931 |            4.3232 |            1.8858 |            4.7928 |            0.8914
 34895 |    215 | 2020-03-18 20:38:41   |       13.1236 |       18.2049 |       12.1023 |            4.4097 |            1.9131 |            4.8774 |            0.9022
 34895 |    216 | 2020-03-18 20:38:50   |       13.1257 |       18.2082 |       11.9777 |            4.3545 |            1.8985 |             4.828 |            0.8966
 34895 |    217 | 2020-03-18 20:39:02.5 |       13.1183 |       18.2064 |       11.9087 |            4.3285 |            1.8861 |            4.8032 |            0.8909
 34895 |    218 | 2020-03-18 20:39:15.5 |       13.0365 |       18.2134 |       11.1286 |            4.0578 |            1.7507 |            4.4955 |            0.8246
 34895 |    219 | 2020-03-18 20:39:26   |        13.127 |       18.2073 |       11.5734 |            4.2093 |            1.8321 |            4.6664 |            0.8656
 34895 |    220 | 2020-03-18 20:39:35.5 |       13.1322 |       18.2092 |       12.0487 |            4.3837 |            1.9088 |            4.8542 |             0.902
 34895 |    221 | 2020-03-18 20:39:45   |       13.1305 |        18.205 |        12.129 |             4.409 |             1.924 |             4.887 |             0.909
 34895 |    222 | 2020-03-18 20:39:55   |       13.1072 |       18.2009 |       12.2826 |            4.4738 |            1.9416 |            4.9518 |            0.9154
 34895 |    223 | 2020-03-18 20:40:08   |       13.1168 |       18.2065 |        10.484 |            3.8127 |             1.655 |            4.2397 |            0.7766
 34895 |    224 | 2020-03-18 20:40:21   |        13.133 |        18.209 |          11.6 |              4.22 |             1.837 |             4.676 |             0.867
 34895 |    225 | 2020-03-18 20:40:31   |       13.1023 |       18.2009 |       11.6056 |            4.2332 |            1.8291 |            4.6819 |            0.8613
 34895 |    226 | 2020-03-18 20:40:40.5 |       13.1281 |       18.2064 |       11.9337 |            4.3388 |            1.8912 |            4.8102 |            0.8936
 34895 |    227 | 2020-03-18 20:40:50   |       13.1333 |       18.2119 |       12.3285 |            4.4856 |            1.9538 |            4.9662 |            0.9229
 34895 |    228 | 2020-03-18 20:41:02.5 |       13.1234 |        18.206 |       11.6659 |            4.2398 |             1.847 |            4.7071 |             0.872
 34895 |    229 | 2020-03-18 20:41:16.5 |       13.1284 |       18.2065 |       11.1345 |            4.0488 |            1.7609 |            4.4946 |            0.8302
 34895 |    230 | 2020-03-18 20:41:28.5 |       13.1198 |       18.2131 |        11.572 |            4.2227 |            1.8192 |            4.6722 |            0.8579
 34895 |    231 | 2020-03-18 20:41:39   |       13.1278 |       18.2073 |       11.8942 |            4.3254 |            1.8841 |            4.7942 |            0.8904
 34895 |    232 | 2020-03-18 20:41:47.5 |       13.1319 |       18.2093 |       12.2588 |            4.4563 |            1.9458 |            4.9379 |            0.9188
 34895 |    233 | 2020-03-18 20:41:55.5 |       13.1062 |       18.2064 |       12.1502 |            4.4231 |            1.9217 |            4.8995 |            0.9059
 34895 |    234 | 2020-03-18 20:42:08   |       13.1257 |       18.2081 |       10.5601 |            3.8386 |            1.6693 |            4.2694 |            0.7829
 34895 |    235 | 2020-03-18 20:42:21   |       13.1335 |       18.2075 |        11.584 |             4.214 |             1.835 |             4.669 |             0.866
 34895 |    236 | 2020-03-18 20:42:31   |       13.1228 |       18.1894 |       11.4796 |             4.177 |            1.8157 |            4.6303 |            0.8565
 34895 |    237 | 2020-03-18 20:42:41   |       13.1305 |       18.2047 |        12.018 |              4.37 |             1.905 |             4.843 |               0.9
 34895 |    238 | 2020-03-18 20:42:50.5 |       13.1154 |       18.2062 |       12.3702 |            4.5023 |            1.9595 |            4.9837 |            0.9247
 34895 |    239 | 2020-03-18 20:43:02.5 |       13.1288 |       18.2087 |       12.0595 |            4.3825 |            1.9131 |            4.8611 |            0.9029
 34895 |    240 | 2020-03-18 20:43:16   |       13.1304 |       18.2046 |       11.2398 |            4.0871 |            1.7792 |            4.5351 |            0.8383
 34895 |    241 | 2020-03-18 20:43:26.5 |       13.1325 |       18.2092 |       11.7419 |            4.2713 |            1.8605 |             4.732 |            0.8781
 34895 |    242 | 2020-03-18 20:43:36   |       13.1287 |       18.2075 |       11.8208 |            4.2989 |            1.8724 |            4.7647 |            0.8848
 34895 |    243 | 2020-03-18 20:43:45.5 |       13.1327 |       18.2073 |        12.214 |             4.441 |            1.9375 |            4.9195 |            0.9159
 34895 |    244 | 2020-03-18 20:43:55.5 |       13.1264 |       18.2077 |       11.9737 |            4.3528 |            1.8974 |            4.8273 |            0.8962
 34895 |    245 | 2020-03-18 20:44:08   |       13.1262 |       18.2063 |       10.6706 |            3.8796 |            1.6865 |            4.3133 |            0.7912
 34895 |    246 | 2020-03-18 20:44:21   |       13.0855 |       18.1935 |        11.554 |             4.217 |             1.819 |             4.663 |             0.855
 34895 |    247 | 2020-03-18 20:44:31   |       13.1236 |       18.2058 |       11.5617 |            4.2055 |            1.8291 |            4.6631 |             0.864
 34895 |    248 | 2020-03-18 20:44:41.5 |       13.1309 |       18.2062 |       12.0749 |            4.3893 |            1.9147 |            4.8661 |            0.9048
 34895 |    249 | 2020-03-18 20:44:54.5 |       13.1335 |       18.2014 |        12.128 |             4.407 |            1.9258 |            4.8858 |            0.9095
 34895 |    250 | 2020-03-18 20:45:07   |       13.1148 |        18.205 |        10.731 |            3.8999 |            1.6956 |            4.3381 |            0.7973
 34895 |    251 | 2020-03-18 20:45:16.5 |       13.1287 |       18.2045 |       11.1524 |            4.0554 |            1.7647 |            4.5007 |            0.8315
 34895 |    252 | 2020-03-18 20:45:26   |        13.131 |       18.2095 |       11.5483 |            4.2012 |            1.8286 |            4.6557 |            0.8628
 34895 |    253 | 2020-03-18 20:45:36   |       13.1284 |       18.2068 |        11.831 |            4.3025 |            1.8746 |            4.7685 |            0.8854
 34895 |    254 | 2020-03-18 20:45:46   |       13.1326 |        18.209 |       12.2671 |            4.4604 |            1.9457 |            4.9408 |            0.9203
 34895 |    255 | 2020-03-18 20:45:56   |       13.1254 |       18.2075 |       11.9814 |            4.3566 |            1.8989 |            4.8297 |            0.8962
 34895 |    256 | 2020-03-18 20:46:09   |       13.1325 |        18.208 |        10.749 |             3.908 |             1.701 |             4.342 |             0.798
 34895 |    257 | 2020-03-18 20:46:22   |       13.0888 |       18.2143 |       11.6407 |            4.2429 |            1.8375 |            4.6973 |             0.863
 34895 |    258 | 2020-03-18 20:46:31.5 |       13.1251 |       18.2067 |       11.6405 |            4.2328 |             1.843 |            4.6934 |            0.8713
 34895 |    259 | 2020-03-18 20:46:41.5 |       13.1326 |       18.2069 |        12.127 |            4.4093 |            1.9234 |            4.8853 |             0.909
 34895 |    260 | 2020-03-18 20:46:52   |       13.1304 |       18.2148 |       12.1693 |            4.4355 |            1.9209 |            4.9065 |            0.9064
 34895 |    261 | 2020-03-18 20:47:05   |       13.1085 |       18.2067 |        11.019 |             4.006 |              1.74 |             4.453 |              0.82
 34895 |    262 | 2020-03-18 20:47:17.5 |       13.1336 |       18.2091 |       11.3719 |            4.1362 |            1.8008 |            4.5866 |            0.8484
 34895 |    263 | 2020-03-18 20:47:27   |       13.1276 |       18.2014 |       11.5141 |            4.1881 |            1.8224 |            4.6434 |            0.8603
 34895 |    264 | 2020-03-18 20:47:37   |       13.1322 |       18.2099 |       12.0147 |            4.3695 |            1.9048 |            4.8404 |            0.9001
 34895 |    265 | 2020-03-18 20:47:47   |        13.128 |        18.207 |        12.017 |             4.369 |             1.905 |             4.843 |               0.9
 34895 |    266 | 2020-03-18 20:47:57.5 |       13.1267 |       18.2067 |       12.0773 |            4.3899 |            1.9153 |            4.8675 |            0.9046
 34895 |    267 | 2020-03-18 20:48:10.5 |       13.1227 |       18.2057 |       10.5413 |            3.8334 |            1.6646 |            4.2618 |            0.7814
 34895 |    268 | 2020-03-18 20:48:25   |       13.1304 |       18.2048 |       11.6039 |            4.2202 |            1.8373 |            4.6793 |            0.8671
 34895 |    269 | 2020-03-18 20:48:36.5 |       13.1009 |       18.2076 |         11.87 |            4.3306 |            1.8681 |            4.7891 |            0.8822
 34895 |    270 | 2020-03-18 20:48:45   |        13.125 |       18.2063 |       11.8783 |            4.3188 |            1.8818 |            4.7893 |            0.8884
 34895 |    271 | 2020-03-18 20:48:53.5 |       13.1302 |        18.207 |       12.2131 |            4.4392 |            1.9372 |            4.9209 |            0.9158
 34895 |    272 | 2020-03-18 20:49:05.5 |       13.1105 |       18.2062 |       10.7672 |            3.9148 |            1.6994 |            4.3532 |            0.7998
 34895 |    273 | 2020-03-18 20:49:18   |       13.1274 |       18.2077 |       11.1687 |            4.0624 |            1.7664 |            4.5076 |            0.8323
 34895 |    274 | 2020-03-18 20:49:27.5 |       13.1327 |       18.2078 |       11.7917 |            4.2892 |            1.8685 |            4.7519 |            0.8822
 34895 |    275 | 2020-03-18 20:49:37.5 |       13.1272 |        18.208 |       11.7442 |            4.2714 |            1.8598 |             4.735 |            0.8779
 34895 |    276 | 2020-03-18 20:49:47   |       13.1261 |       18.2065 |       11.9253 |            4.3356 |            1.8898 |             4.807 |            0.8929
 34895 |    277 | 2020-03-18 20:49:57   |       13.1375 |       18.2093 |       12.4297 |            4.5189 |            1.9741 |            5.0058 |            0.9308
 34895 |    278 | 2020-03-18 20:50:10   |       13.1356 |       18.2094 |       10.5714 |            3.8448 |            1.6719 |            4.2718 |            0.7829
 34895 |    279 | 2020-03-18 20:50:23   |       13.1282 |       18.2053 |       11.4633 |            4.1688 |            1.8145 |            4.6237 |            0.8562
 34895 |    280 | 2020-03-18 20:50:32.5 |       13.1134 |       18.2149 |       11.9464 |            4.3517 |            1.8887 |            4.8166 |            0.8894
 34895 |    281 | 2020-03-18 20:50:43   |       13.1265 |       18.2065 |        11.914 |             4.332 |             1.888 |             4.802 |             0.892
 34895 |    282 | 2020-03-18 20:50:52.5 |       13.1315 |       18.2067 |       12.2717 |            4.4614 |             1.947 |            4.9435 |            0.9199
 34895 |    283 | 2020-03-18 20:51:05   |       13.1124 |        18.206 |       11.0322 |            4.0108 |             1.743 |            4.4582 |            0.8202
 34895 |    284 | 2020-03-18 20:51:18   |       13.1286 |        18.206 |       11.2251 |             4.083 |             1.776 |            4.5287 |            0.8374
 34895 |    285 | 2020-03-18 20:51:28   |        13.132 |       18.2072 |        11.771 |             4.281 |             1.865 |             4.744 |             0.881
 34895 |    286 | 2020-03-18 20:51:38.5 |       13.1233 |       18.2071 |       11.7653 |            4.2797 |            1.8621 |            4.7442 |            0.8793
 34895 |    287 | 2020-03-18 20:51:51.5 |       13.1312 |       18.2067 |       12.2677 |              4.46 |            1.9461 |            4.9417 |            0.9199
 34895 |    288 | 2020-03-18 20:52:03   |        13.122 |       18.2067 |        11.942 |             4.341 |             1.892 |             4.816 |             0.893
 34895 |    289 | 2020-03-18 20:52:12.5 |       13.1279 |       18.2061 |       10.8696 |             3.953 |            1.7185 |            4.3901 |             0.808
 34895 |    290 | 2020-03-18 20:52:23   |       13.1315 |       18.2065 |        11.585 |             4.213 |             1.835 |             4.671 |             0.866
 34895 |    291 | 2020-03-18 20:52:33   |       13.1338 |        18.211 |       11.8027 |            4.2937 |            1.8709 |            4.7561 |             0.882
 34895 |    292 | 2020-03-18 20:52:43   |        13.128 |       18.2062 |        11.952 |             4.346 |             1.894 |             4.817 |             0.895
 34895 |    293 | 2020-03-18 20:52:53   |       13.1353 |       18.2063 |       12.4262 |            4.5191 |            1.9713 |            5.0044 |            0.9314
 34895 |    294 | 2020-03-18 20:53:05.5 |       13.1133 |       18.2089 |       11.0739 |            4.0249 |            1.7514 |            4.4733 |            0.8242
 34895 |    295 | 2020-03-18 20:53:18   |       13.1292 |       18.2045 |       11.2689 |            4.0984 |            1.7831 |            4.5468 |            0.8406
 34895 |    296 | 2020-03-18 20:53:28   |        13.131 |       18.2083 |        11.752 |            4.2751 |            1.8618 |             4.736 |            0.8791
 34895 |    297 | 2020-03-18 20:53:38   |       13.1324 |       18.2076 |       12.0997 |            4.4008 |            1.9187 |            4.8739 |            0.9063
 34895 |    298 | 2020-03-18 20:53:48   |       13.0878 |       18.1972 |       11.9851 |            4.3701 |            1.8896 |            4.8346 |            0.8909
 34895 |    299 | 2020-03-18 20:53:58   |       13.1286 |       18.2047 |       12.2635 |            4.4576 |            1.9459 |            4.9416 |            0.9183
 34895 |    300 | 2020-03-18 20:54:10.5 |       13.1321 |       18.2098 |       10.7352 |            3.9089 |            1.6948 |            4.3378 |            0.7936
 34895 |    301 | 2020-03-18 20:54:23   |       13.1266 |       18.2082 |       11.2482 |            4.0967 |            1.7748 |             4.539 |            0.8376
 34895 |    302 | 2020-03-18 20:54:33   |        13.131 |       18.2052 |        11.862 |             4.313 |              1.88 |             4.781 |             0.888
 34895 |    303 | 2020-03-18 20:54:43   |       13.1329 |       18.2125 |       12.1622 |            4.4251 |            1.9276 |               4.9 |            0.9095
 34895 |    304 | 2020-03-18 20:54:53   |        13.127 |       18.2065 |        12.056 |             4.382 |             1.911 |              4.86 |             0.903
 34895 |    305 | 2020-03-18 20:55:06   |        13.109 |       18.2055 |        11.021 |             4.007 |              1.74 |             4.454 |              0.82
 34895 |    306 | 2020-03-18 20:55:22.5 |       13.1344 |       18.2108 |         11.23 |            4.0823 |            1.7792 |            4.5297 |            0.8388
 34895 |    307 | 2020-03-18 20:55:35   |       13.1305 |       18.2031 |       11.8799 |            4.3182 |            1.8837 |            4.7877 |            0.8903
 34895 |    308 | 2020-03-18 20:55:43   |       13.0804 |       18.2067 |       12.1021 |             4.419 |            1.9008 |            4.8849 |            0.8974
 34895 |    309 | 2020-03-18 20:55:51.5 |       13.1393 |       18.2104 |       11.9165 |            4.3299 |            1.8898 |            4.8043 |            0.8925
 34895 |    310 | 2020-03-18 20:55:59.5 |       13.1352 |        18.207 |       12.4295 |            4.5168 |            1.9741 |            5.0059 |            0.9327
 34895 |    311 | 2020-03-18 20:56:11   |       13.1245 |       18.2123 |       10.6838 |            3.8892 |             1.687 |            4.3173 |            0.7904
 34895 |    312 | 2020-03-18 20:56:23.5 |       13.1249 |       18.2066 |       11.3484 |            4.1273 |            1.7948 |            4.5794 |            0.8469
 34895 |    313 | 2020-03-18 20:56:33   |       13.1315 |       18.2062 |        11.904 |             4.329 |             1.887 |             4.797 |             0.891
 34895 |    314 | 2020-03-18 20:56:43   |       13.1006 |       18.2197 |       12.1839 |            4.4419 |            1.9239 |            4.9126 |            0.9055
 34895 |    315 | 2020-03-18 20:56:53   |       13.1266 |       18.2061 |       12.0018 |            4.3614 |            1.9027 |            4.8382 |            0.8996
 34895 |    316 | 2020-03-18 20:57:06   |       13.1101 |       18.2068 |       10.9185 |            3.9703 |             1.724 |            4.4125 |            0.8116
 34895 |    317 | 2020-03-18 20:57:19   |        13.132 |        18.207 |        11.424 |             4.155 |             1.809 |             4.607 |             0.853
 34895 |    318 | 2020-03-18 20:57:28.5 |       13.1296 |       18.2042 |        11.681 |            4.2477 |            1.8499 |            4.7098 |            0.8736
 34895 |    319 | 2020-03-18 20:57:38.5 |       13.1206 |       18.2053 |       12.0674 |            4.3904 |            1.9114 |            4.8623 |            0.9032
 34895 |    320 | 2020-03-18 20:57:48   |        13.133 |       18.2101 |       11.8959 |            4.3252 |            1.8853 |            4.7951 |            0.8903
 34895 |    321 | 2020-03-18 20:57:58   |       13.1313 |       18.2038 |       12.3047 |            4.4716 |            1.9522 |            4.9582 |            0.9227
 34895 |    322 | 2020-03-18 20:58:11   |       13.1316 |       18.2096 |        10.684 |            3.8948 |            1.6828 |            4.3204 |             0.786
 34895 |    323 | 2020-03-18 20:58:24   |       13.1273 |        18.207 |       11.3913 |             4.143 |            1.8025 |            4.5944 |            0.8514
 34895 |    324 | 2020-03-18 20:58:34   |       13.1315 |       18.2057 |        11.879 |              4.32 |             1.882 |             4.788 |             0.889
 34895 |    325 | 2020-03-18 20:58:47.5 |       13.1237 |       18.2061 |       11.8811 |            4.3194 |            1.8818 |            4.7903 |            0.8895
 34895 |    326 | 2020-03-18 20:59:00.5 |       13.1317 |       18.2064 |       12.3107 |            4.4741 |            1.9543 |            4.9594 |             0.923
 34895 |    327 | 2020-03-18 20:59:10   |        13.133 |       18.2108 |        10.597 |             3.854 |             1.676 |             4.282 |             0.785
 34895 |    328 | 2020-03-18 20:59:19.5 |       13.1264 |       18.2103 |       11.1858 |            4.0789 |            1.7615 |            4.5176 |            0.8279
 34895 |    329 | 2020-03-18 20:59:29   |         13.13 |        18.205 |       11.6786 |            4.2476 |            1.8493 |            4.7086 |            0.8731
 34895 |    330 | 2020-03-18 20:59:39   |       13.1322 |        18.205 |       11.9635 |            4.3489 |            1.8975 |            4.8203 |            0.8968
 34895 |    331 | 2020-03-18 20:59:49   |       13.1235 |       18.2084 |       11.9386 |            4.3444 |            1.8881 |            4.8143 |            0.8918
 34895 |    332 | 2020-03-18 20:59:58.5 |       13.1302 |       18.2036 |        12.246 |            4.4494 |            1.9432 |            4.9347 |            0.9186
 34895 |    333 | 2020-03-18 21:00:11   |        13.136 |       18.2079 |       10.6427 |            3.8683 |            1.6848 |            4.2998 |            0.7898
 34895 |    334 | 2020-03-18 21:00:24   |         13.13 |       18.2047 |       11.3399 |             4.123 |            1.7957 |            4.5736 |            0.8477
 34895 |    335 | 2020-03-18 21:00:34.5 |       13.1259 |        18.208 |       11.9379 |            4.3409 |            1.8924 |            4.8108 |            0.8938
 34895 |    336 | 2020-03-18 21:00:44   |       13.1283 |       18.2054 |       11.9309 |            4.3454 |            1.8838 |            4.8119 |            0.8898
 34895 |    337 | 2020-03-18 21:00:54   |        13.127 |       18.2067 |        12.079 |             4.391 |             1.915 |             4.868 |             0.905
 34895 |    338 | 2020-03-18 21:01:07   |       13.1062 |       18.2012 |       10.9007 |            3.9656 |            1.7196 |            4.4061 |            0.8095
 34895 |    339 | 2020-03-18 21:01:20   |       13.1249 |       18.2053 |       11.1004 |            4.0382 |            1.7547 |            4.4807 |            0.8268
 34895 |    340 | 2020-03-18 21:01:29.5 |       13.1305 |       18.2058 |       11.7239 |            4.2639 |             1.857 |            4.7258 |            0.8771
 34895 |    341 | 2020-03-18 21:01:39   |        13.134 |       18.2087 |       12.0862 |             4.396 |            1.9163 |            4.8681 |            0.9058
 34895 |    342 | 2020-03-18 21:01:49   |        13.125 |       18.2068 |       11.9229 |            4.3349 |            1.8891 |            4.8067 |            0.8923
 34895 |    343 | 2020-03-18 21:01:59   |       13.1303 |        18.205 |       12.3096 |            4.4739 |            1.9539 |            4.9595 |            0.9224
 34895 |    344 | 2020-03-18 21:02:12   |       13.0891 |       18.2003 |        10.556 |            3.8562 |            1.6525 |            4.2739 |            0.7733
 34895 |    345 | 2020-03-18 21:02:26   |       13.1295 |       18.2067 |        11.527 |             4.193 |             1.825 |             4.648 |             0.861
 34895 |    346 | 2020-03-18 21:02:36   |       13.1316 |       18.2071 |       12.0043 |            4.3654 |            1.9031 |            4.8362 |            0.8997
 34895 |    347 | 2020-03-18 21:02:44.5 |       13.1286 |       18.2081 |       11.8888 |            4.3233 |            1.8838 |            4.7922 |            0.8894
 34895 |    348 | 2020-03-18 21:02:54   |        13.129 |       18.2067 |        12.165 |             4.422 |              1.93 |             4.901 |             0.912
 34895 |    349 | 2020-03-18 21:03:07   |       13.1076 |       18.2062 |       10.9246 |             3.972 |            1.7251 |            4.4152 |            0.8123
 34895 |    350 | 2020-03-18 21:03:19.5 |       13.1251 |       18.2062 |       11.0309 |            4.0119 |             1.744 |            4.4533 |            0.8217
 34895 |    351 | 2020-03-18 21:03:29   |       13.1297 |       18.2064 |       11.7329 |            4.2682 |            1.8585 |            4.7293 |            0.8769
 34895 |    352 | 2020-03-18 21:03:39   |       13.0944 |        18.202 |       11.8921 |            4.3373 |            1.8732 |            4.7986 |             0.883
 34895 |    353 | 2020-03-18 21:03:49   |       13.1275 |       18.2059 |       12.0159 |             4.369 |            1.9046 |            4.8427 |            0.8997
 34895 |    354 | 2020-03-18 21:03:59   |       13.1331 |       18.2061 |       12.3656 |            4.4939 |            1.9637 |            4.9809 |            0.9271
 34895 |    355 | 2020-03-18 21:04:12   |       13.1271 |       18.2037 |       10.4643 |            3.8105 |            1.6497 |            4.2303 |            0.7738
 34895 |    356 | 2020-03-18 21:04:25   |       13.1299 |       18.2046 |       11.5291 |            4.1925 |            1.8253 |              4.65 |            0.8613
 34895 |    357 | 2020-03-18 21:04:34.5 |       13.1331 |       18.2088 |       11.9628 |            4.3513 |            1.8961 |            4.8194 |             0.896
 34895 |    358 | 2020-03-18 21:04:44   |       13.1243 |       18.2063 |       11.7998 |            4.2902 |            1.8687 |            4.7574 |            0.8835
 34895 |    359 | 2020-03-18 21:04:54   |       13.1305 |       18.2055 |        12.222 |             4.442 |             1.939 |             4.925 |             0.916
 34895 |    360 | 2020-03-18 21:05:07   |       13.1068 |       18.2058 |       10.9312 |            3.9753 |             1.726 |            4.4179 |             0.812
 34895 |    361 | 2020-03-18 21:05:20   |       13.1059 |       18.1977 |       11.2207 |            4.0909 |            1.7681 |            4.5305 |            0.8312
 34895 |    362 | 2020-03-18 21:05:29.5 |        13.131 |       18.2066 |       11.7719 |            4.2822 |            1.8652 |            4.7437 |            0.8807
 34895 |    363 | 2020-03-18 21:05:39.5 |       13.1283 |       18.2056 |       11.9006 |            4.3279 |            1.8859 |            4.7959 |             0.891
 34895 |    364 | 2020-03-18 21:05:53   |       13.1296 |       18.2041 |       12.1834 |            4.4286 |            1.9326 |            4.9093 |            0.9129
 34895 |    365 | 2020-03-18 21:06:05   |       13.1111 |       18.2065 |       11.6526 |             4.236 |            1.8437 |            4.7028 |            0.8701
 34895 |    366 | 2020-03-18 21:06:14.5 |       13.1249 |       18.2063 |       10.8218 |            3.9351 |            1.7109 |            4.3712 |            0.8045
 34895 |    367 | 2020-03-18 21:06:25   |       13.1302 |       18.2057 |       11.5858 |            4.2144 |            1.8349 |             4.671 |            0.8656
 34895 |    368 | 2020-03-18 21:06:35   |       13.0991 |        18.195 |       11.8451 |            4.3239 |            1.8626 |            4.7805 |            0.8781
 34895 |    369 | 2020-03-18 21:06:44.5 |       13.1255 |       18.2069 |       11.8663 |            4.3133 |            1.8814 |            4.7832 |            0.8884
 34895 |    370 | 2020-03-18 21:06:54   |        13.131 |       18.2052 |        12.222 |             4.442 |             1.939 |             4.925 |             0.916
 34895 |    371 | 2020-03-18 21:07:07   |       13.1097 |       18.2071 |       10.9726 |             3.989 |             1.733 |            4.4351 |            0.8157
 34895 |    372 | 2020-03-18 21:07:20   |       13.1325 |       18.2092 |        11.266 |             4.099 |             1.783 |             4.544 |              0.84
 34895 |    373 | 2020-03-18 21:07:30   |       13.1335 |       18.2105 |        11.886 |             4.324 |             1.884 |             4.789 |             0.889
 34895 |    374 | 2020-03-18 21:07:39.5 |       13.1324 |       18.2075 |       12.0337 |            4.3764 |            1.9082 |             4.848 |            0.9012
 34895 |    375 | 2020-03-18 21:07:49   |        13.132 |       18.2067 |       12.2138 |              4.44 |            1.9374 |            4.9206 |            0.9158
 34895 |    376 | 2020-03-18 21:07:59.5 |       13.1295 |       18.2077 |       12.2204 |            4.4419 |            1.9385 |            4.9239 |            0.9161
 34895 |    377 | 2020-03-18 21:08:12.5 |       13.1331 |       18.2066 |        11.003 |            4.0007 |            1.7415 |            4.4429 |            0.8179
 34895 |    378 | 2020-03-18 21:08:25   |       13.1235 |       18.2058 |       11.2464 |            4.0908 |            1.7775 |            4.5387 |            0.8394
 34895 |    379 | 2020-03-18 21:08:35   |       13.1294 |       18.2035 |       11.8195 |            4.2974 |            1.8724 |            4.7648 |            0.8848
 34895 |    380 | 2020-03-18 21:08:45   |       13.1333 |       18.2092 |       12.1854 |            4.4311 |            1.9325 |            4.9082 |            0.9136
 34895 |    381 | 2020-03-18 21:08:55   |       13.1252 |       18.2063 |       12.0133 |            4.3671 |             1.904 |            4.8421 |            0.9001
 34895 |    382 | 2020-03-18 21:09:08.5 |       13.1124 |       18.2066 |        10.492 |            3.8152 |            1.6546 |            4.2445 |            0.7778
 34895 |    383 | 2020-03-18 21:09:24   |        13.124 |        18.206 |        11.226 |             4.084 |             1.775 |              4.53 |             0.837
 34895 |    384 | 2020-03-18 21:09:35   |       13.1304 |       18.2057 |       11.8686 |            4.3163 |            1.8804 |            4.7836 |            0.8883
 34895 |    385 | 2020-03-18 21:09:43   |       13.1335 |       18.2096 |       12.1902 |            4.4336 |            1.9339 |            4.9095 |            0.9133
 34895 |    386 | 2020-03-18 21:09:51   |       13.1261 |       18.2069 |       11.9888 |            4.3584 |            1.9001 |            4.8322 |             0.898
 34895 |    387 | 2020-03-18 21:09:59.5 |       13.1285 |       18.2068 |        12.164 |            4.4209 |             1.929 |            4.9025 |            0.9116
 34895 |    388 | 2020-03-18 21:10:14.5 |       13.1258 |       18.2062 |       10.8493 |             3.946 |             1.715 |            4.3817 |            0.8065
 34895 |    389 | 2020-03-18 21:10:25   |       13.1283 |       18.2049 |        11.582 |            4.2128 |            1.8338 |            4.6698 |            0.8656
 34895 |    390 | 2020-03-18 21:10:35   |       13.0521 |       18.2145 |       11.6852 |            4.2613 |            1.8394 |            4.7155 |            0.8689
 34895 |    391 | 2020-03-18 21:10:45   |       13.1258 |        18.207 |       11.9305 |            4.3381 |            1.8904 |            4.8092 |            0.8928
 34895 |    392 | 2020-03-18 21:10:55   |       13.1334 |       18.2098 |       12.3392 |            4.4855 |            1.9581 |            4.9698 |            0.9258
 34895 |    393 | 2020-03-18 21:11:08   |       13.1169 |       18.2062 |       10.8092 |            3.9302 |            1.7075 |            4.3688 |            0.8028
 34895 |    394 | 2020-03-18 21:11:20.5 |       13.1311 |        18.206 |       11.3107 |            4.1123 |            1.7911 |             4.562 |            0.8453
 34895 |    395 | 2020-03-18 21:11:30   |        13.133 |       18.2105 |        11.668 |             4.245 |             1.848 |             4.703 |             0.872
 34895 |    396 | 2020-03-18 21:11:40   |       13.1325 |       18.2078 |        12.061 |             4.386 |             1.912 |             4.859 |             0.904
 34895 |    397 | 2020-03-18 21:11:50   |        13.132 |        18.208 |        12.233 |             4.448 |             1.941 |             4.927 |             0.917
 34895 |    398 | 2020-03-18 21:12:00   |       13.1348 |       18.2043 |       12.2442 |            4.4544 |            1.9417 |            4.9319 |            0.9162
 34895 |    399 | 2020-03-18 21:12:13   |       13.1299 |        18.207 |       10.7452 |            3.9067 |            1.6993 |            4.3409 |            0.7983
 34895 |    400 | 2020-03-18 21:12:26.5 |       13.1168 |       18.2126 |       11.7648 |            4.2856 |            1.8593 |            4.7447 |            0.8751
 34895 |    401 | 2020-03-18 21:12:36   |       13.1238 |       18.2058 |       11.6288 |            4.2298 |            1.8404 |            4.6894 |            0.8692
 34895 |    402 | 2020-03-18 21:12:46.5 |       13.1308 |       18.2053 |       12.1208 |            4.4071 |            1.9218 |            4.8836 |            0.9084
 34895 |    403 | 2020-03-18 21:13:01.5 |        13.126 |       18.1989 |       12.0165 |            4.3674 |            1.9049 |            4.8449 |            0.8993
 34895 |    404 | 2020-03-18 21:13:14   |       13.1275 |       18.2057 |        10.852 |             3.946 |             1.716 |             4.383 |             0.807
 34895 |    405 | 2020-03-18 21:13:22.5 |       13.1353 |       18.2097 |       11.5733 |            4.2104 |            1.8331 |            4.6656 |            0.8642
 34895 |    406 | 2020-03-18 21:13:31.5 |       13.0967 |       18.1945 |       11.5361 |            4.2066 |            1.8171 |            4.6557 |            0.8567
 34895 |    407 | 2020-03-18 21:13:40.5 |       13.1267 |       18.2042 |       11.8668 |            4.3148 |            1.8806 |            4.7835 |            0.8879
 34895 |    408 | 2020-03-18 21:13:50   |        13.132 |       18.2067 |        12.213 |              4.44 |             1.938 |              4.92 |             0.915
 34895 |    409 | 2020-03-18 21:14:00.5 |       13.1285 |       18.1865 |       12.0864 |            4.3966 |            1.9157 |            4.8697 |            0.9045
 34895 |    410 | 2020-03-18 21:14:13.5 |       13.1266 |       18.2057 |       10.7271 |            3.9008 |            1.6955 |            4.3341 |            0.7966
 34895 |    411 | 2020-03-18 21:14:26   |        13.133 |       18.2105 |        11.522 |             4.192 |             1.825 |             4.645 |              0.86
 34895 |    412 | 2020-03-18 21:14:35.5 |       13.1278 |       18.2069 |       11.7083 |            4.2567 |            1.8547 |            4.7209 |            0.8759
 34895 |    413 | 2020-03-18 21:14:45   |       13.1319 |       18.2068 |       12.1212 |            4.4071 |            1.9223 |            4.8831 |            0.9087
 34895 |    414 | 2020-03-18 21:14:55   |       13.1309 |       18.2107 |       12.1111 |            4.4076 |            1.9173 |            4.8816 |            0.9045
 34895 |    415 | 2020-03-18 21:15:08   |        13.119 |       18.2051 |       10.8896 |             3.959 |            1.7205 |            4.4011 |             0.809
 34895 |    416 | 2020-03-18 21:15:21   |       13.1336 |       18.2075 |       11.4936 |            4.1798 |            1.8209 |            4.6337 |            0.8593
 34895 |    417 | 2020-03-18 21:15:31   |        13.127 |       18.2134 |       11.6703 |            4.2558 |            1.8399 |            4.7083 |            0.8662
 34895 |    418 | 2020-03-18 21:15:40.5 |       13.1261 |       18.2061 |       11.9057 |              4.33 |            1.8853 |            4.7997 |            0.8907
 34895 |    419 | 2020-03-18 21:15:50   |       13.0615 |       18.2107 |        12.113 |             4.416 |             1.909 |             4.887 |             0.901
 34895 |    420 | 2020-03-18 21:16:00   |       13.1249 |       18.2055 |        12.026 |            4.3691 |            1.9079 |            4.8482 |            0.9008
 34895 |    421 | 2020-03-18 21:16:13.5 |       13.1324 |       18.2068 |       10.9444 |            3.9792 |            1.7319 |             4.419 |            0.8144
 34895 |    422 | 2020-03-18 21:16:27   |       13.1228 |       18.2057 |       11.2822 |             4.104 |            1.7836 |            4.5522 |            0.8424
 34895 |    423 | 2020-03-18 21:16:36.5 |        13.125 |       18.2058 |        11.655 |            4.2383 |             1.845 |            4.7002 |            0.8715
 34895 |    424 | 2020-03-18 21:16:46   |        13.133 |        18.208 |        12.175 |             4.427 |             1.931 |             4.905 |             0.912
 34895 |    425 | 2020-03-18 21:16:55.5 |       13.0928 |       18.1922 |       12.0503 |            4.3936 |             1.901 |            4.8609 |            0.8949
 34895 |    426 | 2020-03-18 21:17:08   |       13.1228 |       18.2069 |       11.0418 |            4.0137 |            1.7465 |            4.4607 |             0.821
 34895 |    427 | 2020-03-18 21:17:21   |       13.1338 |       18.2094 |       11.3281 |            4.1213 |            1.7936 |            4.5687 |            0.8445
 34895 |    428 | 2020-03-18 21:17:31   |       13.1275 |        18.207 |       11.5795 |            4.2119 |            1.8334 |             4.669 |            0.8651
 34895 |    429 | 2020-03-18 21:17:40.5 |       13.1312 |       18.2071 |       12.0463 |            4.3804 |            1.9102 |            4.8525 |            0.9033
 34895 |    430 | 2020-03-18 21:17:50.5 |       13.1322 |       18.2099 |       12.0878 |            4.3976 |            1.9167 |            4.8701 |            0.9034
 34895 |    431 | 2020-03-18 21:18:02   |        13.126 |        18.206 |        12.082 |             4.391 |             1.916 |              4.87 |             0.905
 34895 |    432 | 2020-03-18 21:18:15   |        13.137 |       18.2081 |       11.1835 |            4.0661 |            1.7711 |            4.5128 |            0.8334
 34895 |    433 | 2020-03-18 21:18:26   |        13.125 |       18.2065 |        11.292 |             4.108 |             1.786 |             4.556 |             0.842
 34895 |    434 | 2020-03-18 21:18:36   |       13.1301 |       18.2062 |       11.8138 |            4.2968 |            1.8719 |            4.7608 |            0.8843
 34895 |    435 | 2020-03-18 21:18:46   |        13.132 |       18.2087 |        11.998 |             4.363 |             1.902 |             4.835 |             0.898
 34895 |    436 | 2020-03-18 21:18:55.5 |       13.1351 |       18.2084 |       11.9861 |            4.3556 |            1.9015 |            4.8313 |            0.8978
 34895 |    437 | 2020-03-18 21:19:08   |       13.1235 |       18.2088 |        11.132 |            4.0468 |            1.7623 |            4.4953 |            0.8275
 34895 |    438 | 2020-03-18 21:19:21   |       13.1257 |       18.2074 |       11.0697 |            4.0271 |            1.7504 |             4.468 |            0.8243
 34895 |    439 | 2020-03-18 21:19:31   |       13.1288 |       18.2062 |       11.6386 |            4.2335 |            1.8425 |            4.6926 |              0.87
 34895 |    440 | 2020-03-18 21:19:41.5 |       13.1339 |       18.2098 |       12.1658 |            4.4254 |            1.9288 |            4.9001 |            0.9114
 34895 |    441 | 2020-03-18 21:19:54   |       13.1265 |       18.2072 |        11.997 |             4.362 |             1.901 |             4.836 |             0.898
 34895 |    442 | 2020-03-18 21:20:05.5 |       13.1068 |       18.2043 |       11.6941 |            4.2531 |            1.8494 |            4.7189 |            0.8728
 34895 |    443 | 2020-03-18 21:20:15.5 |       13.1344 |       18.2089 |       11.2621 |            4.0958 |            1.7833 |            4.5439 |            0.8392
 34895 |    444 | 2020-03-18 21:20:26   |        13.126 |       18.2062 |        11.339 |             4.124 |             1.794 |             4.575 |             0.846
 34895 |    445 | 2020-03-18 21:20:36   |       13.1297 |        18.206 |       11.8311 |            4.3023 |            1.8748 |            4.7689 |            0.8851
 34895 |    446 | 2020-03-18 21:20:46   |        13.135 |       18.2102 |        12.059 |             4.387 |             1.913 |             4.858 |             0.901
 34895 |    447 | 2020-03-18 21:20:56   |       13.1277 |       18.2067 |       12.0844 |            4.3927 |            1.9165 |            4.8705 |            0.9046
 34895 |    448 | 2020-03-18 21:21:08.5 |       13.1268 |       18.2081 |        10.815 |            3.9321 |            1.7106 |            4.3698 |            0.8025
 34895 |    449 | 2020-03-18 21:21:21   |       13.1268 |       18.2075 |       11.1037 |            4.0398 |            1.7558 |            4.4814 |            0.8267
 34895 |    450 | 2020-03-18 21:21:31   |       13.1294 |       18.2058 |       11.6739 |            4.2458 |            1.8489 |            4.7061 |             0.873
 34895 |    451 | 2020-03-18 21:21:41   |       13.1362 |       18.1838 |        11.946 |             4.349 |             1.888 |            4.8166 |            0.8924
 34895 |    452 | 2020-03-18 21:21:51.5 |       13.1316 |       18.2043 |       11.9198 |            4.3315 |            1.8894 |            4.8054 |            0.8934
 34895 |    453 | 2020-03-18 21:22:04   |       13.1231 |       18.2059 |       12.1624 |            4.4202 |            1.9284 |            4.9031 |            0.9107
 34895 |    454 | 2020-03-18 21:22:16.5 |       13.1237 |       18.2141 |       11.1075 |            4.0515 |            1.7472 |            4.4875 |            0.8214
 34895 |    455 | 2020-03-18 21:22:27   |       13.1283 |       18.2056 |       11.4844 |            4.1775 |            1.8171 |            4.6318 |             0.858
 34895 |    456 | 2020-03-18 21:22:37   |       13.1286 |       18.2068 |       11.9567 |            4.3484 |            1.8946 |            4.8178 |            0.8959
 34895 |    457 | 2020-03-18 21:22:46.5 |       13.0136 |       18.2018 |        11.806 |            4.3048 |            1.8593 |            4.7636 |            0.8783
 34895 |    458 | 2020-03-18 21:22:56   |       13.1252 |       18.2063 |       12.1388 |            4.4123 |            1.9248 |             4.892 |            0.9098
 34895 |    459 | 2020-03-18 21:23:09.5 |       13.1297 |       18.2097 |       10.5435 |             3.833 |            1.6672 |            4.2632 |            0.7802
 34895 |    460 | 2020-03-18 21:23:25   |       13.1335 |       18.2057 |       11.3786 |            4.1378 |            1.8016 |            4.5895 |            0.8497
 34895 |    461 | 2020-03-18 21:23:35.5 |       13.1324 |       18.2066 |       11.9354 |              4.34 |             1.892 |            4.8094 |             0.894
 34895 |    462 | 2020-03-18 21:23:43.5 |       13.1341 |       18.2102 |       11.9878 |              4.36 |            1.9009 |            4.8296 |            0.8973
 34895 |    463 | 2020-03-18 21:23:52   |       13.1263 |       18.2066 |        11.973 |            4.3523 |            1.8974 |            4.8265 |            0.8967
 34895 |    464 | 2020-03-18 21:24:03.5 |       13.1257 |       18.2066 |       12.1967 |            4.4324 |            1.9343 |            4.9159 |            0.9141
 34895 |    465 | 2020-03-18 21:24:16.5 |       13.1275 |       18.2071 |       10.9176 |            3.9705 |            1.7263 |            4.4082 |            0.8125
 34895 |    466 | 2020-03-18 21:24:27.5 |       13.1291 |       18.2056 |       11.5335 |            4.1947 |            1.8258 |            4.6514 |            0.8616
 34895 |    467 | 2020-03-18 21:24:37   |       13.1328 |         18.21 |       12.0731 |            4.3919 |            1.9143 |            4.8624 |            0.9044
 34895 |    468 | 2020-03-18 21:24:47   |       13.1237 |       18.2059 |       11.8016 |            4.2906 |            1.8687 |             4.759 |            0.8833
 34895 |    469 | 2020-03-18 21:24:56.5 |       13.1288 |       18.2061 |       12.1298 |            4.4083 |             1.924 |            4.8885 |             0.909
 34895 |    470 | 2020-03-18 21:25:09   |       13.0763 |        18.214 |       10.6788 |            3.8909 |            1.6802 |            4.3234 |            0.7842
 34895 |    471 | 2020-03-18 21:25:22   |       13.1275 |       18.2065 |        11.217 |              4.08 |             1.774 |             4.527 |             0.836
 34895 |    472 | 2020-03-18 21:25:32   |       13.1317 |       18.2062 |        11.799 |            4.2907 |            1.8693 |            4.7558 |            0.8831
 34895 |    473 | 2020-03-18 21:25:42   |       13.1335 |       18.2097 |        11.953 |             4.348 |             1.895 |             4.815 |             0.895
 34895 |    474 | 2020-03-18 21:25:51.5 |       13.1282 |       18.2068 |       12.0219 |            4.3707 |            1.9058 |            4.8454 |            0.8999
 34895 |    475 | 2020-03-18 21:26:03.5 |       13.1292 |        18.206 |       12.3027 |            4.4709 |             1.952 |            4.9575 |            0.9224
 34895 |    476 | 2020-03-18 21:26:16.5 |       13.1267 |       18.1996 |       10.8784 |            3.9582 |            1.7184 |             4.393 |            0.8089
 34895 |    477 | 2020-03-18 21:26:27   |       13.1303 |       18.2069 |       11.5567 |            4.2029 |            1.8303 |            4.6598 |            0.8637
 34895 |    478 | 2020-03-18 21:26:37   |       13.1336 |       18.2091 |        11.877 |             4.319 |            1.8834 |            4.7856 |            0.8889
 34895 |    479 | 2020-03-18 21:26:51.5 |       13.1281 |       18.2067 |        12.041 |             4.377 |            1.9086 |            4.8533 |             0.902
 34895 |    480 | 2020-03-18 21:27:04   |        13.129 |       18.2081 |       12.3412 |            4.4859 |            1.9581 |            4.9722 |             0.925
 34895 |    481 | 2020-03-18 21:27:12.5 |       13.1165 |       18.2081 |       10.5284 |            3.8374 |            1.6553 |            4.2613 |            0.7744
 34895 |    482 | 2020-03-18 21:27:22.5 |       13.1292 |       18.2066 |       11.3009 |            4.1104 |            1.7882 |            4.5594 |            0.8429
 34895 |    483 | 2020-03-18 21:27:32.5 |       13.1326 |       18.2068 |       11.8615 |            4.3138 |            1.8801 |            4.7797 |            0.8879
 34895 |    484 | 2020-03-18 21:27:42   |        13.124 |       18.1902 |        11.698 |             4.259 |              1.85 |             4.715 |             0.874
 34895 |    485 | 2020-03-18 21:27:52   |       13.1288 |       18.2048 |       12.0782 |            4.3901 |            1.9151 |             4.868 |             0.905
 34895 |    486 | 2020-03-18 21:28:04   |       13.1293 |       18.2064 |       12.3224 |            4.4783 |            1.9553 |            4.9651 |            0.9237
 34895 |    487 | 2020-03-18 21:28:16.5 |       13.1282 |       18.2067 |       10.9242 |            3.9733 |            1.7271 |            4.4109 |             0.813
 34895 |    488 | 2020-03-18 21:28:27   |       13.1314 |       18.2051 |       11.5886 |            4.2145 |            1.8358 |            4.6719 |            0.8664
 34895 |    489 | 2020-03-18 21:28:37.5 |       13.1341 |       18.2104 |       11.8944 |            4.3268 |            1.8856 |            4.7923 |            0.8898
 34895 |    490 | 2020-03-18 21:28:47.5 |       13.1277 |       18.2062 |       11.9655 |            4.3498 |            1.8965 |            4.8229 |            0.8963
 34895 |    491 | 2020-03-18 21:28:57   |       13.1319 |       18.2073 |       12.3061 |            4.4729 |            1.9531 |            4.9574 |            0.9227
 34895 |    492 | 2020-03-18 21:29:10   |        13.109 |       18.2067 |        10.218 |             3.716 |              1.61 |             4.137 |             0.755
 34895 |    493 | 2020-03-18 21:29:22.5 |       13.1293 |       18.2073 |       11.3197 |            4.1172 |            1.7915 |            4.5664 |            0.8446
 34895 |    494 | 2020-03-18 21:29:32   |        13.132 |       18.2135 |       11.8029 |            4.2994 |            1.8626 |            4.7606 |            0.8803
 34895 |    495 | 2020-03-18 21:29:42   |       13.1255 |       18.2065 |        11.739 |             4.269 |             1.859 |             4.733 |             0.878
 34895 |    496 | 2020-03-18 21:29:55.5 |       13.1312 |       18.2054 |       12.2366 |            4.4471 |            1.9421 |            4.9303 |            0.9171
(497 rows)

